string[64]	dword	dword	string[64]	string[64]	string[64]	string[64]	dword	dword	dword	dword	dword	dword	dword	dword	float	float	dword	float	dword	dword	dword	dword	dword	dword	float	dword	dword	float	float	string[64]	dword	dword	dword	dword	dword	dword	float	dword	float	dword	dword	dword	dword	dword	dword	dword	dword	dword	dword	dword	dword	dword	dword	dword	string[64]	dword	dword	dword	END
Code	IsExist	Type	Model	Mesh	Name	Civil	Lv	LvLim	UpLvLim	ExpertLim	ExpTimeSec	IsDisjointable	UpKeepTimeMin	Icon	ReactionDst	AttGap	Attack_DP	GADst	IsSetTarget	AttSklUnit	GAMinAF	GAMaxAF	GAMinSelProb	GAMaxSelProb	MaxHP	DefSklUnit	DefFc	DefGap	DefFacing	EffCode	Property	Fire	Water	Soil	Wind	Eff1Code	Eff1Unit	Eff2COde	Eff2Unit	Duration	Money	StdPrice	StdPoint	GoldPoint	KillPoint	ProcPoint	StorePrice	IsDismantle	IsSell	IsExchange	IsGround	IsStore	IsNormAcc	IsUpgrade	ToolTip	AttEffType	DefEffType	IsTime	
tr00001	1	0	A30F00	A100	Взрывчатое вещество	11111	30	30	-1	10	10	0	60	1	15	0	0	30	0	99	1197	1323	40	50	1	1	1000	0,5	0,5	-1	-1	0	0	0	0	-1	-1	-1	-1	0	0	1500	0	0	0	0	75	1	1	1	1	1	1	0	ttr00001	-1	-1	0	
tr00002	1	0	A30F00	A100	Улучшенный Заряд	11111	40	40	-1	10	10	0	60	1	25	0	0	50	0	299	5501	6080	40	40	1	1	1000	0,5	0,5	-1	-1	0	0	0	0	-1	-1	-1	-1	0	0	1500	0	0	0	0	75	1	0	0	0	1	1	0	ttr00002	-1	-1	0	
tr00003	1	0	A30F00	A100	Эпохальный Заряд	11111	50	45	-1	10	10	0	60	1	25	0	0	40	0	299	22116	24444	40	50	1	1	1000	0,5	0,5	-1	-1	0	0	0	0	-1	-1	-1	-1	0	0	5000	0	0	0	0	250	1	1	1	1	1	1	0	ttr00003	-1	-1	0	
tr00004	1	0	A30F00	A100	Противопехотная мина	11111	55	47	-1	10	10	0	60	1	15	0	0	20	0	299	42627	47114	40	50	1	1	1000	0,5	0,5	-1	-1	0	0	0	0	-1	-1	-1	-1	0	0	10000	0	0	0	0	500	1	1	1	1	1	1	0	ttr00004	-1	-1	0	
tr00005	1	0	A30F00	A100	Мина-Ловушка	11111	60	50	-1	10	10	0	60	1	15	0	0	20	0	299	80567	89048	40	50	1	1	1000	0,5	0,5	-1	-1	0	0	0	0	-1	-1	-1	-1	0	0	50000	0	0	0	0	2500	1	1	1	1	1	1	0	ttr00005	-1	-1	0	
tr00006	1	0	A30F00	A100	Плазменная Мина	11111	61	53	-1	10	10	0	60	1	15	0	0	30	0	299	90545	100076	40	50	1	1	1000	0,5	0,5	-1	-1	0	0	0	0	-1	-1	-1	-1	0	0	60000	0	0	0	0	3000	1	1	1	1	1	1	0	ttr00006	-1	-1	0	
tr00007	1	0	A30F00	A100	Улучшенная плазменная Мина	11111	62	55	-1	10	10	0	60	1	15	0	0	30	0	299	103270	114141	40	50	1	1	1000	0,5	0,5	-1	-1	0	0	0	0	-1	-1	-1	-1	0	0	70000	0	0	0	0	3500	1	1	1	1	1	1	0	ttr00007	-1	-1	0	
tr00008	1	0	A30F00	A100	Огненная Мина	11111	63	57	-1	10	10	0	60	1	20	0	0	30	0	299	116288	128528	40	50	1	1	1000	0,5	0,5	-1	-1	0	0	0	0	-1	-1	-1	-1	0	0	100000	0	0	0	0	5000	1	1	1	1	1	1	0	ttr00008	-1	-1	0	
tr00009	1	0	A30F00	A100	Улучшенная Огненная Мина	11111	64	60	-1	10	10	0	60	1	25	0	0	30	0	299	132102	146008	40	50	1	1	1000	0,5	0,5	-1	-1	0	0	0	0	-1	-1	-1	-1	0	0	150000	0	0	0	0	7500	1	1	1	1	1	1	0	ttr00009	-1	-1	0	
tr00010	1	0	A30F00	A100	Ядерная Мина	11111	65	63	-1	10	10	0	60	1	20	0	0	30	0	299	148246	163851	40	50	1	1	1000	0,5	0,5	-1	-1	0	0	0	0	-1	-1	-1	-1	0	0	200000	0	0	0	0	10000	1	1	1	1	1	1	0	ttr00010	-1	-1	0	
tr00011	1	0	A30F0A	A10A	Огненная мина	11111	35	35	-1	10	10	0	60	2	25	0	0	100	0	299	11058	12222	40	70	1	1	1000	0,5	0,5	-1	0	0	0	0	0	-1	-1	-1	-1	0	0	2500	0	0	0	0	125	1	1	1	1	1	1	0	ttr00011	-1	-1	0	
tr00012	1	0	A30F0A	A10A	Мина-Ловушка Т1	11111	60	50	-1	10	10	0	60	1	15	0	0	20	0	299	84807	93288	40	50	1	1	1000	0,5	0,5	-1	-1	0	0	0	0	-1	-1	-1	-1	0	0	500	0	0	0	0	25	1	1	1	1	1	1	0	ttr00012	-1	-1	0	
tr00013	1	0	A30F0A	A10A	Мина-Ловушка Т2	11111	60	50	-1	10	10	0	60	1	15	0	0	20	0	299	93288	101769	40	50	1	1	1000	0,5	0,5	-1	-1	0	0	0	0	-1	-1	-1	-1	0	0	500	0	0	0	0	25	1	1	1	1	1	1	0	ttr00013	-1	-1	0	
tr00014	1	0	A30F0A	A10A	Плазменная Мина Т1	11111	61	53	-1	10	10	0	60	1	15	0	0	30	0	299	95311	104842	40	50	1	1	1000	0,5	0,5	-1	-1	0	0	0	0	-1	-1	-1	-1	0	0	600	0	0	0	0	30	1	1	1	1	1	1	0	ttr00014	-1	-1	0	
tr00015	1	0	A30F0A	A10A	Плазменная Мина Т2	11111	61	53	-1	10	10	0	60	1	15	0	0	30	0	299	104842	114373	40	50	1	1	1000	0,5	0,5	-1	-1	0	0	0	0	-1	-1	-1	-1	0	0	600	0	0	0	0	30	1	1	1	1	1	1	0	ttr00015	-1	-1	0	
tr00016	1	0	A30F0A	A10A	Усиленная Плазменная Мина Т1	11111	62	55	-1	10	10	0	60	1	15	0	0	30	0	299	108705	119576	40	50	1	1	1000	0,5	0,5	-1	-1	0	0	0	0	-1	-1	-1	-1	0	0	700	0	0	0	0	35	1	1	1	1	1	1	0	ttr00016	-1	-1	0	
tr00017	1	0	A30F0A	A10A	Усиленная Плазменная Мина Т2	11111	62	55	-1	10	10	0	60	1	15	0	0	30	0	299	119576	130446	40	50	1	1	1000	0,5	0,5	-1	-1	0	0	0	0	-1	-1	-1	-1	0	0	700	0	0	0	0	35	1	1	1	1	1	1	0	ttr00017	-1	-1	0	
tr00018	1	0	A30F00	A100	Улучшенная Ядерная Мина	11111	66	65	-1	10	10	0	60	1	25	0	0	30	0	299	168835	186607	40	50	1	1	1000	0,5	0,5	-1	-1	0	0	0	0	-1	-1	-1	-1	0	0	250000	0	0	0	0	12500	1	1	1	1	1	1	0	ttr00018	-1	-1	0	
tr00019	1	0	A30F0A	A10A	Ловушка(B)	11111	35	35	-1	10	10	0	60	2	15	0	0	30	0	199	2488	2750	40	50	1	1	1000	0,5	0,5	-1	0	0	0	0	0	-1	-1	-1	-1	0	0	2500	0	0	0	0	125	1	1	1	1	1	1	0	ttr00019	-1	-1	0	
tr00020	1	0	A30F0A	A10A	Ловушка(B)	11111	35	35	-1	10	10	0	60	2	15	0	0	30	0	199	2488	2750	40	50	1	1	1000	0,5	0,5	-1	0	0	0	0	0	-1	-1	-1	-1	0	0	2500	0	0	0	0	125	1	1	1	1	1	1	0	ttr00020	-1	-1	0	
tr00021	1	0	A30F14	A114	Водяная мина	11111	35	35	-1	10	10	0	60	3	25	0	0	100	0	299	11058	12222	40	70	1	1	1000	0,5	0,5	-1	1	0	0	0	0	-1	-1	-1	-1	0	0	2500	0	0	0	0	125	1	1	1	1	1	1	0	ttr00021	-1	-1	0	
tr00022	1	0	A30F14	A114	Ловушка(B)	11111	35	35	-1	10	10	0	60	3	15	0	0	30	0	199	2488	2750	40	50	1	1	1000	0,5	0,5	-1	1	0	0	0	0	-1	-1	-1	-1	0	0	2500	0	0	0	0	125	1	1	1	1	1	1	0	ttr00022	-1	-1	0	
tr00023	1	0	A30F14	A114	Ловушка(B)	11111	35	35	-1	10	10	0	60	3	15	0	0	30	0	199	2488	2750	40	50	1	1	1000	0,5	0,5	-1	1	0	0	0	0	-1	-1	-1	-1	0	0	2500	0	0	0	0	125	1	1	1	1	1	1	0	ttr00023	-1	-1	0	
tr00024	1	0	A30F14	A114	Ловушка(B)	11111	35	35	-1	10	10	0	60	3	15	0	0	30	0	199	2488	2750	40	50	1	1	1000	0,5	0,5	-1	1	0	0	0	0	-1	-1	-1	-1	0	0	2500	0	0	0	0	125	1	1	1	1	1	1	0	ttr00024	-1	-1	0	
tr00025	1	0	A30F14	A114	Ловушка(B)	11111	35	35	-1	10	10	0	60	3	15	0	0	30	0	199	2488	2750	40	50	1	1	1000	0,5	0,5	-1	1	0	0	0	0	-1	-1	-1	-1	0	0	2500	0	0	0	0	125	1	1	1	1	1	1	0	ttr00025	-1	-1	0	
tr00026	1	0	A30F14	A114	Ловушка(B)	11111	35	35	-1	10	10	0	60	3	15	0	0	30	0	199	2488	2750	40	50	1	1	1000	0,5	0,5	-1	1	0	0	0	0	-1	-1	-1	-1	0	0	2500	0	0	0	0	125	1	1	1	1	1	1	0	ttr00026	-1	-1	0	
tr00027	1	0	A30F14	A114	Ловушка(B)	11111	35	35	-1	10	10	0	60	3	15	0	0	30	0	199	2488	2750	40	50	1	1	1000	0,5	0,5	-1	1	0	0	0	0	-1	-1	-1	-1	0	0	2500	0	0	0	0	125	1	1	1	1	1	1	0	ttr00027	-1	-1	0	
tr00028	1	0	A30F14	A114	Ловушка(B)	11111	35	35	-1	10	10	0	60	3	15	0	0	30	0	199	2488	2750	40	50	1	1	1000	0,5	0,5	-1	1	0	0	0	0	-1	-1	-1	-1	0	0	2500	0	0	0	0	125	1	1	1	1	1	1	0	ttr00028	-1	-1	0	
tr00029	1	0	A30F14	A114	Ловушка(B)	11111	35	35	-1	10	10	0	60	3	15	0	0	30	0	199	2488	2750	40	50	1	1	1000	0,5	0,5	-1	1	0	0	0	0	-1	-1	-1	-1	0	0	2500	0	0	0	0	125	1	1	1	1	1	1	0	ttr00029	-1	-1	0	
tr00030	1	0	A30F14	A114	Ловушка(B)	11111	35	35	-1	10	10	0	60	3	15	0	0	30	0	199	2488	2750	40	50	1	1	1000	0,5	0,5	-1	1	0	0	0	0	-1	-1	-1	-1	0	0	2500	0	0	0	0	125	1	1	1	1	1	1	0	ttr00030	-1	-1	0	
tr00031	1	0	A30F1E	A11E	Земляная мина	11111	35	35	-1	10	10	0	60	4	25	0	0	100	0	299	11058	12222	40	70	1	1	1000	0,5	0,5	-1	2	0	0	0	0	-1	-1	-1	-1	0	0	2500	0	0	0	0	125	1	1	1	1	1	1	0	ttr00031	-1	-1	0	
tr00032	1	0	A30F1E	A11E	Ловушка(B)	11111	35	35	-1	10	10	0	60	4	15	0	0	30	0	199	2488	2750	40	50	1	1	1000	0,5	0,5	-1	2	0	0	0	0	-1	-1	-1	-1	0	0	2500	0	0	0	0	125	1	1	1	1	1	1	0	ttr00032	-1	-1	0	
tr00033	1	0	A30F1E	A11E	Ловушка(B)	11111	35	35	-1	10	10	0	60	4	15	0	0	30	0	199	2488	2750	40	50	1	1	1000	0,5	0,5	-1	2	0	0	0	0	-1	-1	-1	-1	0	0	2500	0	0	0	0	125	1	1	1	1	1	1	0	ttr00033	-1	-1	0	
tr00034	1	0	A30F1E	A11E	Ловушка(B)	11111	35	35	-1	10	10	0	60	4	15	0	0	30	0	199	2488	2750	40	50	1	1	1000	0,5	0,5	-1	2	0	0	0	0	-1	-1	-1	-1	0	0	2500	0	0	0	0	125	1	1	1	1	1	1	0	ttr00034	-1	-1	0	
tr00035	1	0	A30F1E	A11E	Ловушка(B)	11111	35	35	-1	10	10	0	60	4	15	0	0	30	0	199	2488	2750	40	50	1	1	1000	0,5	0,5	-1	2	0	0	0	0	-1	-1	-1	-1	0	0	2500	0	0	0	0	125	1	1	1	1	1	1	0	ttr00035	-1	-1	0	
tr00036	1	0	A30F1E	A11E	Ловушка(B)	11111	35	35	-1	10	10	0	60	4	15	0	0	30	0	199	2488	2750	40	50	1	1	1000	0,5	0,5	-1	2	0	0	0	0	-1	-1	-1	-1	0	0	2500	0	0	0	0	125	1	1	1	1	1	1	0	ttr00036	-1	-1	0	
tr00037	1	0	A30F1E	A11E	Ловушка(B)	11111	35	35	-1	10	10	0	60	4	15	0	0	30	0	199	2488	2750	40	50	1	1	1000	0,5	0,5	-1	2	0	0	0	0	-1	-1	-1	-1	0	0	2500	0	0	0	0	125	1	1	1	1	1	1	0	ttr00037	-1	-1	0	
tr00038	1	0	A30F1E	A11E	Ловушка(B)	11111	35	35	-1	10	10	0	60	4	15	0	0	30	0	199	2488	2750	40	50	1	1	1000	0,5	0,5	-1	2	0	0	0	0	-1	-1	-1	-1	0	0	2500	0	0	0	0	125	1	1	1	1	1	1	0	ttr00038	-1	-1	0	
tr00039	1	0	A30F1E	A11E	Ловушка(B)	11111	35	35	-1	10	10	0	60	4	15	0	0	30	0	199	2488	2750	40	50	1	1	1000	0,5	0,5	-1	2	0	0	0	0	-1	-1	-1	-1	0	0	2500	0	0	0	0	125	1	1	1	1	1	1	0	ttr00039	-1	-1	0	
tr00040	1	0	A30F1E	A11E	Ловушка(B)	11111	35	35	-1	10	10	0	60	4	15	0	0	30	0	199	2488	2750	40	50	1	1	1000	0,5	0,5	-1	2	0	0	0	0	-1	-1	-1	-1	0	0	2500	0	0	0	0	125	1	1	1	1	1	1	0	ttr00040	-1	-1	0	
tr00041	1	0	A30F28	A128	Ветряная мина	11111	35	35	-1	10	10	0	60	5	25	0	0	100	0	299	11058	12222	40	70	1	1	1000	0,5	0,5	-1	3	0	0	0	0	-1	-1	-1	-1	0	0	2500	0	0	0	0	125	1	1	1	1	1	1	0	ttr00041	-1	-1	0	
tr00042	1	0	A30F28	A128	Ловушка(B)	11111	35	35	-1	10	10	0	60	5	15	0	0	30	0	199	2488	2750	40	50	1	1	1000	0,5	0,5	-1	3	0	0	0	0	-1	-1	-1	-1	0	0	2500	0	0	0	0	125	1	1	1	1	1	1	0	ttr00042	-1	-1	0	
tr00043	1	0	A30F28	A128	Ловушка(B)	11111	35	35	-1	10	10	0	60	5	15	0	0	30	0	199	2488	2750	40	50	1	1	1000	0,5	0,5	-1	3	0	0	0	0	-1	-1	-1	-1	0	0	2500	0	0	0	0	125	1	1	1	1	1	1	0	ttr00043	-1	-1	0	
tr00044	1	0	A30F28	A128	Ловушка(B)	11111	35	35	-1	10	10	0	60	5	15	0	0	30	0	199	2488	2750	40	50	1	1	1000	0,5	0,5	-1	3	0	0	0	0	-1	-1	-1	-1	0	0	2500	0	0	0	0	125	1	1	1	1	1	1	0	ttr00044	-1	-1	0	
tr00045	1	0	A30F28	A128	Ловушка(B)	11111	35	35	-1	10	10	0	60	5	15	0	0	30	0	199	2488	2750	40	50	1	1	1000	0,5	0,5	-1	3	0	0	0	0	-1	-1	-1	-1	0	0	2500	0	0	0	0	125	1	1	1	1	1	1	0	ttr00045	-1	-1	0	
tr00046	1	0	A30F28	A128	Ловушка(B)	11111	35	35	-1	10	10	0	60	5	15	0	0	30	0	199	2488	2750	40	50	1	1	1000	0,5	0,5	-1	3	0	0	0	0	-1	-1	-1	-1	0	0	2500	0	0	0	0	125	1	1	1	1	1	1	0	ttr00046	-1	-1	0	
tr00047	1	0	A30F28	A128	Ловушка(B)	11111	35	35	-1	10	10	0	60	5	15	0	0	30	0	199	2488	2750	40	50	1	1	1000	0,5	0,5	-1	3	0	0	0	0	-1	-1	-1	-1	0	0	2500	0	0	0	0	125	1	1	1	1	1	1	0	ttr00047	-1	-1	0	
tr00048	1	0	A30F28	A128	Ловушка(B)	11111	35	35	-1	10	10	0	60	5	15	0	0	30	0	199	2488	2750	40	50	1	1	1000	0,5	0,5	-1	3	0	0	0	0	-1	-1	-1	-1	0	0	2500	0	0	0	0	125	1	1	1	1	1	1	0	ttr00048	-1	-1	0	
tr00049	1	0	A30F28	A128	Ловушка(B)	11111	35	35	-1	10	10	0	60	5	15	0	0	30	0	199	2488	2750	40	50	1	1	1000	0,5	0,5	-1	3	0	0	0	0	-1	-1	-1	-1	0	0	2500	0	0	0	0	125	1	1	1	1	1	1	0	ttr00049	-1	-1	0	
tr00050	1	0	A30F28	A128	Ловушка(B)	11111	35	35	-1	10	10	0	60	5	15	0	0	30	0	199	2488	2750	40	50	1	1	1000	0,5	0,5	-1	3	0	0	0	0	-1	-1	-1	-1	0	0	2500	0	0	0	0	125	1	1	1	1	1	1	0	ttr00050	-1	-1	0	
trnew00	1	1	A30F28	A128	Ядерная ракета	11000	35	35	-1	10	30	0	1800	6	500	0	0	500	0	199	70000	80000	40	50	1	1	1000	0,5	0,5	17	3	0	0	0	0	-1	-1	-1	-1	0	0	10000000	0	0	0	0	500000	1	1	1	0	1	1	0	ttrnew00	-1	-1	0	
trnew01	1	1	A30F28	A128	Ядерная ракета	00110	35	35	-1	10	30	0	1800	7	500	0	0	500	0	199	70000	80000	40	50	1	1	1000	0,5	0,5	17	3	0	0	0	0	-1	-1	-1	-1	0	0	10000000	0	0	0	0	500000	1	1	1	0	1	1	0	ttrnew01	-1	-1	0	
trnew02	1	1	A30F28	A128	Ядерная ракета	00001	35	35	-1	10	30	0	1800	8	500	0	0	500	0	199	70000	80000	40	50	1	1	1000	0,5	0,5	17	3	0	0	0	0	-1	-1	-1	-1	0	0	10000000	0	0	0	0	500000	1	1	1	0	1	1	0	ttrnew02	-1	-1	0	
