string[64]	string[64]	dword	dword	float	float	float	float	float	float	float	float	float	float	float	float	float	float	float	float	float	float	float	float	float	float	float	float	float	float	float	float	float	float	float	float	float	float	float	float	float	float	float	dword	float	float	dword	dword	string[64]	dword	float	float	float	float	float	float	float	float	float	float	float	float	float	float	float	float	float	float	float	float	float	float	float	float	float	float	END
Code	strName[64]	nRace	bWarType	fTarDecType	fLevel	fExt	fAttFcStd	fMinAFSelProb	fMaxAFSelProb	fAttSklUnit	fDefSklUnit	fWeakPart	fStdDefFc	fFireTol	fWaterTol	fSoilTol	fWindTol	fAttTechID1	fAttTech1UseProb	fAttTechID2	fAttTech2UseProb	fAttTechID3	fAttTech3UseProb	fAttTechMinAFProb	fAttTechMinAF	fAttTechMaxAFProb	fAttTechMaxAF	fPSecTechID	fMSecTechID	fMaxHP	fHPRecDelay	fHPRecUnit	fAttSpd	fAttMoTime1	fAttMoTime2	fViewExt	fAttExt	fMRefExt	fCopTime	fMovSpd	fWarMovSpd	fScaleRate	bScaleChange	fWidth	fWaitTime	nAsitReqRate	nAsitAptRate	strChildMon[64]	nChildMonNum	fEmoType	fDamHPStd	fEmoImpStdTime	fGoodToOrdHPPer	fOrdToBadHPPer	fBadToWorseHPPer	fEspTFProb	fTypeCompTerms	fPSecTechChat	fPAttTechChat	fEmo0Chat	fEmo0ChatProb	fEmo1Chat	fEmo1ChatProb	fEmo2Chat	fEmo2ChatProb	fEmo3Chat	fEmo3ChatProb	fEmo4Chat	fEmo4ChatProb	fAsitReqSteEspChat	fAsitReqSteEspChatProb	fAsitReqSteHelpChat	fAsitReqSteHelpChatProb	fAsitReqSteCopChat	fAsitReqSteCopChatProb	
03000	Оружейник	0	0	0	50	3238665	19744,23633	30	65	149	149	0	1555	0	0	0	0	0	0	0	0	0	0	0	0	0	0	0	0	2621	44	1310	2034	1000	1000	300	25	300	5000	1	1,5	100	0	20	3000	0	0	0	0	3	4,170000076	30000	90	60	30	0	0	0	0	0	0	0	0	0	0	0	0	0	0	0	0	0	0	0	0	
03001	Оружейник	0	0	0	50	3238665	19744,23633	30	65	149	149	0	1555	0	0	0	0	0	0	0	0	0	0	0	0	0	0	0	0	2621	44	1310	2034	1000	1000	300	25	300	5000	1	1,5	100	0	20	3000	0	0	0	0	3	4,170000076	30000	90	60	30	0	0	0	0	0	0	0	0	0	0	0	0	0	0	0	0	0	0	0	0	
03002	Оружейник	0	0	0	50	3238665	19744,23633	30	65	149	149	0	1555	0	0	0	0	0	0	0	0	0	0	0	0	0	0	0	0	2621	44	1310	2034	1000	1000	300	25	300	5000	1	1,5	100	0	20	3000	0	0	0	0	3	4,170000076	30000	90	60	30	0	0	0	0	0	0	0	0	0	0	0	0	0	0	0	0	0	0	0	0	
03010	Алхимик	0	0	0	50	3238665	19744,23633	30	65	149	149	0	1555	0	0	0	0	0	0	0	0	0	0	0	0	0	0	0	0	2621	44	1310	2034	1000	1000	300	25	300	5000	1	1,5	100	0	20	3000	0	0	0	0	3	4,170000076	30000	90	60	30	0	0	0	0	0	0	0	0	0	0	0	0	0	0	0	0	0	0	0	0	
03011	Алхимик	0	0	0	50	3238665	19744,23633	30	65	149	149	0	1555	0	0	0	0	0	0	0	0	0	0	0	0	0	0	0	0	2621	44	1310	2034	1000	1000	300	25	300	5000	1	1,5	100	0	20	3000	0	0	0	0	3	4,170000076	30000	90	60	30	0	0	0	0	0	0	0	0	0	0	0	0	0	0	0	0	0	0	0	0	
03012	Алхимик	0	0	0	50	3238665	19744,23633	30	65	149	149	0	1555	0	0	0	0	0	0	0	0	0	0	0	0	0	0	0	0	2621	44	1310	2034	1000	1000	300	25	300	5000	1	1,5	100	0	20	3000	0	0	0	0	3	4,170000076	30000	90	60	30	0	0	0	0	0	0	0	0	0	0	0	0	0	0	0	0	0	0	0	0	
03020	Кузнец	0	0	0	50	3238665	19744,23633	30	65	149	149	0	1555	0	0	0	0	0	0	0	0	0	0	0	0	0	0	0	0	2621	44	1310	2034	1000	1000	300	25	300	5000	1	1,5	100	0	20	3000	0	0	0	0	3	4,170000076	30000	90	60	30	0	0	0	0	0	0	0	0	0	0	0	0	0	0	0	0	0	0	0	0	
03021	Торговец Броней	0	0	0	50	3238665	19744,23633	30	65	149	149	0	1555	0	0	0	0	0	0	0	0	0	0	0	0	0	0	0	0	2621	44	1310	2034	1000	1000	300	25	300	5000	1	1,5	100	0	20	3000	0	0	0	0	3	4,170000076	30000	90	60	30	0	0	0	0	0	0	0	0	0	0	0	0	0	0	0	0	0	0	0	0	
03022	Кузнец	0	0	0	50	3238665	19744,23633	30	65	149	149	0	1555	0	0	0	0	0	0	0	0	0	0	0	0	0	0	0	0	2621	44	1310	2034	1000	1000	300	25	300	5000	1	1,5	100	0	20	3000	0	0	0	0	3	4,170000076	30000	90	60	30	0	0	0	0	0	0	0	0	0	0	0	0	0	0	0	0	0	0	0	0	
03040	Поставщик MAU	0	0	0	50	3238665	19744,23633	30	65	149	149	0	1555	0	0	0	0	0	0	0	0	0	0	0	0	0	0	0	0	2621	44	1310	2034	1000	1000	300	25	300	5000	1	1,5	100	0	20	3000	0	0	0	0	3	4,170000076	30000	90	60	30	0	0	0	0	0	0	0	0	0	0	0	0	0	0	0	0	0	0	0	0	
03050	Кладовщик	0	0	0	50	3238665	19744,23633	30	65	149	149	0	1555	0	0	0	0	0	0	0	0	0	0	0	0	0	0	0	0	2621	44	1310	2034	1000	1000	300	25	300	5000	1	1,5	100	0	20	3000	0	0	0	0	3	4,170000076	30000	90	60	30	0	0	0	0	0	0	0	0	0	0	0	0	0	0	0	0	0	0	0	0	
03060	Торговец	0	0	0	50	3238665	19744,23633	30	65	149	149	0	1555	0	0	0	0	0	0	0	0	0	0	0	0	0	0	0	0	2621	44	1310	2034	1000	1000	300	25	300	5000	1	1,5	100	0	20	3000	0	0	0	0	3	4,170000076	30000	90	60	30	0	0	0	0	0	0	0	0	0	0	0	0	0	0	0	0	0	0	0	0	
030A0	Банкир	0	0	0	50	3238665	19744,23633	30	65	149	149	0	1555	0	0	0	0	0	0	0	0	0	0	0	0	0	0	0	0	2621	44	1310	2034	1000	1000	300	25	300	5000	1	1,5	100	0	20	3000	0	0	0	0	3	4,170000076	30000	90	60	30	0	0	0	0	0	0	0	0	0	0	0	0	0	0	0	0	0	0	0	0	
030F0	Командующий	0	0	0	50	3238665	19744,23633	30	65	149	149	0	1555	0	0	0	0	0	0	0	0	0	0	0	0	0	0	0	0	2621	44	1310	2034	1000	1000	300	25	300	5000	1	1,5	100	0	20	3000	0	0	0	0	3	4,170000076	30000	90	60	30	0	0	0	0	0	0	0	0	0	0	0	0	0	0	0	0	0	0	0	0	
03100	Наставник	0	0	0	50	3238665	19744,23633	30	65	149	149	0	1555	0	0	0	0	0	0	0	0	0	0	0	0	0	0	0	0	2621	44	1310	2034	1000	1000	300	25	300	5000	1	1,5	100	0	20	3000	0	0	0	0	3	4,170000076	30000	90	60	30	0	0	0	0	0	0	0	0	0	0	0	0	0	0	0	0	0	0	0	0	
06040	Поставщик MAU	0	0	0	50	3238665	19744,23633	30	65	149	149	0	1555	0	0	0	0	0	0	0	0	0	0	0	0	0	0	0	0	2621	44	1310	2034	1000	1000	300	25	300	5000	1	1,5	100	0	20	3000	0	0	0	0	3	4,170000076	30000	90	60	30	0	0	0	0	0	0	0	0	0	0	0	0	0	0	0	0	0	0	0	0	
06050	Кладовщик	0	0	0	50	3238665	19744,23633	30	65	149	149	0	1555	0	0	0	0	0	0	0	0	0	0	0	0	0	0	0	0	2621	44	1310	2034	1000	1000	300	25	300	5000	1	1,5	100	0	20	3000	0	0	0	0	3	4,170000076	30000	90	60	30	0	0	0	0	0	0	0	0	0	0	0	0	0	0	0	0	0	0	0	0	
06060	Торговец	0	0	0	50	3238665	19744,23633	30	65	149	149	0	1555	0	0	0	0	0	0	0	0	0	0	0	0	0	0	0	0	2621	44	1310	2034	1000	1000	300	25	300	5000	1	1,5	100	0	20	3000	0	0	0	0	3	4,170000076	30000	90	60	30	0	0	0	0	0	0	0	0	0	0	0	0	0	0	0	0	0	0	0	0	
060A0	Банкир	0	0	0	50	3238665	19744,23633	30	65	149	149	0	1555	0	0	0	0	0	0	0	0	0	0	0	0	0	0	0	0	2621	44	1310	2034	1000	1000	300	25	300	5000	1	1,5	100	0	20	3000	0	0	0	0	3	4,170000076	30000	90	60	30	0	0	0	0	0	0	0	0	0	0	0	0	0	0	0	0	0	0	0	0	
060B0	Аукцион	0	0	0	50	3238665	19744,23633	30	65	149	149	0	1555	0	0	0	0	0	0	0	0	0	0	0	0	0	0	0	0	2621	44	1310	2034	1000	1000	300	25	300	5000	1	1,5	100	0	20	3000	0	0	0	0	3	4,170000076	30000	90	60	30	0	0	0	0	0	0	0	0	0	0	0	0	0	0	0	0	0	0	0	0	
060B1	Аукцион	0	0	0	50	3238665	19744,23633	30	65	149	149	0	1555	0	0	0	0	0	0	0	0	0	0	0	0	0	0	0	0	2621	44	1310	2034	1000	1000	300	25	300	5000	1	1,5	100	0	20	3000	0	0	0	0	3	4,170000076	30000	90	60	30	0	0	0	0	0	0	0	0	0	0	0	0	0	0	0	0	0	0	0	0	
060B2	Аукцион	0	0	0	50	3238665	19744,23633	30	65	149	149	0	1555	0	0	0	0	0	0	0	0	0	0	0	0	0	0	0	0	2621	44	1310	2034	1000	1000	300	25	300	5000	1	1,5	100	0	20	3000	0	0	0	0	3	4,170000076	30000	90	60	30	0	0	0	0	0	0	0	0	0	0	0	0	0	0	0	0	0	0	0	0	
060B3	Аукцион	0	0	0	50	3238665	19744,23633	30	65	149	149	0	1555	0	0	0	0	0	0	0	0	0	0	0	0	0	0	0	0	2621	44	1310	2034	1000	1000	300	25	300	5000	1	1,5	100	0	20	3000	0	0	0	0	3	4,170000076	30000	90	60	30	0	0	0	0	0	0	0	0	0	0	0	0	0	0	0	0	0	0	0	0	
07060	Торговец	0	0	0	50	3238665	19744,23633	30	65	149	149	0	1555	0	0	0	0	0	0	0	0	0	0	0	0	0	0	0	0	2621	44	1310	2034	1000	1000	300	25	300	5000	1	1,5	100	0	20	3000	0	0	0	0	3	4,170000076	30000	90	60	30	0	0	0	0	0	0	0	0	0	0	0	0	0	0	0	0	0	0	0	0	
030C0	Клерк	0	0	0	50	3238665	19744,23633	30	65	149	149	0	1555	0	0	0	0	0	0	0	0	0	0	0	0	0	0	0	0	2621	44	1310	2034	1000	1000	300	25	300	5000	1	1,5	100	0	20	3000	0	0	0	0	3	4,170000076	30000	90	60	30	0	0	0	0	0	0	0	0	0	0	0	0	0	0	0	0	0	0	0	0	
03120	Билетер	0	0	0	50	3238665	19744,23633	30	65	149	149	0	1555	0	0	0	0	0	0	0	0	0	0	0	0	0	0	0	0	2621	44	1310	2034	1000	1000	300	25	300	5000	1	1,5	100	0	20	3000	0	0	0	0	3	4,170000076	30000	90	60	30	0	0	0	0	0	0	0	0	0	0	0	0	0	0	0	0	0	0	0	0	
04000	Оружейник	1	0	0	50	3238665	19744,23633	30	65	149	149	0	1555	0	0	0	0	0	0	0	0	0	0	0	0	0	0	0	0	2621	44	1310	2034	1000	1000	300	25	300	5000	1	1,5	100	0	20	3000	0	0	0	0	3	4,170000076	30000	90	60	30	0	0	0	0	0	0	0	0	0	0	0	0	0	0	0	0	0	0	0	0	
04001	Оружейник	1	0	0	50	3238665	19744,23633	30	65	149	149	0	1555	0	0	0	0	0	0	0	0	0	0	0	0	0	0	0	0	2621	44	1310	2034	1000	1000	300	25	300	5000	1	1,5	100	0	20	3000	0	0	0	0	3	4,170000076	30000	90	60	30	0	0	0	0	0	0	0	0	0	0	0	0	0	0	0	0	0	0	0	0	
04002	Оружейник	1	0	0	50	3238665	19744,23633	30	65	149	149	0	1555	0	0	0	0	0	0	0	0	0	0	0	0	0	0	0	0	2621	44	1310	2034	1000	1000	300	25	300	5000	1	1,5	100	0	20	3000	0	0	0	0	3	4,170000076	30000	90	60	30	0	0	0	0	0	0	0	0	0	0	0	0	0	0	0	0	0	0	0	0	
04010	Алхимик	1	0	0	50	3238665	19744,23633	30	65	149	149	0	1555	0	0	0	0	0	0	0	0	0	0	0	0	0	0	0	0	2621	44	1310	2034	1000	1000	300	25	300	5000	1	1,5	100	0	20	3000	0	0	0	0	3	4,170000076	30000	90	60	30	0	0	0	0	0	0	0	0	0	0	0	0	0	0	0	0	0	0	0	0	
04011	Алхимик	1	0	0	50	3238665	19744,23633	30	65	149	149	0	1555	0	0	0	0	0	0	0	0	0	0	0	0	0	0	0	0	2621	44	1310	2034	1000	1000	300	25	300	5000	1	1,5	100	0	20	3000	0	0	0	0	3	4,170000076	30000	90	60	30	0	0	0	0	0	0	0	0	0	0	0	0	0	0	0	0	0	0	0	0	
04012	Алхимик	1	0	0	50	3238665	19744,23633	30	65	149	149	0	1555	0	0	0	0	0	0	0	0	0	0	0	0	0	0	0	0	2621	44	1310	2034	1000	1000	300	25	300	5000	1	1,5	100	0	20	3000	0	0	0	0	3	4,170000076	30000	90	60	30	0	0	0	0	0	0	0	0	0	0	0	0	0	0	0	0	0	0	0	0	
04020	Торговец Броней	1	0	0	50	3238665	19744,23633	30	65	149	149	0	1555	0	0	0	0	0	0	0	0	0	0	0	0	0	0	0	0	2621	44	1310	2034	1000	1000	300	25	300	5000	1	1,5	100	0	20	3000	0	0	0	0	3	4,170000076	30000	90	60	30	0	0	0	0	0	0	0	0	0	0	0	0	0	0	0	0	0	0	0	0	
04021	Кузнец	1	0	0	50	3238665	19744,23633	30	65	149	149	0	1555	0	0	0	0	0	0	0	0	0	0	0	0	0	0	0	0	2621	44	1310	2034	1000	1000	300	25	300	5000	1	1,5	100	0	20	3000	0	0	0	0	3	4,170000076	30000	90	60	30	0	0	0	0	0	0	0	0	0	0	0	0	0	0	0	0	0	0	0	0	
04022	Кузнец	1	0	0	50	3238665	19744,23633	30	65	149	149	0	1555	0	0	0	0	0	0	0	0	0	0	0	0	0	0	0	0	2621	44	1310	2034	1000	1000	300	25	300	5000	1	1,5	100	0	20	3000	0	0	0	0	3	4,170000076	30000	90	60	30	0	0	0	0	0	0	0	0	0	0	0	0	0	0	0	0	0	0	0	0	
04050	Кладовщик	1	0	0	50	3238665	19744,23633	30	65	149	149	0	1555	0	0	0	0	0	0	0	0	0	0	0	0	0	0	0	0	2621	44	1310	2034	1000	1000	300	25	300	5000	1	1,5	100	0	20	3000	0	0	0	0	3	4,170000076	30000	90	60	30	0	0	0	0	0	0	0	0	0	0	0	0	0	0	0	0	0	0	0	0	
04060	Торговец	1	0	0	50	3238665	19744,23633	30	65	149	149	0	1555	0	0	0	0	0	0	0	0	0	0	0	0	0	0	0	0	2621	44	1310	2034	1000	1000	300	25	300	5000	1	1,5	100	0	20	3000	0	0	0	0	3	4,170000076	30000	90	60	30	0	0	0	0	0	0	0	0	0	0	0	0	0	0	0	0	0	0	0	0	
040A0	Банкир	1	0	0	50	3238665	19744,23633	30	65	149	149	0	1555	0	0	0	0	0	0	0	0	0	0	0	0	0	0	0	0	2621	44	1310	2034	1000	1000	300	25	300	5000	1	1,5	100	0	20	3000	0	0	0	0	3	4,170000076	30000	90	60	30	0	0	0	0	0	0	0	0	0	0	0	0	0	0	0	0	0	0	0	0	
040F0	Командующий	1	0	0	50	3238665	19744,23633	30	65	149	149	0	1555	0	0	0	0	0	0	0	0	0	0	0	0	0	0	0	0	2621	44	1310	2034	1000	1000	300	25	300	5000	1	1,5	100	0	20	3000	0	0	0	0	3	4,170000076	30000	90	60	30	0	0	0	0	0	0	0	0	0	0	0	0	0	0	0	0	0	0	0	0	
04100	Наставник	1	0	0	50	3238665	19744,23633	30	65	149	149	0	1555	0	0	0	0	0	0	0	0	0	0	0	0	0	0	0	0	2621	44	1310	2034	1000	1000	300	25	300	5000	1	1,5	100	0	20	3000	0	0	0	0	3	4,170000076	30000	90	60	30	0	0	0	0	0	0	0	0	0	0	0	0	0	0	0	0	0	0	0	0	
08050	Кладовщик	1	0	0	50	3238665	19744,23633	30	65	149	149	0	1555	0	0	0	0	0	0	0	0	0	0	0	0	0	0	0	0	2621	44	1310	2034	1000	1000	300	25	300	5000	1	1,5	100	0	20	3000	0	0	0	0	3	4,170000076	30000	90	60	30	0	0	0	0	0	0	0	0	0	0	0	0	0	0	0	0	0	0	0	0	
08060	Торговец	1	0	0	50	3238665	19744,23633	30	65	149	149	0	1555	0	0	0	0	0	0	0	0	0	0	0	0	0	0	0	0	2621	44	1310	2034	1000	1000	300	25	300	5000	1	1,5	100	0	20	3000	0	0	0	0	3	4,170000076	30000	90	60	30	0	0	0	0	0	0	0	0	0	0	0	0	0	0	0	0	0	0	0	0	
080A0	Банкир	1	0	0	50	3238665	19744,23633	30	65	149	149	0	1555	0	0	0	0	0	0	0	0	0	0	0	0	0	0	0	0	2621	44	1310	2034	1000	1000	300	25	300	5000	1	1,5	100	0	20	3000	0	0	0	0	3	4,170000076	30000	90	60	30	0	0	0	0	0	0	0	0	0	0	0	0	0	0	0	0	0	0	0	0	
080B0	Аукцион	1	0	0	50	3238665	19744,23633	30	65	149	149	0	1555	0	0	0	0	0	0	0	0	0	0	0	0	0	0	0	0	2621	44	1310	2034	1000	1000	300	25	300	5000	1	1,5	100	0	20	3000	0	0	0	0	3	4,170000076	30000	90	60	30	0	0	0	0	0	0	0	0	0	0	0	0	0	0	0	0	0	0	0	0	
080B1	Аукцион	1	0	0	50	3238665	19744,23633	30	65	149	149	0	1555	0	0	0	0	0	0	0	0	0	0	0	0	0	0	0	0	2621	44	1310	2034	1000	1000	300	25	300	5000	1	1,5	100	0	20	3000	0	0	0	0	3	4,170000076	30000	90	60	30	0	0	0	0	0	0	0	0	0	0	0	0	0	0	0	0	0	0	0	0	
080B2	Аукцион	1	0	0	50	3238665	19744,23633	30	65	149	149	0	1555	0	0	0	0	0	0	0	0	0	0	0	0	0	0	0	0	2621	44	1310	2034	1000	1000	300	25	300	5000	1	1,5	100	0	20	3000	0	0	0	0	3	4,170000076	30000	90	60	30	0	0	0	0	0	0	0	0	0	0	0	0	0	0	0	0	0	0	0	0	
09060	Торговец	1	0	0	50	3238665	19744,23633	30	65	149	149	0	1555	0	0	0	0	0	0	0	0	0	0	0	0	0	0	0	0	2621	44	1310	2034	1000	1000	300	25	300	5000	1	1,5	100	0	20	3000	0	0	0	0	3	4,170000076	30000	90	60	30	0	0	0	0	0	0	0	0	0	0	0	0	0	0	0	0	0	0	0	0	
040C0	Клерк	1	0	0	50	3238665	19744,23633	30	65	149	149	0	1555	0	0	0	0	0	0	0	0	0	0	0	0	0	0	0	0	2621	44	1310	2034	1000	1000	300	25	300	5000	1	1,5	100	0	20	3000	0	0	0	0	3	4,170000076	30000	90	60	30	0	0	0	0	0	0	0	0	0	0	0	0	0	0	0	0	0	0	0	0	
04120	Билетер	1	0	0	50	3238665	19744,23633	30	65	149	149	0	1555	0	0	0	0	0	0	0	0	0	0	0	0	0	0	0	0	2621	44	1310	2034	1000	1000	300	25	300	5000	1	1,5	100	0	20	3000	0	0	0	0	3	4,170000076	30000	90	60	30	0	0	0	0	0	0	0	0	0	0	0	0	0	0	0	0	0	0	0	0	
05000	Оружейник	2	0	0	50	3238665	19744,23633	30	65	149	149	0	1555	0	0	0	0	0	0	0	0	0	0	0	0	0	0	0	0	2621	44	1310	2034	1000	1000	300	25	300	5000	1	1,5	100	0	20	3000	0	0	0	0	3	4,170000076	30000	90	60	30	0	0	0	0	0	0	0	0	0	0	0	0	0	0	0	0	0	0	0	0	
05001	Поставщик Территории Войны	2	0	0	50	3238665	19744,23633	30	65	149	149	0	1555	0	0	0	0	0	0	0	0	0	0	0	0	0	0	0	0	2621	44	1310	2034	1000	1000	300	25	300	5000	1	1,5	100	0	20	3000	0	0	0	0	3	4,170000076	30000	90	60	30	0	0	0	0	0	0	0	0	0	0	0	0	0	0	0	0	0	0	0	0	
05002	Оружейник	2	0	0	50	3238665	19744,23633	30	65	149	149	0	1555	0	0	0	0	0	0	0	0	0	0	0	0	0	0	0	0	2621	44	1310	2034	1000	1000	300	25	300	5000	1	1,5	100	0	20	3000	0	0	0	0	3	4,170000076	30000	90	60	30	0	0	0	0	0	0	0	0	0	0	0	0	0	0	0	0	0	0	0	0	
05010	Механик	2	0	0	50	3238665	19744,23633	30	65	149	149	0	1555	0	0	0	0	0	0	0	0	0	0	0	0	0	0	0	0	2621	44	1310	2034	1000	1000	300	25	300	5000	1	1,5	100	0	20	3000	0	0	0	0	3	4,170000076	30000	90	60	30	0	0	0	0	0	0	0	0	0	0	0	0	0	0	0	0	0	0	0	0	
05011	Механик	2	0	0	50	3238665	19744,23633	30	65	149	149	0	1555	0	0	0	0	0	0	0	0	0	0	0	0	0	0	0	0	2621	44	1310	2034	1000	1000	300	25	300	5000	1	1,5	100	0	20	3000	0	0	0	0	3	4,170000076	30000	90	60	30	0	0	0	0	0	0	0	0	0	0	0	0	0	0	0	0	0	0	0	0	
05012	Механик	2	0	0	50	3238665	19744,23633	30	65	149	149	0	1555	0	0	0	0	0	0	0	0	0	0	0	0	0	0	0	0	2621	44	1310	2034	1000	1000	300	25	300	5000	1	1,5	100	0	20	3000	0	0	0	0	3	4,170000076	30000	90	60	30	0	0	0	0	0	0	0	0	0	0	0	0	0	0	0	0	0	0	0	0	
05020	Торговец Броней	2	0	0	50	3238665	19744,23633	30	65	149	149	0	1555	0	0	0	0	0	0	0	0	0	0	0	0	0	0	0	0	2621	44	1310	2034	1000	1000	300	25	300	5000	1	1,5	100	0	20	3000	0	0	0	0	3	4,170000076	30000	90	60	30	0	0	0	0	0	0	0	0	0	0	0	0	0	0	0	0	0	0	0	0	
05021	Кузнец	2	0	0	50	3238665	19744,23633	30	65	149	149	0	1555	0	0	0	0	0	0	0	0	0	0	0	0	0	0	0	0	2621	44	1310	2034	1000	1000	300	25	300	5000	1	1,5	100	0	20	3000	0	0	0	0	3	4,170000076	30000	90	60	30	0	0	0	0	0	0	0	0	0	0	0	0	0	0	0	0	0	0	0	0	
05022	Кузнец	2	0	0	50	3238665	19744,23633	30	65	149	149	0	1555	0	0	0	0	0	0	0	0	0	0	0	0	0	0	0	0	2621	44	1310	2034	1000	1000	300	25	300	5000	1	1,5	100	0	20	3000	0	0	0	0	3	4,170000076	30000	90	60	30	0	0	0	0	0	0	0	0	0	0	0	0	0	0	0	0	0	0	0	0	
05050	Кладовщик	2	0	0	50	3238665	19744,23633	30	65	149	149	0	1555	0	0	0	0	0	0	0	0	0	0	0	0	0	0	0	0	2621	44	1310	2034	1000	1000	300	25	300	5000	1	1,5	100	0	20	3000	0	0	0	0	3	4,170000076	30000	90	60	30	0	0	0	0	0	0	0	0	0	0	0	0	0	0	0	0	0	0	0	0	
05060	Торговец	2	0	0	50	3238665	19744,23633	30	65	149	149	0	1555	0	0	0	0	0	0	0	0	0	0	0	0	0	0	0	0	2621	44	1310	2034	1000	1000	300	25	300	5000	1	1,5	100	0	20	3000	0	0	0	0	3	4,170000076	30000	90	60	30	0	0	0	0	0	0	0	0	0	0	0	0	0	0	0	0	0	0	0	0	
050A0	Банкир	2	0	0	50	3238665	19744,23633	30	65	149	149	0	1555	0	0	0	0	0	0	0	0	0	0	0	0	0	0	0	0	2621	44	1310	2034	1000	1000	300	25	300	5000	1	1,5	100	0	20	3000	0	0	0	0	3	4,170000076	30000	90	60	30	0	0	0	0	0	0	0	0	0	0	0	0	0	0	0	0	0	0	0	0	
050F0	Командующий	2	0	0	50	3238665	19744,23633	30	65	149	149	0	1555	0	0	0	0	0	0	0	0	0	0	0	0	0	0	0	0	2621	44	1310	2034	1000	1000	300	25	300	5000	1	1,5	100	0	40	3000	0	0	0	0	3	4,170000076	30000	90	60	30	0	0	0	0	0	0	0	0	0	0	0	0	0	0	0	0	0	0	0	0	
0A050	Кладовщик	2	0	0	50	3238665	19744,23633	30	65	149	149	0	1555	0	0	0	0	0	0	0	0	0	0	0	0	0	0	0	0	2621	44	1310	2034	1000	1000	300	25	300	5000	1	1,5	100	0	20	3000	0	0	0	0	3	4,170000076	30000	90	60	30	0	0	0	0	0	0	0	0	0	0	0	0	0	0	0	0	0	0	0	0	
0A060	Торговец	2	0	0	50	3238665	19744,23633	30	65	149	149	0	1555	0	0	0	0	0	0	0	0	0	0	0	0	0	0	0	0	2621	44	1310	2034	1000	1000	300	25	300	5000	1	1,5	100	0	20	3000	0	0	0	0	3	4,170000076	30000	90	60	30	0	0	0	0	0	0	0	0	0	0	0	0	0	0	0	0	0	0	0	0	
0A0A0	Банкир	2	0	0	50	3238665	19744,23633	30	65	149	149	0	1555	0	0	0	0	0	0	0	0	0	0	0	0	0	0	0	0	2621	44	1310	2034	1000	1000	300	25	300	5000	1	1,5	100	0	20	3000	0	0	0	0	3	4,170000076	30000	90	60	30	0	0	0	0	0	0	0	0	0	0	0	0	0	0	0	0	0	0	0	0	
0A0B0	Аукцион	2	0	0	50	3238665	19744,23633	30	65	149	149	0	1555	0	0	0	0	0	0	0	0	0	0	0	0	0	0	0	0	2621	44	1310	2034	1000	1000	300	25	300	5000	1	1,5	100	0	20	3000	0	0	0	0	3	4,170000076	30000	90	60	30	0	0	0	0	0	0	0	0	0	0	0	0	0	0	0	0	0	0	0	0	
0A0B1	Аукцион	2	0	0	50	3238665	19744,23633	30	65	149	149	0	1555	0	0	0	0	0	0	0	0	0	0	0	0	0	0	0	0	2621	44	1310	2034	1000	1000	300	25	300	5000	1	1,5	100	0	20	3000	0	0	0	0	3	4,170000076	30000	90	60	30	0	0	0	0	0	0	0	0	0	0	0	0	0	0	0	0	0	0	0	0	
0A0B2	Аукцион	2	0	0	50	3238665	19744,23633	30	65	149	149	0	1555	0	0	0	0	0	0	0	0	0	0	0	0	0	0	0	0	2621	44	1310	2034	1000	1000	300	25	300	5000	1	1,5	100	0	20	3000	0	0	0	0	3	4,170000076	30000	90	60	30	0	0	0	0	0	0	0	0	0	0	0	0	0	0	0	0	0	0	0	0	
0A0B3	Аукцион	2	0	0	50	3238665	19744,23633	30	65	149	149	0	1555	0	0	0	0	0	0	0	0	0	0	0	0	0	0	0	0	2621	44	1310	2034	1000	1000	300	25	300	5000	1	1,5	100	0	20	3000	0	0	0	0	3	4,170000076	30000	90	60	30	0	0	0	0	0	0	0	0	0	0	0	0	0	0	0	0	0	0	0	0	
0B060	Торговец	2	0	0	50	3238665	19744,23633	30	65	149	149	0	1555	0	0	0	0	0	0	0	0	0	0	0	0	0	0	0	0	2621	44	1310	2034	1000	1000	300	25	300	5000	1	1,5	100	0	20	3000	0	0	0	0	3	4,170000076	30000	90	60	30	0	0	0	0	0	0	0	0	0	0	0	0	0	0	0	0	0	0	0	0	
050C0	Клерк	2	0	0	50	3238665	19744,23633	30	65	149	149	0	1555	0	0	0	0	0	0	0	0	0	0	0	0	0	0	0	0	2621	44	1310	2034	1000	1000	300	25	300	5000	1	1,5	100	0	20	3000	0	0	0	0	3	4,170000076	30000	90	60	30	0	0	0	0	0	0	0	0	0	0	0	0	0	0	0	0	0	0	0	0	
05120	Билетер	2	0	0	50	3238665	19744,23633	30	65	149	149	0	1555	0	0	0	0	0	0	0	0	0	0	0	0	0	0	0	0	2621	44	1310	2034	1000	1000	300	25	300	5000	1	1,5	100	0	20	3000	0	0	0	0	3	4,170000076	30000	90	60	30	0	0	0	0	0	0	0	0	0	0	0	0	0	0	0	0	0	0	0	0	
0C120	Билетер	0	0	0	50	3238665	19744,23633	30	65	149	149	0	1555	0	0	0	0	0	0	0	0	0	0	0	0	0	0	0	0	2621	44	1310	2034	1000	1000	300	25	300	5000	1	1,5	100	0	20	3000	0	0	0	0	3	4,170000076	30000	90	60	30	0	0	0	0	0	0	0	0	0	0	0	0	0	0	0	0	0	0	0	0	
0C121	Билетер	1	0	0	50	3238665	19744,23633	30	65	149	149	0	1555	0	0	0	0	0	0	0	0	0	0	0	0	0	0	0	0	2621	44	1310	2034	1000	1000	300	25	300	5000	1	1,5	100	0	20	3000	0	0	0	0	3	4,170000076	30000	90	60	30	0	0	0	0	0	0	0	0	0	0	0	0	0	0	0	0	0	0	0	0	
0C122	Билетер	2	0	0	50	3238665	19744,23633	30	65	149	149	0	1555	0	0	0	0	0	0	0	0	0	0	0	0	0	0	0	0	2621	44	1310	2034	1000	1000	300	25	300	5000	1	1,5	100	0	20	3000	0	0	0	0	3	4,170000076	30000	90	60	30	0	0	0	0	0	0	0	0	0	0	0	0	0	0	0	0	0	0	0	0	
03030	Поставщик Территории Войны	0	0	0	50	3238665	19744,23633	30	65	149	149	0	1555	0	0	0	0	0	0	0	0	0	0	0	0	0	0	0	0	2621	44	1310	2034	1000	1000	300	25	300	5000	1	1,5	100	0	20	3000	0	0	0	0	3	4,170000076	30000	90	60	30	0	0	0	0	0	0	0	0	0	0	0	0	0	0	0	0	0	0	0	0	
03031	Гражданин	0	0	0	50	3238665	19744,23633	30	65	149	149	0	1555	0	0	0	0	0	0	0	0	0	0	0	0	0	0	0	0	2621	44	1310	2034	1000	1000	300	25	300	5000	1	1,5	100	0	20	3000	0	0	0	0	3	4,170000076	30000	90	60	30	0	0	0	0	0	0	0	0	0	0	0	0	0	0	0	0	0	0	0	0	
03032	Гражданин	0	0	0	50	3238665	19744,23633	30	65	149	149	0	1555	0	0	0	0	0	0	0	0	0	0	0	0	0	0	0	0	2621	44	1310	2034	1000	1000	300	25	300	5000	1	1,5	100	0	20	3000	0	0	0	0	3	4,170000076	30000	90	60	30	0	0	0	0	0	0	0	0	0	0	0	0	0	0	0	0	0	0	0	0	
04030	Поставщик Территории Войны	1	0	0	50	3238665	19744,23633	30	65	149	149	0	1555	0	0	0	0	0	0	0	0	0	0	0	0	0	0	0	0	2621	44	1310	2034	1000	1000	300	25	300	5000	1	1,5	100	0	20	3000	0	0	0	0	3	4,170000076	30000	90	60	30	0	0	0	0	0	0	0	0	0	0	0	0	0	0	0	0	0	0	0	0	
03070	Торговец	0	0	0	50	3238665	19744,23633	30	65	149	149	0	1555	0	0	0	0	0	0	0	0	0	0	0	0	0	0	0	0	2621	44	1310	2034	1000	1000	300	25	300	5000	1	1,5	100	0	20	3000	0	0	0	0	3	4,170000076	30000	90	60	30	0	0	0	0	0	0	0	0	0	0	0	0	0	0	0	0	0	0	0	0	
03071	Торговец	0	0	0	50	3238665	19744,23633	30	65	149	149	0	1555	0	0	0	0	0	0	0	0	0	0	0	0	0	0	0	0	2621	44	1310	2034	1000	1000	300	25	300	5000	1	1,5	100	0	20	3000	0	0	0	0	3	4,170000076	30000	90	60	30	0	0	0	0	0	0	0	0	0	0	0	0	0	0	0	0	0	0	0	0	
03072	Торговец	0	0	0	50	3238665	19744,23633	30	65	149	149	0	1555	0	0	0	0	0	0	0	0	0	0	0	0	0	0	0	0	2621	44	1310	2034	1000	1000	300	25	300	5000	1	1,5	100	0	20	3000	0	0	0	0	3	4,170000076	30000	90	60	30	0	0	0	0	0	0	0	0	0	0	0	0	0	0	0	0	0	0	0	0	
04070	Торговец	1	0	0	50	3238665	19744,23633	30	65	149	149	0	1555	0	0	0	0	0	0	0	0	0	0	0	0	0	0	0	0	2621	44	1310	2034	1000	1000	300	25	300	5000	1	1,5	100	0	20	3000	0	0	0	0	3	4,170000076	30000	90	60	30	0	0	0	0	0	0	0	0	0	0	0	0	0	0	0	0	0	0	0	0	
04071	Торговец	1	0	0	50	3238665	19744,23633	30	65	149	149	0	1555	0	0	0	0	0	0	0	0	0	0	0	0	0	0	0	0	2621	44	1310	2034	1000	1000	300	25	300	5000	1	1,5	100	0	20	3000	0	0	0	0	3	4,170000076	30000	90	60	30	0	0	0	0	0	0	0	0	0	0	0	0	0	0	0	0	0	0	0	0	
04072	Торговец	1	0	0	50	3238665	19744,23633	30	65	149	149	0	1555	0	0	0	0	0	0	0	0	0	0	0	0	0	0	0	0	2621	44	1310	2034	1000	1000	300	25	300	5000	1	1,5	100	0	20	3000	0	0	0	0	3	4,170000076	30000	90	60	30	0	0	0	0	0	0	0	0	0	0	0	0	0	0	0	0	0	0	0	0	
05070	Торговец	2	0	0	50	3238665	19744,23633	30	65	149	149	0	1555	0	0	0	0	0	0	0	0	0	0	0	0	0	0	0	0	2621	44	1310	2034	1000	1000	300	25	300	5000	1	1,5	100	0	20	3000	0	0	0	0	3	4,170000076	30000	90	60	30	0	0	0	0	0	0	0	0	0	0	0	0	0	0	0	0	0	0	0	0	
05071	Торговец	2	0	0	50	3238665	19744,23633	30	65	149	149	0	1555	0	0	0	0	0	0	0	0	0	0	0	0	0	0	0	0	2621	44	1310	2034	1000	1000	300	25	300	5000	1	1,5	100	0	20	3000	0	0	0	0	3	4,170000076	30000	90	60	30	0	0	0	0	0	0	0	0	0	0	0	0	0	0	0	0	0	0	0	0	
05072	Торговец	2	0	0	50	3238665	19744,23633	30	65	149	149	0	1555	0	0	0	0	0	0	0	0	0	0	0	0	0	0	0	0	2621	44	1310	2034	1000	1000	300	25	300	5000	1	1,5	100	0	20	3000	0	0	0	0	3	4,170000076	30000	90	60	30	0	0	0	0	0	0	0	0	0	0	0	0	0	0	0	0	0	0	0	0	
030F1	Герой	0	0	0	50	3238665	19744,23633	30	65	149	149	0	1555	0	0	0	0	0	0	0	0	0	0	0	0	0	0	0	0	2621	44	1310	2034	1000	1000	300	25	300	5000	1	1,5	100	0	20	3000	0	0	0	0	3	4,170000076	30000	90	60	30	0	0	0	0	0	0	0	0	0	0	0	0	0	0	0	0	0	0	0	0	
040F1	Герой	1	0	0	50	3238665	19744,23633	30	65	149	149	0	1555	0	0	0	0	0	0	0	0	0	0	0	0	0	0	0	0	2621	44	1310	2034	1000	1000	300	25	300	5000	1	1,5	100	0	20	3000	0	0	0	0	3	4,170000076	30000	90	60	30	0	0	0	0	0	0	0	0	0	0	0	0	0	0	0	0	0	0	0	0	
050F1	Герой	2	0	0	50	3238665	19744,23633	30	65	149	149	0	1555	0	0	0	0	0	0	0	0	0	0	0	0	0	0	0	0	2621	44	1310	2034	1000	1000	300	25	300	5000	1	1,5	100	0	20	3000	0	0	0	0	3	4,170000076	30000	90	60	30	0	0	0	0	0	0	0	0	0	0	0	0	0	0	0	0	0	0	0	0	
13060	Торговец	-1	0	0	50	3238665	19744,23633	30	65	149	149	0	1555	0	0	0	0	0	0	0	0	0	0	0	0	0	0	0	0	2621	44	1310	2034	1000	1000	300	25	300	5000	1	1,5	100	0	20	3000	0	0	0	0	3	4,170000076	30000	90	60	30	0	0	0	0	0	0	0	0	0	0	0	0	0	0	0	0	0	0	0	0	
03140	Хранитель Врат	0	0	0	50	3238665	19744,23633	30	65	149	149	0	1555	0	0	0	0	0	0	0	0	0	0	0	0	0	0	0	0	2621	44	1310	2034	1000	1000	300	25	300	5000	1	1,5	100	0	20	3000	0	0	0	0	3	4,170000076	30000	90	60	30	0	0	0	0	0	0	0	0	0	0	0	0	0	0	0	0	0	0	0	0	
04140	Хранитель Врат	1	0	0	50	3238665	19744,23633	30	65	149	149	0	1555	0	0	0	0	0	0	0	0	0	0	0	0	0	0	0	0	2621	44	1310	2034	1000	1000	300	25	300	5000	1	1,5	100	0	20	3000	0	0	0	0	3	4,170000076	30000	90	60	30	0	0	0	0	0	0	0	0	0	0	0	0	0	0	0	0	0	0	0	0	
05140	Хранитель Врат	2	0	0	50	3238665	19744,23633	30	65	149	149	0	1555	0	0	0	0	0	0	0	0	0	0	0	0	0	0	0	0	2621	44	1310	2034	1000	1000	300	25	300	5000	1	1,5	100	0	20	3000	0	0	0	0	3	4,170000076	30000	90	60	30	0	0	0	0	0	0	0	0	0	0	0	0	0	0	0	0	0	0	0	0	
06150	АБУ	0	0	0	50	3238665	19744,23633	30	65	149	149	0	1555	0	0	0	0	0	0	0	0	0	0	0	0	0	0	0	0	2621	44	1310	2034	1000	1000	300	25	300	5000	1	1,5	100	0	20	3000	0	0	0	0	3	4,170000076	30000	90	60	30	0	0	0	0	0	0	0	0	0	0	0	0	0	0	0	0	0	0	0	0	
07150	АБУ	0	0	0	50	3238665	19744,23633	30	65	149	149	0	1555	0	0	0	0	0	0	0	0	0	0	0	0	0	0	0	0	2621	44	1310	2034	1000	1000	300	25	300	5000	1	1,5	100	0	20	3000	0	0	0	0	3	4,170000076	30000	90	60	30	0	0	0	0	0	0	0	0	0	0	0	0	0	0	0	0	0	0	0	0	
08150	АБУ	1	0	0	50	3238665	19744,23633	30	65	149	149	0	1555	0	0	0	0	0	0	0	0	0	0	0	0	0	0	0	0	2621	44	1310	2034	1000	1000	300	25	300	5000	1	1,5	100	0	20	3000	0	0	0	0	3	4,170000076	30000	90	60	30	0	0	0	0	0	0	0	0	0	0	0	0	0	0	0	0	0	0	0	0	
09150	АБУ	1	0	0	50	3238665	19744,23633	30	65	149	149	0	1555	0	0	0	0	0	0	0	0	0	0	0	0	0	0	0	0	2621	44	1310	2034	1000	1000	300	25	300	5000	1	1,5	100	0	20	3000	0	0	0	0	3	4,170000076	30000	90	60	30	0	0	0	0	0	0	0	0	0	0	0	0	0	0	0	0	0	0	0	0	
0A150	АБУ	2	0	0	50	3238665	19744,23633	30	65	149	149	0	1555	0	0	0	0	0	0	0	0	0	0	0	0	0	0	0	0	2621	44	1310	2034	1000	1000	300	25	300	5000	1	1,5	100	0	20	3000	0	0	0	0	3	4,170000076	30000	90	60	30	0	0	0	0	0	0	0	0	0	0	0	0	0	0	0	0	0	0	0	0	
0B150	АБУ	2	0	0	50	3238665	19744,23633	30	65	149	149	0	1555	0	0	0	0	0	0	0	0	0	0	0	0	0	0	0	0	2621	44	1310	2034	1000	1000	300	25	300	5000	1	1,5	100	0	20	3000	0	0	0	0	3	4,170000076	30000	90	60	30	0	0	0	0	0	0	0	0	0	0	0	0	0	0	0	0	0	0	0	0	
14160	Хранитель врат	-1	0	0	50	3238665	19744,23633	30	65	149	149	0	1555	0	0	0	0	0	0	0	0	0	0	0	0	0	0	0	0	2621	44	1310	2034	1000	1000	300	25	300	5000	1	1,5	140	0	20	3000	0	0	0	0	3	4,170000076	30000	90	60	30	0	0	0	0	0	0	0	0	0	0	0	0	0	0	0	0	0	0	0	0	
03170	Торговец Оружием	0	0	0	50	3238665	19744,23633	30	65	149	149	0	1555	0	0	0	0	0	0	0	0	0	0	0	0	0	0	0	0	2621	44	1310	2034	1000	1000	300	25	300	5000	1	1,5	100	0	20	3000	0	0	0	0	3	4,170000076	30000	90	60	30	0	0	0	0	0	0	0	0	0	0	0	0	0	0	0	0	0	0	0	0	
04170	Торговец Оружием	1	0	0	50	3238665	19744,23633	30	65	149	149	0	1555	0	0	0	0	0	0	0	0	0	0	0	0	0	0	0	0	2621	44	1310	2034	1000	1000	300	25	300	5000	1	1,5	100	0	20	3000	0	0	0	0	3	4,170000076	30000	90	60	30	0	0	0	0	0	0	0	0	0	0	0	0	0	0	0	0	0	0	0	0	
05170	Торговец Оружием	2	0	0	50	3238665	19744,23633	30	65	149	149	0	1555	0	0	0	0	0	0	0	0	0	0	0	0	0	0	0	0	2621	44	1310	2034	1000	1000	300	25	300	5000	1	1,5	100	0	20	3000	0	0	0	0	3	4,170000076	30000	90	60	30	0	0	0	0	0	0	0	0	0	0	0	0	0	0	0	0	0	0	0	0	
03171	Торговец Редким Оружием	0	0	0	50	3238665	19744,23633	30	65	149	149	0	1555	0	0	0	0	0	0	0	0	0	0	0	0	0	0	0	0	2621	44	1310	2034	1000	1000	300	25	300	5000	1	1,5	100	0	20	3000	0	0	0	0	3	4,170000076	30000	90	60	30	0	0	0	0	0	0	0	0	0	0	0	0	0	0	0	0	0	0	0	0	
04171	Торговец Редким Оружием	1	0	0	50	3238665	19744,23633	30	65	149	149	0	1555	0	0	0	0	0	0	0	0	0	0	0	0	0	0	0	0	2621	44	1310	2034	1000	1000	300	25	300	5000	1	1,5	100	0	20	3000	0	0	0	0	3	4,170000076	30000	90	60	30	0	0	0	0	0	0	0	0	0	0	0	0	0	0	0	0	0	0	0	0	
05171	Торговец Редким Оружием	2	0	0	50	3238665	19744,23633	30	65	149	149	0	1555	0	0	0	0	0	0	0	0	0	0	0	0	0	0	0	0	2621	44	1310	2034	1000	1000	300	25	300	5000	1	1,5	100	0	20	3000	0	0	0	0	3	4,170000076	30000	90	60	30	0	0	0	0	0	0	0	0	0	0	0	0	0	0	0	0	0	0	0	0	
03172	Торговец Улучшенным Оружием	0	0	0	50	3238665	19744,23633	30	65	149	149	0	1555	0	0	0	0	0	0	0	0	0	0	0	0	0	0	0	0	2621	44	1310	2034	1000	1000	300	25	300	5000	1	1,5	100	0	20	3000	0	0	0	0	3	4,170000076	30000	90	60	30	0	0	0	0	0	0	0	0	0	0	0	0	0	0	0	0	0	0	0	0	
04172	Торговец Улучшенным Оружием	1	0	0	50	3238665	19744,23633	30	65	149	149	0	1555	0	0	0	0	0	0	0	0	0	0	0	0	0	0	0	0	2621	44	1310	2034	1000	1000	300	25	300	5000	1	1,5	100	0	20	3000	0	0	0	0	3	4,170000076	30000	90	60	30	0	0	0	0	0	0	0	0	0	0	0	0	0	0	0	0	0	0	0	0	
05172	Торговец Улучшенным Оружием	2	0	0	50	3238665	19744,23633	30	65	149	149	0	1555	0	0	0	0	0	0	0	0	0	0	0	0	0	0	0	0	2621	44	1310	2034	1000	1000	300	25	300	5000	1	1,5	100	0	20	3000	0	0	0	0	3	4,170000076	30000	90	60	30	0	0	0	0	0	0	0	0	0	0	0	0	0	0	0	0	0	0	0	0	
03173	Торговец Улучшенным Оружием	0	0	0	50	3238665	19744,23633	30	65	149	149	0	1555	0	0	0	0	0	0	0	0	0	0	0	0	0	0	0	0	2621	44	1310	2034	1000	1000	300	25	300	5000	1	1,5	100	0	20	3000	0	0	0	0	3	4,170000076	30000	90	60	30	0	0	0	0	0	0	0	0	0	0	0	0	0	0	0	0	0	0	0	0	
04173	Торговец Улучшенным Оружием	1	0	0	50	3238665	19744,23633	30	65	149	149	0	1555	0	0	0	0	0	0	0	0	0	0	0	0	0	0	0	0	2621	44	1310	2034	1000	1000	300	25	300	5000	1	1,5	100	0	20	3000	0	0	0	0	3	4,170000076	30000	90	60	30	0	0	0	0	0	0	0	0	0	0	0	0	0	0	0	0	0	0	0	0	
05173	Торговец Улучшенным Оружием	2	0	0	50	3238665	19744,23633	30	65	149	149	0	1555	0	0	0	0	0	0	0	0	0	0	0	0	0	0	0	0	2621	44	1310	2034	1000	1000	300	25	300	5000	1	1,5	100	0	20	3000	0	0	0	0	3	4,170000076	30000	90	60	30	0	0	0	0	0	0	0	0	0	0	0	0	0	0	0	0	0	0	0	0	
03174	Торговец Щитами	0	0	0	50	3238665	19744,23633	30	65	149	149	0	1555	0	0	0	0	0	0	0	0	0	0	0	0	0	0	0	0	2621	44	1310	2034	1000	1000	300	25	300	5000	1	1,5	100	0	20	3000	0	0	0	0	3	4,170000076	30000	90	60	30	0	0	0	0	0	0	0	0	0	0	0	0	0	0	0	0	0	0	0	0	
04174	Торговец Щитами	1	0	0	50	3238665	19744,23633	30	65	149	149	0	1555	0	0	0	0	0	0	0	0	0	0	0	0	0	0	0	0	2621	44	1310	2034	1000	1000	300	25	300	5000	1	1,5	100	0	20	3000	0	0	0	0	3	4,170000076	30000	90	60	30	0	0	0	0	0	0	0	0	0	0	0	0	0	0	0	0	0	0	0	0	
05174	Торговец Щитами	2	0	0	50	3238665	19744,23633	30	65	149	149	0	1555	0	0	0	0	0	0	0	0	0	0	0	0	0	0	0	0	2621	44	1310	2034	1000	1000	300	25	300	5000	1	1,5	100	0	20	3000	0	0	0	0	3	4,170000076	30000	90	60	30	0	0	0	0	0	0	0	0	0	0	0	0	0	0	0	0	0	0	0	0	
03175	Торговец Редкими Щитами	0	0	0	50	3238665	19744,23633	30	65	149	149	0	1555	0	0	0	0	0	0	0	0	0	0	0	0	0	0	0	0	2621	44	1310	2034	1000	1000	300	25	300	5000	1	1,5	100	0	20	3000	0	0	0	0	3	4,170000076	30000	90	60	30	0	0	0	0	0	0	0	0	0	0	0	0	0	0	0	0	0	0	0	0	
04175	Торговец Редкими Щитами	1	0	0	50	3238665	19744,23633	30	65	149	149	0	1555	0	0	0	0	0	0	0	0	0	0	0	0	0	0	0	0	2621	44	1310	2034	1000	1000	300	25	300	5000	1	1,5	100	0	20	3000	0	0	0	0	3	4,170000076	30000	90	60	30	0	0	0	0	0	0	0	0	0	0	0	0	0	0	0	0	0	0	0	0	
05175	Торговец Редкими Щитами	2	0	0	50	3238665	19744,23633	30	65	149	149	0	1555	0	0	0	0	0	0	0	0	0	0	0	0	0	0	0	0	2621	44	1310	2034	1000	1000	300	25	300	5000	1	1,5	100	0	20	3000	0	0	0	0	3	4,170000076	30000	90	60	30	0	0	0	0	0	0	0	0	0	0	0	0	0	0	0	0	0	0	0	0	
03176	Торговец Улучшенными Щитами	0	0	0	50	3238665	19744,23633	30	65	149	149	0	1555	0	0	0	0	0	0	0	0	0	0	0	0	0	0	0	0	2621	44	1310	2034	1000	1000	300	25	300	5000	1	1,5	100	0	20	3000	0	0	0	0	3	4,170000076	30000	90	60	30	0	0	0	0	0	0	0	0	0	0	0	0	0	0	0	0	0	0	0	0	
04176	Торговец Улучшенными Щитами	1	0	0	50	3238665	19744,23633	30	65	149	149	0	1555	0	0	0	0	0	0	0	0	0	0	0	0	0	0	0	0	2621	44	1310	2034	1000	1000	300	25	300	5000	1	1,5	100	0	20	3000	0	0	0	0	3	4,170000076	30000	90	60	30	0	0	0	0	0	0	0	0	0	0	0	0	0	0	0	0	0	0	0	0	
05176	Торговец Улучшенными Щитами	2	0	0	50	3238665	19744,23633	30	65	149	149	0	1555	0	0	0	0	0	0	0	0	0	0	0	0	0	0	0	0	2621	44	1310	2034	1000	1000	300	25	300	5000	1	1,5	100	0	20	3000	0	0	0	0	3	4,170000076	30000	90	60	30	0	0	0	0	0	0	0	0	0	0	0	0	0	0	0	0	0	0	0	0	
03177	Снабженец	0	0	0	50	3238665	19744,23633	30	65	149	149	0	1555	0	0	0	0	0	0	0	0	0	0	0	0	0	0	0	0	2621	44	1310	2034	1000	1000	300	25	300	5000	1	1,5	100	0	20	3000	0	0	0	0	3	4,170000076	30000	90	60	30	0	0	0	0	0	0	0	0	0	0	0	0	0	0	0	0	0	0	0	0	
04177	Снабженец	1	0	0	50	3238665	19744,23633	30	65	149	149	0	1555	0	0	0	0	0	0	0	0	0	0	0	0	0	0	0	0	2621	44	1310	2034	1000	1000	300	25	300	5000	1	1,5	100	0	20	3000	0	0	0	0	3	4,170000076	30000	90	60	30	0	0	0	0	0	0	0	0	0	0	0	0	0	0	0	0	0	0	0	0	
05177	Снабженец	2	0	0	50	3238665	19744,23633	30	65	149	149	0	1555	0	0	0	0	0	0	0	0	0	0	0	0	0	0	0	0	2621	44	1310	2034	1000	1000	300	25	300	5000	1	1,5	100	0	20	3000	0	0	0	0	3	4,170000076	30000	90	60	30	0	0	0	0	0	0	0	0	0	0	0	0	0	0	0	0	0	0	0	0	
03178	Торговец Броней	0	0	0	50	3238665	19744,23633	30	65	149	149	0	1555	0	0	0	0	0	0	0	0	0	0	0	0	0	0	0	0	2621	44	1310	2034	1000	1000	300	25	300	5000	1	1,5	100	0	20	3000	0	0	0	0	3	4,170000076	30000	90	60	30	0	0	0	0	0	0	0	0	0	0	0	0	0	0	0	0	0	0	0	0	
04178	Торговец Броней	1	0	0	50	3238665	19744,23633	30	65	149	149	0	1555	0	0	0	0	0	0	0	0	0	0	0	0	0	0	0	0	2621	44	1310	2034	1000	1000	300	25	300	5000	1	1,5	100	0	20	3000	0	0	0	0	3	4,170000076	30000	90	60	30	0	0	0	0	0	0	0	0	0	0	0	0	0	0	0	0	0	0	0	0	
05178	Торговец Броней	2	0	0	50	3238665	19744,23633	30	65	149	149	0	1555	0	0	0	0	0	0	0	0	0	0	0	0	0	0	0	0	2621	44	1310	2034	1000	1000	300	25	300	5000	1	1,5	100	0	20	3000	0	0	0	0	3	4,170000076	30000	90	60	30	0	0	0	0	0	0	0	0	0	0	0	0	0	0	0	0	0	0	0	0	
03179	Торговец Редкой Броней	0	0	0	50	3238665	19744,23633	30	65	149	149	0	1555	0	0	0	0	0	0	0	0	0	0	0	0	0	0	0	0	2621	44	1310	2034	1000	1000	300	25	300	5000	1	1,5	100	0	20	3000	0	0	0	0	3	4,170000076	30000	90	60	30	0	0	0	0	0	0	0	0	0	0	0	0	0	0	0	0	0	0	0	0	
04179	Торговец Редкой Броней	1	0	0	50	3238665	19744,23633	30	65	149	149	0	1555	0	0	0	0	0	0	0	0	0	0	0	0	0	0	0	0	2621	44	1310	2034	1000	1000	300	25	300	5000	1	1,5	100	0	20	3000	0	0	0	0	3	4,170000076	30000	90	60	30	0	0	0	0	0	0	0	0	0	0	0	0	0	0	0	0	0	0	0	0	
05179	Торговец Редкой Броней	2	0	0	50	3238665	19744,23633	30	65	149	149	0	1555	0	0	0	0	0	0	0	0	0	0	0	0	0	0	0	0	2621	44	1310	2034	1000	1000	300	25	300	5000	1	1,5	100	0	20	3000	0	0	0	0	3	4,170000076	30000	90	60	30	0	0	0	0	0	0	0	0	0	0	0	0	0	0	0	0	0	0	0	0	
03180	Флем Ювелир	0	0	0	50	3238665	19744,23633	30	65	149	149	0	1555	0	0	0	0	0	0	0	0	0	0	0	0	0	0	0	0	2621	44	1310	2034	1000	1000	300	25	300	5000	1	1,5	100	0	20	3000	0	0	0	0	3	4,170000076	30000	90	60	30	0	0	0	0	0	0	0	0	0	0	0	0	0	0	0	0	0	0	0	0	
04180	Флем Ювелир	1	0	0	50	3238665	19744,23633	30	65	149	149	0	1555	0	0	0	0	0	0	0	0	0	0	0	0	0	0	0	0	2621	44	1310	2034	1000	1000	300	25	300	5000	1	1,5	100	0	20	3000	0	0	0	0	3	4,170000076	30000	90	60	30	0	0	0	0	0	0	0	0	0	0	0	0	0	0	0	0	0	0	0	0	
05180	Флем Ювелир	2	0	0	50	3238665	19744,23633	30	65	149	149	0	1555	0	0	0	0	0	0	0	0	0	0	0	0	0	0	0	0	2621	44	1310	2034	1000	1000	300	25	300	5000	1	1,5	100	0	20	3000	0	0	0	0	3	4,170000076	30000	90	60	30	0	0	0	0	0	0	0	0	0	0	0	0	0	0	0	0	0	0	0	0	
13061	Военный Снабженец	-1	0	0	50	3238665	19744,23633	30	65	149	149	0	1555	0	0	0	0	0	0	0	0	0	0	0	0	0	0	0	0	2621	44	1310	2034	1000	1000	300	25	300	5000	1	1,5	100	0	20	3000	0	0	0	0	3	4,170000076	30000	90	60	30	0	0	0	0	0	0	0	0	0	0	0	0	0	0	0	0	0	0	0	0	
0C062	Гражданин	-1	0	0	50	3238665	19744,23633	30	65	149	149	0	1555	0	0	0	0	0	0	0	0	0	0	0	0	0	0	0	0	2621	44	1310	2034	1000	1000	300	25	300	5000	1	1,5	10	0	20	3000	0	0	0	0	3	4,170000076	30000	90	60	30	0	0	0	0	0	0	0	0	0	0	0	0	0	0	0	0	0	0	0	0	
13130	Координатор перемещений	-1	0	0	50	3238665	19744,23633	30	65	149	149	0	1555	0	0	0	0	0	0	0	0	0	0	0	0	0	0	0	0	2621	44	1310	2034	1000	1000	300	25	300	5000	1	1,5	100	0	20	3000	0	0	0	0	3	4,170000076	30000	90	60	30	0	0	0	0	0	0	0	0	0	0	0	0	0	0	0	0	0	0	0	0	
0C130	Координатор перемещений	-1	0	0	50	3238665	19744,23633	30	65	149	149	0	1555	0	0	0	0	0	0	0	0	0	0	0	0	0	0	0	0	2621	44	1310	2034	1000	1000	300	25	300	5000	1	1,5	100	0	20	3000	0	0	0	0	3	4,170000076	30000	90	60	30	0	0	0	0	0	0	0	0	0	0	0	0	0	0	0	0	0	0	0	0	
03130	Координатор перемещений	0	0	0	50	3238665	19744,23633	30	65	149	149	0	1555	0	0	0	0	0	0	0	0	0	0	0	0	0	0	0	0	2621	44	1310	2034	1000	1000	300	25	300	5000	1	1,5	100	0	20	3000	0	0	0	0	3	4,170000076	30000	90	60	30	0	0	0	0	0	0	0	0	0	0	0	0	0	0	0	0	0	0	0	0	
04130	Координатор перемещений	1	0	0	50	3238665	19744,23633	30	65	149	149	0	1555	0	0	0	0	0	0	0	0	0	0	0	0	0	0	0	0	2621	44	1310	2034	1000	1000	300	25	300	5000	1	1,5	100	0	20	3000	0	0	0	0	3	4,170000076	30000	90	60	30	0	0	0	0	0	0	0	0	0	0	0	0	0	0	0	0	0	0	0	0	
05130	Координатор перемещений	2	0	0	50	3238665	19744,23633	30	65	149	149	0	1555	0	0	0	0	0	0	0	0	0	0	0	0	0	0	0	0	2621	44	1310	2034	1000	1000	300	25	300	5000	1	1,5	100	0	20	3000	0	0	0	0	3	4,170000076	30000	90	60	30	0	0	0	0	0	0	0	0	0	0	0	0	0	0	0	0	0	0	0	0	
1E060	Сандри	-1	0	0	50	3238665	19744,23633	30	65	149	149	0	1555	0	0	0	0	0	0	0	0	0	0	0	0	0	0	0	0	2621	44	1310	2034	1000	1000	300	25	300	5000	1	1,5	100	0	20	3000	0	0	0	0	3	4,170000076	30000	90	60	30	0	0	0	0	0	0	0	0	0	0	0	0	0	0	0	0	0	0	0	0	
05061	Рыцарь Ордена Дракона	2	0	0	50	3238665	19744,23633	30	65	149	149	0	1555	0	0	0	0	0	0	0	0	0	0	0	0	0	0	0	0	2621	44	1310	2034	1000	1000	300	25	300	5000	1	1,5	120	0	20	3000	0	0	0	0	3	4,170000076	30000	90	60	30	0	0	0	0	0	0	0	0	0	0	0	0	0	0	0	0	0	0	0	0	
05062	Наемник Картелы	2	0	0	50	3238665	19744,23633	30	65	149	149	0	1555	0	0	0	0	0	0	0	0	0	0	0	0	0	0	0	0	2621	44	1310	2034	1000	1000	300	25	300	5000	1	1,5	120	0	20	3000	0	0	0	0	3	4,170000076	30000	90	60	30	0	0	0	0	0	0	0	0	0	0	0	0	0	0	0	0	0	0	0	0	
05063	Наемник Картелы	2	0	0	50	3238665	19744,23633	30	65	149	149	0	1555	0	0	0	0	0	0	0	0	0	0	0	0	0	0	0	0	2621	44	1310	2034	1000	1000	300	25	300	5000	1	1,5	120	0	20	3000	0	0	0	0	3	4,170000076	30000	90	60	30	0	0	0	0	0	0	0	0	0	0	0	0	0	0	0	0	0	0	0	0	
05064	Наемник Картелы	2	0	0	50	3238665	19744,23633	30	65	149	149	0	1555	0	0	0	0	0	0	0	0	0	0	0	0	0	0	0	0	2621	44	1310	2034	1000	1000	300	25	300	5000	1	1,5	120	0	20	3000	0	0	0	0	3	4,170000076	30000	90	60	30	0	0	0	0	0	0	0	0	0	0	0	0	0	0	0	0	0	0	0	0	
03061	Рыцарь Ордена Дракона	0	0	0	50	3238665	19744,23633	30	65	149	149	0	1555	0	0	0	0	0	0	0	0	0	0	0	0	0	0	0	0	2621	44	1310	2034	1000	1000	300	25	300	5000	1	1,5	120	0	20	3000	0	0	0	0	3	4,170000076	30000	90	60	30	0	0	0	0	0	0	0	0	0	0	0	0	0	0	0	0	0	0	0	0	
03062	Наемник Картелы	0	0	0	50	3238665	19744,23633	30	65	149	149	0	1555	0	0	0	0	0	0	0	0	0	0	0	0	0	0	0	0	2621	44	1310	2034	1000	1000	300	25	300	5000	1	1,5	120	0	20	3000	0	0	0	0	3	4,170000076	30000	90	60	30	0	0	0	0	0	0	0	0	0	0	0	0	0	0	0	0	0	0	0	0	
03063	Наемник Картелы	0	0	0	50	3238665	19744,23633	30	65	149	149	0	1555	0	0	0	0	0	0	0	0	0	0	0	0	0	0	0	0	2621	44	1310	2034	1000	1000	300	25	300	5000	1	1,5	120	0	20	3000	0	0	0	0	3	4,170000076	30000	90	60	30	0	0	0	0	0	0	0	0	0	0	0	0	0	0	0	0	0	0	0	0	
03064	Наемник Картелы	0	0	0	50	3238665	19744,23633	30	65	149	149	0	1555	0	0	0	0	0	0	0	0	0	0	0	0	0	0	0	0	2621	44	1310	2034	1000	1000	300	25	300	5000	1	1,5	120	0	20	3000	0	0	0	0	3	4,170000076	30000	90	60	30	0	0	0	0	0	0	0	0	0	0	0	0	0	0	0	0	0	0	0	0	
04061	Рыцарь Ордена Дракона	1	0	0	50	3238665	19744,23633	30	65	149	149	0	1555	0	0	0	0	0	0	0	0	0	0	0	0	0	0	0	0	2621	44	1310	2034	1000	1000	300	25	300	5000	1	1,5	120	0	20	3000	0	0	0	0	3	4,170000076	30000	90	60	30	0	0	0	0	0	0	0	0	0	0	0	0	0	0	0	0	0	0	0	0	
04062	Наемник Картелы	1	0	0	50	3238665	19744,23633	30	65	149	149	0	1555	0	0	0	0	0	0	0	0	0	0	0	0	0	0	0	0	2621	44	1310	2034	1000	1000	300	25	300	5000	1	1,5	120	0	20	3000	0	0	0	0	3	4,170000076	30000	90	60	30	0	0	0	0	0	0	0	0	0	0	0	0	0	0	0	0	0	0	0	0	
04063	Наемник Картелы	1	0	0	50	3238665	19744,23633	30	65	149	149	0	1555	0	0	0	0	0	0	0	0	0	0	0	0	0	0	0	0	2621	44	1310	2034	1000	1000	300	25	300	5000	1	1,5	120	0	20	3000	0	0	0	0	3	4,170000076	30000	90	60	30	0	0	0	0	0	0	0	0	0	0	0	0	0	0	0	0	0	0	0	0	
04064	Наемник Картелы	1	0	0	50	3238665	19744,23633	30	65	149	149	0	1555	0	0	0	0	0	0	0	0	0	0	0	0	0	0	0	0	2621	44	1310	2034	1000	1000	300	25	300	5000	1	1,5	120	0	20	3000	0	0	0	0	3	4,170000076	30000	90	60	30	0	0	0	0	0	0	0	0	0	0	0	0	0	0	0	0	0	0	0	0	
14030	Фериад	-1	0	0	50	3238665	19744,23633	30	65	149	149	0	1555	0	0	0	0	0	0	0	0	0	0	0	0	0	0	0	0	2621	44	1310	2034	1000	1000	300	25	300	5000	1	1,5	100	0	20	3000	0	0	0	0	3	4,170000076	30000	90	60	30	0	0	0	0	0	0	0	0	0	0	0	0	0	0	0	0	0	0	0	0	
03033	Коллекционер Талик	0	1	0	50	3238665	19744,23633	30	65	149	149	0	1555	0	0	0	0	0	0	0	0	0	0	0	0	0	0	0	0	2621	44	1310	2034	1000	1000	300	25	300	5000	1	1,5	100	0	20	3000	0	0	0	0	3	4,170000076	30000	90	60	30	0	0	0	0	0	0	0	0	0	0	0	0	0	0	0	0	0	0	0	0	
03034	Премиум Менеджер	0	1	0	50	3238665	19744,23633	30	65	149	149	0	1555	0	0	0	0	0	0	0	0	0	0	0	0	0	0	0	0	2621	44	1310	2034	1000	1000	300	25	300	5000	1	1,5	100	0	20	3000	0	0	0	0	3	4,170000076	30000	90	60	30	0	0	0	0	0	0	0	0	0	0	0	0	0	0	0	0	0	0	0	0	
04031	Коллекционер Талик	1	1	0	50	3238665	19744,23633	30	65	149	149	0	1555	0	0	0	0	0	0	0	0	0	0	0	0	0	0	0	0	2621	44	1310	2034	1000	1000	300	25	300	5000	1	1,5	100	0	20	3000	0	0	0	0	3	4,170000076	30000	90	60	30	0	0	0	0	0	0	0	0	0	0	0	0	0	0	0	0	0	0	0	0	
04032	Премиум Менеджер	1	1	0	50	3238665	19744,23633	30	65	149	149	0	1555	0	0	0	0	0	0	0	0	0	0	0	0	0	0	0	0	2621	44	1310	2034	1000	1000	300	25	300	5000	1	1,5	100	0	20	3000	0	0	0	0	3	4,170000076	30000	90	60	30	0	0	0	0	0	0	0	0	0	0	0	0	0	0	0	0	0	0	0	0	
05030	Коллекционер Талик	2	1	0	50	3238665	19744,23633	30	65	149	149	0	1555	0	0	0	0	0	0	0	0	0	0	0	0	0	0	0	0	2621	44	1310	2034	1000	1000	300	25	300	5000	1	1,5	100	0	20	3000	0	0	0	0	3	4,170000076	30000	90	60	30	0	0	0	0	0	0	0	0	0	0	0	0	0	0	0	0	0	0	0	0	
05031	Премиум Менеджер	2	1	0	50	3238665	19744,23633	30	65	149	149	0	1555	0	0	0	0	0	0	0	0	0	0	0	0	0	0	0	0	2621	44	1310	2034	1000	1000	300	25	300	5000	1	1,5	100	0	20	3000	0	0	0	0	3	4,170000076	30000	90	60	30	0	0	0	0	0	0	0	0	0	0	0	0	0	0	0	0	0	0	0	0	
03132	Монумент Победителей	0	1	0	50	3238665	19744,23633	30	65	149	149	0	1555	0	0	0	0	0	0	0	0	0	0	0	0	0	0	0	0	2621	44	1310	2034	1000	1000	300	25	300	5000	1	1,5	100	0	20	3000	0	0	0	0	3	4,170000076	30000	90	60	30	0	0	0	0	0	0	0	0	0	0	0	0	0	0	0	0	0	0	0	0	
04132	Монумент Победителей	1	1	0	50	3238665	19744,23633	30	65	149	149	0	1555	0	0	0	0	0	0	0	0	0	0	0	0	0	0	0	0	2621	44	1310	2034	1000	1000	300	25	300	5000	1	1,5	100	0	20	3000	0	0	0	0	3	4,170000076	30000	90	60	30	0	0	0	0	0	0	0	0	0	0	0	0	0	0	0	0	0	0	0	0	
05132	Монумент Победителей	2	1	0	50	3238665	19744,23633	30	65	149	149	0	1555	0	0	0	0	0	0	0	0	0	0	0	0	0	0	0	0	2621	44	1310	2034	1000	1000	300	25	300	5000	1	1,5	100	0	20	3000	0	0	0	0	3	4,170000076	30000	90	60	30	0	0	0	0	0	0	0	0	0	0	0	0	0	0	0	0	0	0	0	0	
03035	Захваченный Хранитель	0	0	0	50	3238665	19744,23633	30	65	149	149	0	1555	0	0	0	0	0	0	0	0	0	0	0	0	0	0	0	0	2621	44	1310	2034	1000	1000	300	25	300	5000	1	1,5	20	0	20	3000	0	0	0	0	3	4,170000076	30000	90	60	30	0	0	0	0	0	0	0	0	0	0	0	0	0	0	0	0	0	0	0	0	
04033	Захваченный Хранитель	1	0	0	50	3238665	19744,23633	30	65	149	149	0	1555	0	0	0	0	0	0	0	0	0	0	0	0	0	0	0	0	2621	44	1310	2034	1000	1000	300	25	300	5000	1	1,5	20	0	20	3000	0	0	0	0	3	4,170000076	30000	90	60	30	0	0	0	0	0	0	0	0	0	0	0	0	0	0	0	0	0	0	0	0	
05032	Захваченный Хранитель	2	0	0	50	3238665	19744,23633	30	65	149	149	0	1555	0	0	0	0	0	0	0	0	0	0	0	0	0	0	0	0	2621	44	1310	2034	1000	1000	300	25	300	5000	1	1,5	20	0	20	3000	0	0	0	0	3	4,170000076	30000	90	60	30	0	0	0	0	0	0	0	0	0	0	0	0	0	0	0	0	0	0	0	0	
03036	Торговец PVP-наградами	0	0	0	50	3238665	19744,23633	30	65	149	149	0	1555	0	0	0	0	0	0	0	0	0	0	0	0	0	0	0	0	2621	44	1310	2034	1000	1000	300	25	300	5000	1	1,5	100	0	20	3000	0	0	0	0	3	4,170000076	30000	90	60	30	0	0	0	0	0	0	0	0	0	0	0	0	0	0	0	0	0	0	0	0	
04034	Торговец PVP-наградами	1	0	0	50	3238665	19744,23633	30	65	149	149	0	1555	0	0	0	0	0	0	0	0	0	0	0	0	0	0	0	0	2621	44	1310	2034	1000	1000	300	25	300	5000	1	1,5	100	0	20	3000	0	0	0	0	3	4,170000076	30000	90	60	30	0	0	0	0	0	0	0	0	0	0	0	0	0	0	0	0	0	0	0	0	
05033	Торговец PVP-наградами	2	0	0	50	3238665	19744,23633	30	65	149	149	0	1555	0	0	0	0	0	0	0	0	0	0	0	0	0	0	0	0	2621	44	1310	2034	1000	1000	300	25	300	5000	1	1,5	100	0	20	3000	0	0	0	0	3	4,170000076	30000	90	60	30	0	0	0	0	0	0	0	0	0	0	0	0	0	0	0	0	0	0	0	0	
031A1	Помощник	0	1	0	50	3238665	19744,23633	30	65	149	149	0	1555	0	0	0	0	0	0	0	0	0	0	0	0	0	0	0	0	2621	44	1310	2034	1000	1000	300	25	300	5000	1	1,5	100	0	20	3000	0	0	0	0	3	4,170000076	30000	90	60	30	0	0	0	0	0	0	0	0	0	0	0	0	0	0	0	0	0	0	0	0	
031A2	Надзиратель	0	1	0	50	3238665	19744,23633	30	65	149	149	0	1555	0	0	0	0	0	0	0	0	0	0	0	0	0	0	0	0	2621	44	1310	2034	1000	1000	300	25	300	5000	1	1,5	100	0	20	3000	0	0	0	0	3	4,170000076	30000	90	60	30	0	0	0	0	0	0	0	0	0	0	0	0	0	0	0	0	0	0	0	0	
031A3	Надзиратель	0	1	0	50	3238665	19744,23633	30	65	149	149	0	1555	0	0	0	0	0	0	0	0	0	0	0	0	0	0	0	0	2621	44	1310	2034	1000	1000	300	25	300	5000	1	1,5	100	0	20	3000	0	0	0	0	3	4,170000076	30000	90	60	30	0	0	0	0	0	0	0	0	0	0	0	0	0	0	0	0	0	0	0	0	
071A0	Секретарь Магната	0	1	0	50	3238665	19744,23633	30	65	149	149	0	1555	0	0	0	0	0	0	0	0	0	0	0	0	0	0	0	0	2621	44	1310	2034	1000	1000	300	25	300	5000	1	1,5	100	0	20	3000	0	0	0	0	3	4,170000076	30000	90	60	30	0	0	0	0	0	0	0	0	0	0	0	0	0	0	0	0	0	0	0	0	
031A4	Совет Семи	0	1	0	50	3238665	19744,23633	30	65	149	149	0	1555	0	0	0	0	0	0	0	0	0	0	0	0	0	0	0	0	2621	44	1310	2034	1000	1000	300	25	300	5000	1	1,5	100	0	20	3000	0	0	0	0	3	4,170000076	30000	90	60	30	0	0	0	0	0	0	0	0	0	0	0	0	0	0	0	0	0	0	0	0	
131A0	Представитель Расы	-1	1	0	50	3238665	19744,23633	30	65	149	149	0	1555	0	0	0	0	0	0	0	0	0	0	0	0	0	0	0	0	2621	44	1310	2034	1000	1000	300	25	300	5000	1	1,5	100	0	20	3000	0	0	0	0	3	4,170000076	30000	90	60	30	0	0	0	0	0	0	0	0	0	0	0	0	0	0	0	0	0	0	0	0	
131A1	Представитель Расы	-1	1	0	50	3238665	19744,23633	30	65	149	149	0	1555	0	0	0	0	0	0	0	0	0	0	0	0	0	0	0	0	2621	44	1310	2034	1000	1000	300	25	300	5000	1	1,5	100	0	20	3000	0	0	0	0	3	4,170000076	30000	90	60	30	0	0	0	0	0	0	0	0	0	0	0	0	0	0	0	0	0	0	0	0	
221A0	Охранник Портала	0	1	0	50	3238665	19744,23633	30	65	149	149	0	1555	0	0	0	0	0	0	0	0	0	0	0	0	0	0	0	0	2621	44	1310	2034	1000	1000	300	25	300	5000	1	1,5	100	0	20	3000	0	0	0	0	3	4,170000076	30000	90	60	30	0	0	0	0	0	0	0	0	0	0	0	0	0	0	0	0	0	0	0	0	
041A1	Клиент	1	1	0	50	3238665	19744,23633	30	65	149	149	0	1555	0	0	0	0	0	0	0	0	0	0	0	0	0	0	0	0	2621	44	1310	2034	1000	1000	300	25	300	5000	1	1,5	100	0	20	3000	0	0	0	0	3	4,170000076	30000	90	60	30	0	0	0	0	0	0	0	0	0	0	0	0	0	0	0	0	0	0	0	0	
081A0	Софист	1	1	0	50	3238665	19744,23633	30	65	149	149	0	1555	0	0	0	0	0	0	0	0	0	0	0	0	0	0	0	0	2621	44	1310	2034	1000	1000	300	25	300	5000	1	1,5	100	0	20	3000	0	0	0	0	3	4,170000076	30000	90	60	30	0	0	0	0	0	0	0	0	0	0	0	0	0	0	0	0	0	0	0	0	
041A2	Надзиратель	1	1	0	50	3238665	19744,23633	30	65	149	149	0	1555	0	0	0	0	0	0	0	0	0	0	0	0	0	0	0	0	2621	44	1310	2034	1000	1000	300	25	300	5000	1	1,5	100	0	20	3000	0	0	0	0	3	4,170000076	30000	90	60	30	0	0	0	0	0	0	0	0	0	0	0	0	0	0	0	0	0	0	0	0	
081A1	Заместитель Надзирателя	1	1	0	50	3238665	19744,23633	30	65	149	149	0	1555	0	0	0	0	0	0	0	0	0	0	0	0	0	0	0	0	2621	44	1310	2034	1000	1000	300	25	300	5000	1	1,5	100	0	20	3000	0	0	0	0	3	4,170000076	30000	90	60	30	0	0	0	0	0	0	0	0	0	0	0	0	0	0	0	0	0	0	0	0	
041A3	Клиент	1	1	0	50	3238665	19744,23633	30	65	149	149	0	1555	0	0	0	0	0	0	0	0	0	0	0	0	0	0	0	0	2621	44	1310	2034	1000	1000	300	25	300	5000	1	1,5	100	0	20	3000	0	0	0	0	3	4,170000076	30000	90	60	30	0	0	0	0	0	0	0	0	0	0	0	0	0	0	0	0	0	0	0	0	
041A4	Представитель Архиепископа	1	1	0	50	3238665	19744,23633	30	65	149	149	0	1555	0	0	0	0	0	0	0	0	0	0	0	0	0	0	0	0	2621	44	1310	2034	1000	1000	300	25	300	5000	1	1,5	100	0	20	3000	0	0	0	0	3	4,170000076	30000	90	60	30	0	0	0	0	0	0	0	0	0	0	0	0	0	0	0	0	0	0	0	0	
221A1	Охранник Портала	1	1	0	50	3238665	19744,23633	30	65	149	149	0	1555	0	0	0	0	0	0	0	0	0	0	0	0	0	0	0	0	2621	44	1310	2034	1000	1000	300	25	300	5000	1	1,5	100	0	20	3000	0	0	0	0	3	4,170000076	30000	90	60	30	0	0	0	0	0	0	0	0	0	0	0	0	0	0	0	0	0	0	0	0	
0B1A0	Ветеран	2	1	0	50	3238665	19744,23633	30	65	149	149	0	1555	0	0	0	0	0	0	0	0	0	0	0	0	0	0	0	0	2621	44	1310	2034	1000	1000	300	25	300	5000	1	1,5	100	0	20	3000	0	0	0	0	3	4,170000076	30000	90	60	30	0	0	0	0	0	0	0	0	0	0	0	0	0	0	0	0	0	0	0	0	
051A1	Заслуженная Персона	2	1	0	50	3238665	19744,23633	30	65	149	149	0	1555	0	0	0	0	0	0	0	0	0	0	0	0	0	0	0	0	2621	44	1310	2034	1000	1000	300	25	300	5000	1	1,5	100	0	20	3000	0	0	0	0	3	4,170000076	30000	90	60	30	0	0	0	0	0	0	0	0	0	0	0	0	0	0	0	0	0	0	0	0	
051A2	Представитель Трибуна	2	1	0	50	3238665	19744,23633	30	65	149	149	0	1555	0	0	0	0	0	0	0	0	0	0	0	0	0	0	0	0	2621	44	1310	2034	1000	1000	300	25	300	5000	1	1,5	100	0	20	3000	0	0	0	0	3	4,170000076	30000	90	60	30	0	0	0	0	0	0	0	0	0	0	0	0	0	0	0	0	0	0	0	0	
221A2	Охранник Портала	2	1	0	50	3238665	19744,23633	30	65	149	149	0	1555	0	0	0	0	0	0	0	0	0	0	0	0	0	0	0	0	2621	44	1310	2034	1000	1000	300	25	300	5000	1	1,5	100	0	20	3000	0	0	0	0	3	4,170000076	30000	90	60	30	0	0	0	0	0	0	0	0	0	0	0	0	0	0	0	0	0	0	0	0	
0C1A0	Торговец Картелы	-1	1	0	50	3238665	19744,23633	30	65	149	149	0	1555	0	0	0	0	0	0	0	0	0	0	0	0	0	0	0	0	2621	44	1310	2034	1000	1000	300	25	300	5000	1	1,5	100	0	20	3000	0	0	0	0	3	4,170000076	30000	90	60	30	0	0	0	0	0	0	0	0	0	0	0	0	0	0	0	0	0	0	0	0	
131A2	Устройство Анализа	-1	1	0	50	3238665	19744,23633	30	65	149	149	0	1555	0	0	0	0	0	0	0	0	0	0	0	0	0	0	0	0	2621	44	1310	2034	1000	1000	300	25	300	5000	1	1,5	100	0	20	3000	0	0	0	0	3	4,170000076	30000	90	60	30	0	0	0	0	0	0	0	0	0	0	0	0	0	0	0	0	0	0	0	0	
041A5	Устройство Вызова Существ из Дру	1	1	0	50	3238665	19744,23633	30	65	149	149	0	1555	0	0	0	0	0	0	0	0	0	0	0	0	0	0	0	0	2621	44	1310	2034	1000	1000	300	25	300	5000	1	1,5	80	0	20	3000	0	0	0	0	3	4,170000076	30000	90	60	30	0	0	0	0	0	0	0	0	0	0	0	0	0	0	0	0	0	0	0	0	
0A1A0	Реликвия Катакомб	2	1	0	50	3238665	19744,23633	30	65	149	149	0	1555	0	0	0	0	0	0	0	0	0	0	0	0	0	0	0	0	2621	44	1310	2034	1000	1000	300	25	300	5000	1	1,5	80	0	20	3000	0	0	0	0	3	4,170000076	30000	90	60	30	0	0	0	0	0	0	0	0	0	0	0	0	0	0	0	0	0	0	0	0	
0A1A1	Реликвия Грабителя	2	1	0	50	3238665	19744,23633	30	65	149	149	0	1555	0	0	0	0	0	0	0	0	0	0	0	0	0	0	0	0	2621	44	1310	2034	1000	1000	300	25	300	5000	1	1,5	80	0	20	3000	0	0	0	0	3	4,170000076	30000	90	60	30	0	0	0	0	0	0	0	0	0	0	0	0	0	0	0	0	0	0	0	0	
051A3	Реликвия Грабителя Гробниц	2	1	0	50	3238665	19744,23633	30	65	149	149	0	1555	0	0	0	0	0	0	0	0	0	0	0	0	0	0	0	0	2621	44	1310	2034	1000	1000	300	25	300	5000	1	1,5	80	0	20	3000	0	0	0	0	3	4,170000076	30000	90	60	30	0	0	0	0	0	0	0	0	0	0	0	0	0	0	0	0	0	0	0	0	
1F1A0	Духовная Коробка	-1	1	0	50	3238665	19744,23633	30	65	149	149	0	1555	0	0	0	0	0	0	0	0	0	0	0	0	0	0	0	0	2621	44	1310	2034	1000	1000	300	25	300	5000	1	1,5	100	0	20	3000	0	0	0	0	3	4,170000076	30000	90	60	30	0	0	0	0	0	0	0	0	0	0	0	0	0	0	0	0	0	0	0	0	
051A4	Помощник	2	1	0	50	3238665	19744,23633	30	65	149	149	0	1555	0	0	0	0	0	0	0	0	0	0	0	0	0	0	0	0	2621	44	1310	2034	1000	1000	300	25	300	5000	1	1,5	100	0	20	3000	0	0	0	0	3	4,170000076	30000	90	60	30	0	0	0	0	0	0	0	0	0	0	0	0	0	0	0	0	0	0	0	0	
031A5	Пойманный Солдат Другой Расы	0	1	0	50	3238665	19744,23633	30	65	149	149	0	1555	0	0	0	0	0	0	0	0	0	0	0	0	0	0	0	0	2621	44	1310	2034	1000	1000	300	25	300	5000	1	1,5	100	0	20	3000	0	0	0	0	3	4,170000076	30000	90	60	30	0	0	0	0	0	0	0	0	0	0	0	0	0	0	0	0	0	0	0	0	
031A6	Пойманный Солдат Другой Расы	0	1	0	50	3238665	19744,23633	30	65	149	149	0	1555	0	0	0	0	0	0	0	0	0	0	0	0	0	0	0	0	2621	44	1310	2034	1000	1000	300	25	300	5000	1	1,5	100	0	20	3000	0	0	0	0	3	4,170000076	30000	90	60	30	0	0	0	0	0	0	0	0	0	0	0	0	0	0	0	0	0	0	0	0	
131A3	Посыльный Кор	-1	1	0	50	3238665	19744,23633	30	65	149	149	0	1555	0	0	0	0	0	0	0	0	0	0	0	0	0	0	0	0	2621	44	1310	2034	1000	1000	300	25	300	5000	1	1,5	100	0	20	3000	0	0	0	0	3	4,170000076	30000	90	60	30	0	0	0	0	0	0	0	0	0	0	0	0	0	0	0	0	0	0	0	0	
131A4	Посыльный Беллато	-1	1	0	50	3238665	19744,23633	30	65	149	149	0	1555	0	0	0	0	0	0	0	0	0	0	0	0	0	0	0	0	2621	44	1310	2034	1000	1000	300	25	300	5000	1	1,5	100	0	20	3000	0	0	0	0	3	4,170000076	30000	90	60	30	0	0	0	0	0	0	0	0	0	0	0	0	0	0	0	0	0	0	0	0	
141A0	Культист Торговец	-1	1	0	50	3238665	19744,23633	30	65	149	149	0	1555	0	0	0	0	0	0	0	0	0	0	0	0	0	0	0	0	2621	44	1310	2034	1000	1000	300	25	300	5000	1	1,5	100	0	20	3000	0	0	0	0	3	4,170000076	30000	90	60	30	0	0	0	0	0	0	0	0	0	0	0	0	0	0	0	0	0	0	0	0	
041A6	Пойманный Солдат Другой Расы	1	1	0	50	3238665	19744,23633	30	65	149	149	0	1555	0	0	0	0	0	0	0	0	0	0	0	0	0	0	0	0	2621	44	1310	2034	1000	1000	300	25	300	5000	1	1,5	100	0	20	3000	0	0	0	0	3	4,170000076	30000	90	60	30	0	0	0	0	0	0	0	0	0	0	0	0	0	0	0	0	0	0	0	0	
041A7	Пойманный Солдат Другой Расы	1	1	0	50	3238665	19744,23633	30	65	149	149	0	1555	0	0	0	0	0	0	0	0	0	0	0	0	0	0	0	0	2621	44	1310	2034	1000	1000	300	25	300	5000	1	1,5	100	0	20	3000	0	0	0	0	3	4,170000076	30000	90	60	30	0	0	0	0	0	0	0	0	0	0	0	0	0	0	0	0	0	0	0	0	
081A2	Пойманный Змееголов	1	1	0	50	3238665	19744,23633	30	65	149	149	0	1555	0	0	0	0	0	0	0	0	0	0	0	0	0	0	0	0	2621	44	1310	2034	1000	1000	300	25	300	5000	1	1,5	100	0	20	3000	0	0	0	0	3	4,170000076	30000	90	60	30	0	0	0	0	0	0	0	0	0	0	0	0	0	0	0	0	0	0	0	0	
051A5	Пойманный Шипоголов	2	1	0	50	3238665	19744,23633	30	65	149	149	0	1555	0	0	0	0	0	0	0	0	0	0	0	0	0	0	0	0	2621	44	1310	2034	1000	1000	300	25	300	5000	1	1,5	100	0	20	3000	0	0	0	0	3	4,170000076	30000	90	60	30	0	0	0	0	0	0	0	0	0	0	0	0	0	0	0	0	0	0	0	0	
131A5	Посыльный Акретии	-1	1	0	50	3238665	19744,23633	30	65	149	149	0	1555	0	0	0	0	0	0	0	0	0	0	0	0	0	0	0	0	2621	44	1310	2034	1000	1000	300	25	300	5000	1	1,5	100	0	20	3000	0	0	0	0	3	4,170000076	30000	90	60	30	0	0	0	0	0	0	0	0	0	0	0	0	0	0	0	0	0	0	0	0	
131A6	Представитель Совета Трех Рас	-1	1	0	50	3238665	19744,23633	30	65	149	149	0	1555	0	0	0	0	0	0	0	0	0	0	0	0	0	0	0	0	2621	44	1310	2034	1000	1000	300	25	300	5000	1	1,5	100	0	20	3000	0	0	0	0	3	4,170000076	30000	90	60	30	0	0	0	0	0	0	0	0	0	0	0	0	0	0	0	0	0	0	0	0	
141A1	Змееголов Торговец	-1	1	0	50	3238665	19744,23633	30	65	149	149	0	1555	0	0	0	0	0	0	0	0	0	0	0	0	0	0	0	0	2621	44	1310	2034	1000	1000	300	25	300	5000	1	1,5	100	0	20	3000	0	0	0	0	3	4,170000076	30000	90	60	30	0	0	0	0	0	0	0	0	0	0	0	0	0	0	0	0	0	0	0	0	
051A6	Пойманный Солдат Другой Расы	2	1	0	50	3238665	19744,23633	30	65	149	149	0	1555	0	0	0	0	0	0	0	0	0	0	0	0	0	0	0	0	2621	44	1310	2034	1000	1000	300	25	300	5000	1	1,5	100	0	20	3000	0	0	0	0	3	4,170000076	30000	90	60	30	0	0	0	0	0	0	0	0	0	0	0	0	0	0	0	0	0	0	0	0	
141A2	Шипоголов Торговец	-1	1	0	50	3238665	19744,23633	30	65	149	149	0	1555	0	0	0	0	0	0	0	0	0	0	0	0	0	0	0	0	2621	44	1310	2034	1000	1000	300	25	300	5000	1	1,5	100	0	20	3000	0	0	0	0	3	4,170000076	30000	90	60	30	0	0	0	0	0	0	0	0	0	0	0	0	0	0	0	0	0	0	0	0	
211A1	Торговец Карабана	-1	1	0	50	3238665	19744,23633	30	65	149	149	0	1555	0	0	0	0	0	0	0	0	0	0	0	0	0	0	0	0	2621	44	1310	2034	1000	1000	300	25	300	5000	1	1,5	100	0	20	3000	0	0	0	0	3	4,170000076	30000	90	60	30	0	0	0	0	0	0	0	0	0	0	0	0	0	0	0	0	0	0	0	0	
0C1A1	Устройство Открывающее Лаборатор	-1	1	0	50	3238665	19744,23633	30	65	149	149	0	1555	0	0	0	0	0	0	0	0	0	0	0	0	0	0	0	0	2621	44	1310	2034	1000	1000	300	25	300	5000	1	1,5	100	0	20	3000	0	0	0	0	3	4,170000076	30000	90	60	30	0	0	0	0	0	0	0	0	0	0	0	0	0	0	0	0	0	0	0	0	
211A3	Устройство Включающее Голограмму	-1	1	0	50	3238665	19744,23633	30	65	149	149	0	1555	0	0	0	0	0	0	0	0	0	0	0	0	0	0	0	0	2621	44	1310	2034	1000	1000	300	25	300	5000	1	1,5	100	0	20	3000	0	0	0	0	3	4,170000076	30000	90	60	30	0	0	0	0	0	0	0	0	0	0	0	0	0	0	0	0	0	0	0	0	
211A4	Устройство Включающее Голограмму	-1	1	0	50	3238665	19744,23633	30	65	149	149	0	1555	0	0	0	0	0	0	0	0	0	0	0	0	0	0	0	0	2621	44	1310	2034	1000	1000	300	25	300	5000	1	1,5	100	0	20	3000	0	0	0	0	3	4,170000076	30000	90	60	30	0	0	0	0	0	0	0	0	0	0	0	0	0	0	0	0	0	0	0	0	
211A5	Устройство Включающее Голограмму	-1	1	0	50	3238665	19744,23633	30	65	149	149	0	1555	0	0	0	0	0	0	0	0	0	0	0	0	0	0	0	0	2621	44	1310	2034	1000	1000	300	25	300	5000	1	1,5	100	0	20	3000	0	0	0	0	3	4,170000076	30000	90	60	30	0	0	0	0	0	0	0	0	0	0	0	0	0	0	0	0	0	0	0	0	
211A6	Устройство Включающее Голограмму	-1	1	0	50	3238665	19744,23633	30	65	149	149	0	1555	0	0	0	0	0	0	0	0	0	0	0	0	0	0	0	0	2621	44	1310	2034	1000	1000	300	25	300	5000	1	1,5	100	0	20	3000	0	0	0	0	3	4,170000076	30000	90	60	30	0	0	0	0	0	0	0	0	0	0	0	0	0	0	0	0	0	0	0	0	
211A7	Устройство Включающее Голограмму	-1	1	0	50	3238665	19744,23633	30	65	149	149	0	1555	0	0	0	0	0	0	0	0	0	0	0	0	0	0	0	0	2621	44	1310	2034	1000	1000	300	25	300	5000	1	1,5	100	0	20	3000	0	0	0	0	3	4,170000076	30000	90	60	30	0	0	0	0	0	0	0	0	0	0	0	0	0	0	0	0	0	0	0	0	
211A8	Устройство Включающее Голограмму	-1	1	0	50	3238665	19744,23633	30	65	149	149	0	1555	0	0	0	0	0	0	0	0	0	0	0	0	0	0	0	0	2621	44	1310	2034	1000	1000	300	25	300	5000	1	1,5	100	0	20	3000	0	0	0	0	3	4,170000076	30000	90	60	30	0	0	0	0	0	0	0	0	0	0	0	0	0	0	0	0	0	0	0	0	
1F1A1	Водный Мотоцикл	-1	1	0	50	3238665	19744,23633	30	65	149	149	0	1555	0	0	0	0	0	0	0	0	0	0	0	0	0	0	0	0	2621	44	1310	2034	1000	1000	300	25	300	5000	1	1,5	100	0	20	3000	0	0	0	0	3	4,170000076	30000	90	60	30	0	0	0	0	0	0	0	0	0	0	0	0	0	0	0	0	0	0	0	0	
1F1A2	Дистанционная Карта и Компас	-1	1	0	50	3238665	19744,23633	30	65	149	149	0	1555	0	0	0	0	0	0	0	0	0	0	0	0	0	0	0	0	2621	44	1310	2034	1000	1000	300	25	300	5000	1	1,5	100	0	20	3000	0	0	0	0	3	4,170000076	30000	90	60	30	0	0	0	0	0	0	0	0	0	0	0	0	0	0	0	0	0	0	0	0	
1F1A3	Первая Часть Дневника	-1	1	0	50	3238665	19744,23633	30	65	149	149	0	1555	0	0	0	0	0	0	0	0	0	0	0	0	0	0	0	0	2621	44	1310	2034	1000	1000	300	25	300	5000	1	1,5	100	0	20	3000	0	0	0	0	3	4,170000076	30000	90	60	30	0	0	0	0	0	0	0	0	0	0	0	0	0	0	0	0	0	0	0	0	
1F1A4	Заблокированный Передатчик	-1	1	0	50	3238665	19744,23633	30	65	149	149	0	1555	0	0	0	0	0	0	0	0	0	0	0	0	0	0	0	0	2621	44	1310	2034	1000	1000	300	25	300	5000	1	1,5	100	0	20	3000	0	0	0	0	3	4,170000076	30000	90	60	30	0	0	0	0	0	0	0	0	0	0	0	0	0	0	0	0	0	0	0	0	
1E1A0	Первая Куча Земли	-1	1	0	50	3238665	19744,23633	30	65	149	149	0	1555	0	0	0	0	0	0	0	0	0	0	0	0	0	0	0	0	2621	44	1310	2034	1000	1000	300	25	300	5000	1	1,5	100	0	20	3000	0	0	0	0	3	4,170000076	30000	90	60	30	0	0	0	0	0	0	0	0	0	0	0	0	0	0	0	0	0	0	0	0	
1E1A1	Вторая Куча Земли	-1	1	0	50	3238665	19744,23633	30	65	149	149	0	1555	0	0	0	0	0	0	0	0	0	0	0	0	0	0	0	0	2621	44	1310	2034	1000	1000	300	25	300	5000	1	1,5	100	0	20	3000	0	0	0	0	3	4,170000076	30000	90	60	30	0	0	0	0	0	0	0	0	0	0	0	0	0	0	0	0	0	0	0	0	
1E1A2	Третья Куча Земли	-1	1	0	50	3238665	19744,23633	30	65	149	149	0	1555	0	0	0	0	0	0	0	0	0	0	0	0	0	0	0	0	2621	44	1310	2034	1000	1000	300	25	300	5000	1	1,5	100	0	20	3000	0	0	0	0	3	4,170000076	30000	90	60	30	0	0	0	0	0	0	0	0	0	0	0	0	0	0	0	0	0	0	0	0	
1E1A3	Четвертая Куча Земли	-1	1	0	50	3238665	19744,23633	30	65	149	149	0	1555	0	0	0	0	0	0	0	0	0	0	0	0	0	0	0	0	2621	44	1310	2034	1000	1000	300	25	300	5000	1	1,5	100	0	20	3000	0	0	0	0	3	4,170000076	30000	90	60	30	0	0	0	0	0	0	0	0	0	0	0	0	0	0	0	0	0	0	0	0	
1E1A4	Пятая Куча Земли	-1	1	0	50	3238665	19744,23633	30	65	149	149	0	1555	0	0	0	0	0	0	0	0	0	0	0	0	0	0	0	0	2621	44	1310	2034	1000	1000	300	25	300	5000	1	1,5	100	0	20	3000	0	0	0	0	3	4,170000076	30000	90	60	30	0	0	0	0	0	0	0	0	0	0	0	0	0	0	0	0	0	0	0	0	
141A3	Часть Разрушенного Хвоста	-1	1	0	50	3238665	19744,23633	30	65	149	149	0	1555	0	0	0	0	0	0	0	0	0	0	0	0	0	0	0	0	2621	44	1310	2034	1000	1000	300	25	300	5000	1	1,5	100	0	20	3000	0	0	0	0	3	4,170000076	30000	90	60	30	0	0	0	0	0	0	0	0	0	0	0	0	0	0	0	0	0	0	0	0	
141A4	Часть Разрушенного Крыла	-1	1	0	50	3238665	19744,23633	30	65	149	149	0	1555	0	0	0	0	0	0	0	0	0	0	0	0	0	0	0	0	2621	44	1310	2034	1000	1000	300	25	300	5000	1	1,5	100	0	20	3000	0	0	0	0	3	4,170000076	30000	90	60	30	0	0	0	0	0	0	0	0	0	0	0	0	0	0	0	0	0	0	0	0	
141A5	Разрушенный Двигатель	-1	1	0	50	3238665	19744,23633	30	65	149	149	0	1555	0	0	0	0	0	0	0	0	0	0	0	0	0	0	0	0	2621	44	1310	2034	1000	1000	300	25	300	5000	1	1,5	100	0	20	3000	0	0	0	0	3	4,170000076	30000	90	60	30	0	0	0	0	0	0	0	0	0	0	0	0	0	0	0	0	0	0	0	0	
141A6	Часть Разрушенного Носа	-1	1	0	50	3238665	19744,23633	30	65	149	149	0	1555	0	0	0	0	0	0	0	0	0	0	0	0	0	0	0	0	2621	44	1310	2034	1000	1000	300	25	300	5000	1	1,5	100	0	20	3000	0	0	0	0	3	4,170000076	30000	90	60	30	0	0	0	0	0	0	0	0	0	0	0	0	0	0	0	0	0	0	0	0	
141A7	Разрушенный Штурвал	-1	1	0	50	3238665	19744,23633	30	65	149	149	0	1555	0	0	0	0	0	0	0	0	0	0	0	0	0	0	0	0	2621	44	1310	2034	1000	1000	300	25	300	5000	1	1,5	100	0	20	3000	0	0	0	0	3	4,170000076	30000	90	60	30	0	0	0	0	0	0	0	0	0	0	0	0	0	0	0	0	0	0	0	0	
061A0	Упакованные Вещи	0	1	0	50	3238665	19744,23633	30	65	149	149	0	1555	0	0	0	0	0	0	0	0	0	0	0	0	0	0	0	0	2621	44	1310	2034	1000	1000	300	25	300	5000	1	1,5	100	0	20	3000	0	0	0	0	3	4,170000076	30000	90	60	30	0	0	0	0	0	0	0	0	0	0	0	0	0	0	0	0	0	0	0	0	
091A0	Упакованные Вещи	1	1	0	50	3238665	19744,23633	30	65	149	149	0	1555	0	0	0	0	0	0	0	0	0	0	0	0	0	0	0	0	2621	44	1310	2034	1000	1000	300	25	300	5000	1	1,5	100	0	20	3000	0	0	0	0	3	4,170000076	30000	90	60	30	0	0	0	0	0	0	0	0	0	0	0	0	0	0	0	0	0	0	0	0	
0A1A2	Упакованные Вещи	2	1	0	50	3238665	19744,23633	30	65	149	149	0	1555	0	0	0	0	0	0	0	0	0	0	0	0	0	0	0	0	2621	44	1310	2034	1000	1000	300	25	300	5000	1	1,5	100	0	20	3000	0	0	0	0	3	4,170000076	30000	90	60	30	0	0	0	0	0	0	0	0	0	0	0	0	0	0	0	0	0	0	0	0	
221A3	Дышащий Камень	-1	1	0	50	3238665	19744,23633	30	65	149	149	0	1555	0	0	0	0	0	0	0	0	0	0	0	0	0	0	0	0	2621	44	1310	2034	1000	1000	300	25	300	5000	1	1,5	100	0	20	3000	0	0	0	0	3	4,170000076	30000	90	60	30	0	0	0	0	0	0	0	0	0	0	0	0	0	0	0	0	0	0	0	0	
0A030	Пост Войск Империи	2	0	0	50	3238665	19744,23633	30	65	149	149	0	1555	0	0	0	0	0	0	0	0	0	0	0	0	0	0	0	0	2621	44	1310	2034	1000	1000	300	25	300	5000	1	1,5	100	0	20	3000	0	0	0	0	3	4,170000076	30000	90	60	30	0	0	0	0	0	0	0	0	0	0	0	0	0	0	0	0	0	0	0	0	
0A031	Пост Войск Империи	2	0	0	50	3238665	19744,23633	30	65	149	149	0	1555	0	0	0	0	0	0	0	0	0	0	0	0	0	0	0	0	2621	44	1310	2034	1000	1000	300	25	300	5000	1	1,5	100	0	20	3000	0	0	0	0	3	4,170000076	30000	90	60	30	0	0	0	0	0	0	0	0	0	0	0	0	0	0	0	0	0	0	0	0	
0B030	Пост Войск Империи	2	0	0	50	3238665	19744,23633	30	65	149	149	0	1555	0	0	0	0	0	0	0	0	0	0	0	0	0	0	0	0	2621	44	1310	2034	1000	1000	300	25	300	5000	1	1,5	100	0	20	3000	0	0	0	0	3	4,170000076	30000	90	60	30	0	0	0	0	0	0	0	0	0	0	0	0	0	0	0	0	0	0	0	0	
0B031	Пост Войск Империи	2	0	0	50	3238665	19744,23633	30	65	149	149	0	1555	0	0	0	0	0	0	0	0	0	0	0	0	0	0	0	0	2621	44	1310	2034	1000	1000	300	25	300	5000	1	1,5	100	0	20	3000	0	0	0	0	3	4,170000076	30000	90	60	30	0	0	0	0	0	0	0	0	0	0	0	0	0	0	0	0	0	0	0	0	
06030	Пост Войск Федерации 	0	0	0	50	3238665	19744,23633	30	65	149	149	0	1555	0	0	0	0	0	0	0	0	0	0	0	0	0	0	0	0	2621	44	1310	2034	1000	1000	300	25	300	5000	1	1,5	100	0	20	3000	0	0	0	0	3	4,170000076	30000	90	60	30	0	0	0	0	0	0	0	0	0	0	0	0	0	0	0	0	0	0	0	0	
06031	Пост Войск Федерации 	0	0	0	50	3238665	19744,23633	30	65	149	149	0	1555	0	0	0	0	0	0	0	0	0	0	0	0	0	0	0	0	2621	44	1310	2034	1000	1000	300	25	300	5000	1	1,5	100	0	20	3000	0	0	0	0	3	4,170000076	30000	90	60	30	0	0	0	0	0	0	0	0	0	0	0	0	0	0	0	0	0	0	0	0	
07030	Пост Войск Федерации 	0	0	0	50	3238665	19744,23633	30	65	149	149	0	1555	0	0	0	0	0	0	0	0	0	0	0	0	0	0	0	0	2621	44	1310	2034	1000	1000	300	25	300	5000	1	1,5	100	0	20	3000	0	0	0	0	3	4,170000076	30000	90	60	30	0	0	0	0	0	0	0	0	0	0	0	0	0	0	0	0	0	0	0	0	
07031	Пост Войск Федерации 	0	0	0	50	3238665	19744,23633	30	65	149	149	0	1555	0	0	0	0	0	0	0	0	0	0	0	0	0	0	0	0	2621	44	1310	2034	1000	1000	300	25	300	5000	1	1,5	100	0	20	3000	0	0	0	0	3	4,170000076	30000	90	60	30	0	0	0	0	0	0	0	0	0	0	0	0	0	0	0	0	0	0	0	0	
08030	Пост Войск Альянса	1	0	0	50	3238665	19744,23633	30	65	149	149	0	1555	0	0	0	0	0	0	0	0	0	0	0	0	0	0	0	0	2621	44	1310	2034	1000	1000	300	25	300	5000	1	1,5	100	0	20	3000	0	0	0	0	3	4,170000076	30000	90	60	30	0	0	0	0	0	0	0	0	0	0	0	0	0	0	0	0	0	0	0	0	
08031	Пост Войск Альянса	1	0	0	50	3238665	19744,23633	30	65	149	149	0	1555	0	0	0	0	0	0	0	0	0	0	0	0	0	0	0	0	2621	44	1310	2034	1000	1000	300	25	300	5000	1	1,5	100	0	20	3000	0	0	0	0	3	4,170000076	30000	90	60	30	0	0	0	0	0	0	0	0	0	0	0	0	0	0	0	0	0	0	0	0	
09030	Пост Войск Альянса	1	0	0	50	3238665	19744,23633	30	65	149	149	0	1555	0	0	0	0	0	0	0	0	0	0	0	0	0	0	0	0	2621	44	1310	2034	1000	1000	300	25	300	5000	1	1,5	100	0	20	3000	0	0	0	0	3	4,170000076	30000	90	60	30	0	0	0	0	0	0	0	0	0	0	0	0	0	0	0	0	0	0	0	0	
09031	Пост Войск Альянса	1	0	0	50	3238665	19744,23633	30	65	149	149	0	1555	0	0	0	0	0	0	0	0	0	0	0	0	0	0	0	0	2621	44	1310	2034	1000	1000	300	25	300	5000	1	1,5	100	0	20	3000	0	0	0	0	3	4,170000076	30000	90	60	30	0	0	0	0	0	0	0	0	0	0	0	0	0	0	0	0	0	0	0	0	
131A7	Продавец Квестов	-1	1	0	50	3238665	19744,23633	30	65	149	149	0	1555	0	0	0	0	0	0	0	0	0	0	0	0	0	0	0	0	2621	44	1310	2034	1000	1000	300	25	300	5000	1	1,5	100	0	20	3000	0	0	0	0	3	4,170000076	30000	90	60	30	0	0	0	0	0	0	0	0	0	0	0	0	0	0	0	0	0	0	0	0	
05034	Маленькая Золотая Хрюшка	2	0	0	50	3238665	19744,23633	30	65	149	149	0	1555	0	0	0	0	0	0	0	0	0	0	0	0	0	0	0	0	2621	44	1310	2034	1000	1000	300	25	300	5000	1	1,5	120	0	20	3000	0	0	0	0	3	4,170000076	30000	90	60	30	0	0	0	0	0	0	0	0	0	0	0	0	0	0	0	0	0	0	0	0	
05035	Маленькая Золотая Хрюшка	2	0	0	50	3238665	19744,23633	30	65	149	149	0	1555	0	0	0	0	0	0	0	0	0	0	0	0	0	0	0	0	2621	44	1310	2034	1000	1000	300	25	300	5000	1	1,5	150	0	20	3000	0	0	0	0	3	4,170000076	30000	90	60	30	0	0	0	0	0	0	0	0	0	0	0	0	0	0	0	0	0	0	0	0	
05036	Маленькая Золотая Хрюшка	2	0	0	50	3238665	19744,23633	30	65	149	149	0	1555	0	0	0	0	0	0	0	0	0	0	0	0	0	0	0	0	2621	44	1310	2034	1000	1000	300	25	300	5000	1	1,5	130	0	20	3000	0	0	0	0	3	4,170000076	30000	90	60	30	0	0	0	0	0	0	0	0	0	0	0	0	0	0	0	0	0	0	0	0	
05037	Маленькая Золотая Хрюшка	2	0	0	50	3238665	19744,23633	30	65	149	149	0	1555	0	0	0	0	0	0	0	0	0	0	0	0	0	0	0	0	2621	44	1310	2034	1000	1000	300	25	300	5000	1	1,5	120	0	20	3000	0	0	0	0	3	4,170000076	30000	90	60	30	0	0	0	0	0	0	0	0	0	0	0	0	0	0	0	0	0	0	0	0	
05038	Маленькая Золотая Хрюшка	2	0	0	50	3238665	19744,23633	30	65	149	149	0	1555	0	0	0	0	0	0	0	0	0	0	0	0	0	0	0	0	2621	44	1310	2034	1000	1000	300	25	300	5000	1	1,5	120	0	20	3000	0	0	0	0	3	4,170000076	30000	90	60	30	0	0	0	0	0	0	0	0	0	0	0	0	0	0	0	0	0	0	0	0	
05039	Маленькая Золотая Хрюшка	2	0	0	50	3238665	19744,23633	30	65	149	149	0	1555	0	0	0	0	0	0	0	0	0	0	0	0	0	0	0	0	2621	44	1310	2034	1000	1000	300	25	300	5000	1	1,5	130	0	20	3000	0	0	0	0	3	4,170000076	30000	90	60	30	0	0	0	0	0	0	0	0	0	0	0	0	0	0	0	0	0	0	0	0	
0503A	Маленькая Золотая Хрюшка	2	0	0	50	3238665	19744,23633	30	65	149	149	0	1555	0	0	0	0	0	0	0	0	0	0	0	0	0	0	0	0	2621	44	1310	2034	1000	1000	300	25	300	5000	1	1,5	120	0	20	3000	0	0	0	0	3	4,170000076	30000	90	60	30	0	0	0	0	0	0	0	0	0	0	0	0	0	0	0	0	0	0	0	0	
03037	Маленькая Золотая Хрюшка	0	0	0	50	3238665	19744,23633	30	65	149	149	0	1555	0	0	0	0	0	0	0	0	0	0	0	0	0	0	0	0	2621	44	1310	2034	1000	1000	300	25	300	5000	1	1,5	120	0	20	3000	0	0	0	0	3	4,170000076	30000	90	60	30	0	0	0	0	0	0	0	0	0	0	0	0	0	0	0	0	0	0	0	0	
03038	Маленькая Золотая Хрюшка	0	0	0	50	3238665	19744,23633	30	65	149	149	0	1555	0	0	0	0	0	0	0	0	0	0	0	0	0	0	0	0	2621	44	1310	2034	1000	1000	300	25	300	5000	1	1,5	150	0	20	3000	0	0	0	0	3	4,170000076	30000	90	60	30	0	0	0	0	0	0	0	0	0	0	0	0	0	0	0	0	0	0	0	0	
03039	Маленькая Золотая Хрюшка	0	0	0	50	3238665	19744,23633	30	65	149	149	0	1555	0	0	0	0	0	0	0	0	0	0	0	0	0	0	0	0	2621	44	1310	2034	1000	1000	300	25	300	5000	1	1,5	130	0	20	3000	0	0	0	0	3	4,170000076	30000	90	60	30	0	0	0	0	0	0	0	0	0	0	0	0	0	0	0	0	0	0	0	0	
0303A	Маленькая Золотая Хрюшка	0	0	0	50	3238665	19744,23633	30	65	149	149	0	1555	0	0	0	0	0	0	0	0	0	0	0	0	0	0	0	0	2621	44	1310	2034	1000	1000	300	25	300	5000	1	1,5	120	0	20	3000	0	0	0	0	3	4,170000076	30000	90	60	30	0	0	0	0	0	0	0	0	0	0	0	0	0	0	0	0	0	0	0	0	
0303B	Маленькая Золотая Хрюшка	0	0	0	50	3238665	19744,23633	30	65	149	149	0	1555	0	0	0	0	0	0	0	0	0	0	0	0	0	0	0	0	2621	44	1310	2034	1000	1000	300	25	300	5000	1	1,5	120	0	20	3000	0	0	0	0	3	4,170000076	30000	90	60	30	0	0	0	0	0	0	0	0	0	0	0	0	0	0	0	0	0	0	0	0	
0303C	Маленькая Золотая Хрюшка	0	0	0	50	3238665	19744,23633	30	65	149	149	0	1555	0	0	0	0	0	0	0	0	0	0	0	0	0	0	0	0	2621	44	1310	2034	1000	1000	300	25	300	5000	1	1,5	130	0	20	3000	0	0	0	0	3	4,170000076	30000	90	60	30	0	0	0	0	0	0	0	0	0	0	0	0	0	0	0	0	0	0	0	0	
0303D	Маленькая Золотая Хрюшка	0	0	0	50	3238665	19744,23633	30	65	149	149	0	1555	0	0	0	0	0	0	0	0	0	0	0	0	0	0	0	0	2621	44	1310	2034	1000	1000	300	25	300	5000	1	1,5	120	0	20	3000	0	0	0	0	3	4,170000076	30000	90	60	30	0	0	0	0	0	0	0	0	0	0	0	0	0	0	0	0	0	0	0	0	
04035	Маленькая Золотая Хрюшка	1	0	0	50	3238665	19744,23633	30	65	149	149	0	1555	0	0	0	0	0	0	0	0	0	0	0	0	0	0	0	0	2621	44	1310	2034	1000	1000	300	25	300	5000	1	1,5	120	0	20	3000	0	0	0	0	3	4,170000076	30000	90	60	30	0	0	0	0	0	0	0	0	0	0	0	0	0	0	0	0	0	0	0	0	
04036	Маленькая Золотая Хрюшка	1	0	0	50	3238665	19744,23633	30	65	149	149	0	1555	0	0	0	0	0	0	0	0	0	0	0	0	0	0	0	0	2621	44	1310	2034	1000	1000	300	25	300	5000	1	1,5	150	0	20	3000	0	0	0	0	3	4,170000076	30000	90	60	30	0	0	0	0	0	0	0	0	0	0	0	0	0	0	0	0	0	0	0	0	
04037	Маленькая Золотая Хрюшка	1	0	0	50	3238665	19744,23633	30	65	149	149	0	1555	0	0	0	0	0	0	0	0	0	0	0	0	0	0	0	0	2621	44	1310	2034	1000	1000	300	25	300	5000	1	1,5	130	0	20	3000	0	0	0	0	3	4,170000076	30000	90	60	30	0	0	0	0	0	0	0	0	0	0	0	0	0	0	0	0	0	0	0	0	
04038	Маленькая Золотая Хрюшка	1	0	0	50	3238665	19744,23633	30	65	149	149	0	1555	0	0	0	0	0	0	0	0	0	0	0	0	0	0	0	0	2621	44	1310	2034	1000	1000	300	25	300	5000	1	1,5	120	0	20	3000	0	0	0	0	3	4,170000076	30000	90	60	30	0	0	0	0	0	0	0	0	0	0	0	0	0	0	0	0	0	0	0	0	
04039	Маленькая Золотая Хрюшка	1	0	0	50	3238665	19744,23633	30	65	149	149	0	1555	0	0	0	0	0	0	0	0	0	0	0	0	0	0	0	0	2621	44	1310	2034	1000	1000	300	25	300	5000	1	1,5	120	0	20	3000	0	0	0	0	3	4,170000076	30000	90	60	30	0	0	0	0	0	0	0	0	0	0	0	0	0	0	0	0	0	0	0	0	
0403A	Маленькая Золотая Хрюшка	1	0	0	50	3238665	19744,23633	30	65	149	149	0	1555	0	0	0	0	0	0	0	0	0	0	0	0	0	0	0	0	2621	44	1310	2034	1000	1000	300	25	300	5000	1	1,5	130	0	20	3000	0	0	0	0	3	4,170000076	30000	90	60	30	0	0	0	0	0	0	0	0	0	0	0	0	0	0	0	0	0	0	0	0	
0403B	Маленькая Золотая Хрюшка	1	0	0	50	3238665	19744,23633	30	65	149	149	0	1555	0	0	0	0	0	0	0	0	0	0	0	0	0	0	0	0	2621	44	1310	2034	1000	1000	300	25	300	5000	1	1,5	120	0	20	3000	0	0	0	0	3	4,170000076	30000	90	60	30	0	0	0	0	0	0	0	0	0	0	0	0	0	0	0	0	0	0	0	0	
150D0	Кладовщик Гильдии	0	1	0	50	3238665	19744,23633	30	65	149	149	0	1555	0	0	0	0	0	0	0	0	0	0	0	0	0	0	0	0	2621	44	1310	2034	1000	1000	300	25	300	5000	1	1,5	100	0	20	3000	0	0	0	0	3	4,170000076	30000	90	60	30	0	0	0	0	0	0	0	0	0	0	0	0	0	0	0	0	0	0	0	0	
160D1	Кладовщик Гильдии	0	1	0	50	3238665	19744,23633	30	65	149	149	0	1555	0	0	0	0	0	0	0	0	0	0	0	0	0	0	0	0	2621	44	1310	2034	1000	1000	300	25	300	5000	1	1,5	100	0	20	3000	0	0	0	0	3	4,170000076	30000	90	60	30	0	0	0	0	0	0	0	0	0	0	0	0	0	0	0	0	0	0	0	0	
170D0	Кладовщик Гильдии	2	1	0	50	3238665	19744,23633	30	65	149	149	0	1555	0	0	0	0	0	0	0	0	0	0	0	0	0	0	0	0	2621	44	1310	2034	1000	1000	300	25	300	5000	1	1,5	100	0	20	3000	0	0	0	0	3	4,170000076	30000	90	60	30	0	0	0	0	0	0	0	0	0	0	0	0	0	0	0	0	0	0	0	0	
180D1	Кладовщик Гильдии	2	1	0	50	3238665	19744,23633	30	65	149	149	0	1555	0	0	0	0	0	0	0	0	0	0	0	0	0	0	0	0	2621	44	1310	2034	1000	1000	300	25	300	5000	1	1,5	100	0	20	3000	0	0	0	0	3	4,170000076	30000	90	60	30	0	0	0	0	0	0	0	0	0	0	0	0	0	0	0	0	0	0	0	0	
190D0	Кладовщик Гильдии	1	1	0	50	3238665	19744,23633	30	65	149	149	0	1555	0	0	0	0	0	0	0	0	0	0	0	0	0	0	0	0	2621	44	1310	2034	1000	1000	300	25	300	5000	1	1,5	100	0	20	3000	0	0	0	0	3	4,170000076	30000	90	60	30	0	0	0	0	0	0	0	0	0	0	0	0	0	0	0	0	0	0	0	0	
1A0D1	Кладовщик Гильдии	1	1	0	50	3238665	19744,23633	30	65	149	149	0	1555	0	0	0	0	0	0	0	0	0	0	0	0	0	0	0	0	2621	44	1310	2034	1000	1000	300	25	300	5000	1	1,5	100	0	20	3000	0	0	0	0	3	4,170000076	30000	90	60	30	0	0	0	0	0	0	0	0	0	0	0	0	0	0	0	0	0	0	0	0	
