clcode	string[64]	xeh	dword	stb	byte	byte	word	dword	dword	dword	dword	dword	dword	dword	dword	dword	dword	dword	dword	dword	dword	dword	dword	dword	dword	dword	END
Code	Name	Model	Icon	Civil	ListID	Money	none	StdPrice	StdPoint	GoldPoint	ProcPoint	KillPoint	StorePrice	IsExchange	IsSell	IsGround	IsStore	Descript	IsExist	IsCash	IsTime	UpLvLim	LvLim	ClassGradeLim	hz	hz	
bxlow01	Охотник за Бамбуком	A20800	84	11111	31	0	0	10000	0	0	0	0	100	1	1	1	1	0	1	0	0	-1	1	0	0	0	
bxchr01	Маленькая Подарочная Коробочка	A20801	105	11111	31	0	0	10000	0	0	0	0	100	1	1	1	1	1	1	0	0	-1	1	0	0	0	
bxchr02	Подарочная Коробочка	A20802	106	11111	31	0	0	10000	0	0	0	0	100	1	1	1	1	2	1	0	0	-1	1	0	0	0	
bxchr03	Большая Подарочная Коробочка	A20803	107	11111	31	0	0	10000	0	0	0	0	100	1	1	1	1	3	1	0	0	-1	1	0	0	0	
bxdbr01	Грецкий Орех	A20804	112	11111	31	0	0	10000	0	0	0	0	100	1	1	1	1	4	1	0	0	-1	1	0	0	0	
bxwhi01	Коробочка	A20806	106	11111	31	0	0	10000	0	0	0	0	100	1	1	1	1	5	1	0	0	-1	1	0	0	0	
bxbch01	Награда Би Хаммера	A20807	120	11111	31	0	0	10000	0	0	0	0	100	1	1	1	1	6	1	0	0	-1	1	0	0	0	
bxcch01	Награда Джиз Кадаши	A20808	120	11111	31	0	0	10000	0	0	0	0	100	1	1	1	1	7	1	0	0	-1	1	0	0	0	
bxach01	Награда Лотана Третьего	A20809	120	11111	31	0	0	10000	0	0	0	0	100	1	1	1	1	8	1	0	0	-1	1	0	0	0	
bxscr01	Коробочка почета	A20810	121	11111	31	0	0	10000	0	0	0	0	100	1	1	1	1	9	1	0	0	-1	1	0	0	0	
bxgem01	Малая Коробочка Мастера	A20801	105	11111	31	0	0	312	0	0	0	0	100	1	1	1	1	10	1	0	0	-1	1	0	0	0	
bxgem02	Средняя Коробочка Мастера	A20802	106	11111	31	0	0	1584	0	0	0	0	100	1	1	1	1	11	1	0	0	-1	1	0	0	0	
bxgem03	Большая Коробочка Мастера	A20803	107	11111	31	0	0	10125	0	0	0	0	100	1	1	1	1	12	1	0	0	-1	1	0	0	0	
bxxts01	Оружие Воина Только для Тестового Сервера	A2080E	106	11111	31	0	0	10000	0	0	0	0	100	1	1	1	1	14	1	0	0	-1	1	0	0	0	
bxxts02	Элемент Пусковой Установки Только для Тестового Сервера	A2080F	106	11111	31	0	0	10000	0	0	0	0	100	1	1	1	1	15	1	0	0	-1	1	0	0	0	
bxxts03	Оружие Стрелка Только для Тестового Сервера	A20810	106	11111	31	0	0	10000	0	0	0	0	100	1	1	1	1	16	1	0	0	-1	1	0	0	0	
bxxts04	Элемент Укрепления Только для Тестового Сервера	A20811	106	11111	31	0	0	10000	0	0	0	0	100	1	1	1	1	17	1	0	0	-1	1	0	0	0	
bxxts05	Элемент Одежды Только для Тестового Сервера	A20812	106	11111	31	0	0	10000	0	0	0	0	100	1	1	1	1	18	1	0	0	-1	1	0	0	0	
bxcsa01	Малый_Набор_Модификации_Оружия_	A20812	149	11000	31	0	0	1	0	0	0	0	100	1	1	1	1	19	1	1	0	-1	1	0	0	0	
bxcsa02	Средний_Набор_Модификации_Оружия_	A20812	150	11000	31	0	0	1	0	0	0	0	100	1	1	1	1	20	1	1	0	-1	1	0	0	0	
bxcsa03	Большой_Набор_Модификации_Оружия_	A20812	151	11000	31	0	0	1	0	0	0	0	100	1	1	1	1	21	1	1	0	-1	1	0	0	0	
bxcsa04	Малый_Набор_Модификации_Оружия_	A20812	149	00110	31	0	0	1	0	0	0	0	100	1	1	1	1	22	1	1	0	-1	1	0	0	0	
bxcsa05	Средний_Набор_Модификации_Оружия_	A20812	150	00110	31	0	0	1	0	0	0	0	100	1	1	1	1	23	1	1	0	-1	1	0	0	0	
bxcsa06	Большой_Набор_Модификации_Оружия_	A20812	151	00110	31	0	0	1	0	0	0	0	100	1	1	1	1	24	1	1	0	-1	1	0	0	0	
bxcsa07	Малый_Набор_Модификации_Оружия_	A20812	149	00001	31	0	0	1	0	0	0	0	100	1	1	1	1	25	1	1	0	-1	1	0	0	0	
bxcsa08	Средний_Набор_Модификации_Оружия_	A20812	150	00001	31	0	0	1	0	0	0	0	100	1	1	1	1	26	1	1	0	-1	1	0	0	0	
bxcsa09	Большой_Набор_Модификации_Оружия_	A20812	151	00001	31	0	0	1	0	0	0	0	100	1	1	1	1	27	1	1	0	-1	1	0	0	0	
bxchu00	Большой Праздничный Презент	A20801	120	11111	31	0	0	1	0	0	0	0	100	1	1	1	1	28	1	0	0	-1	1	0	0	0	
bxchu01	Праздничный Презент	A20801	106	11111	31	0	0	1	0	0	0	0	100	1	1	1	1	29	1	0	0	-1	1	0	0	0	
bxcjh01	Куб Изобретателя 	A20801	229	11111	31	0	0	10000	0	0	0	0	100	1	1	1	1	30	1	0	0	-1	1	0	0	0	
bxcsa10	Малый_Набор_Хрупкой_Модификации_Брони	A20812	210	11000	31	0	0	1	0	0	0	0	100	1	1	1	1	31	1	1	0	-1	1	0	0	0	
bxcsa11	Средний_Набор_Хрупкой_Модификации_Брони	A20812	211	11000	31	0	0	1	0	0	0	0	100	1	1	1	1	32	1	1	0	-1	1	0	0	0	
bxcsa12	Крупный_Набор_Хрупкой_Модификации_Брони	A20812	212	11000	31	0	0	1	0	0	0	0	100	1	1	1	1	33	1	1	0	-1	1	0	0	0	
bxcsa13	Малый_Набор_Хрупкой_Модификации_Брони	A20812	213	00110	31	0	0	1	0	0	0	0	100	1	1	1	1	34	1	1	0	-1	1	0	0	0	
bxcsa14	Средний_Набор_Хрупкой_Модификации_Брони	A20812	214	00110	31	0	0	1	0	0	0	0	100	1	1	1	1	35	1	1	0	-1	1	0	0	0	
bxcsa15	Крупный_Набор_Хрупкой_Модификации_Брони	A20812	215	00110	31	0	0	1	0	0	0	0	100	1	1	1	1	36	1	1	0	-1	1	0	0	0	
bxcsa16	Малый_Набор_Хрупкой_Модификации_Брони	A20812	216	00001	31	0	0	1	0	0	0	0	100	1	1	1	1	37	1	1	0	-1	1	0	0	0	
bxcsa17	Средний_Набор_Хрупкой_Модификации_Брони	A20812	217	00001	31	0	0	1	0	0	0	0	100	1	1	1	1	38	1	1	0	-1	1	0	0	0	
bxcsa18	Крупный_Набор_Хрупкой_Модификации_Брони	A20812	218	00001	31	0	0	1	0	0	0	0	100	1	1	1	1	39	1	1	0	-1	1	0	0	0	
bxcsa19	Малый_Набор_Хрупкой_Модификации_Оружия	A20812	219	11000	31	0	0	1	0	0	0	0	100	1	1	1	1	40	1	1	0	-1	1	0	0	0	
bxcsa20	Средний_Набор_Хрупкой_Модификации_Оружия	A20812	220	11000	31	0	0	1	0	0	0	0	100	1	1	1	1	41	1	1	0	-1	1	0	0	0	
bxcsa21	Большой_Набор_Хрупкой_Модификации_Оружия	A20812	221	11000	31	0	0	1	0	0	0	0	100	1	1	1	1	42	1	1	0	-1	1	0	0	0	
bxcsa22	Малый_Набор_Хрупкой_Модификации_Оружия	A20812	222	00110	31	0	0	1	0	0	0	0	100	1	1	1	1	43	1	1	0	-1	1	0	0	0	
bxcsa23	Средний_Набор_Хрупкой_Модификации_Оружия	A20812	223	00110	31	0	0	1	0	0	0	0	100	1	1	1	1	44	1	1	0	-1	1	0	0	0	
bxcsa24	Большой_Набор_Хрупкой_Модификации_Оружия	A20812	224	00110	31	0	0	1	0	0	0	0	100	1	1	1	1	45	1	1	0	-1	1	0	0	0	
bxcsa25	Малый_Набор_Хрупкой_Модификации_Оружия	A20812	225	00001	31	0	0	1	0	0	0	0	100	1	1	1	1	46	1	1	0	-1	1	0	0	0	
bxcsa26	Средний_Набор_Хрупкой_Модификации_Оружия	A20812	226	00001	31	0	0	1	0	0	0	0	100	1	1	1	1	47	1	1	0	-1	1	0	0	0	
bxcsa27	Большой_Набор_Хрупкой_Модификации_Оружия	A20812	227	00001	31	0	0	1	0	0	0	0	100	1	1	1	1	48	1	1	0	-1	1	0	0	0	
bxcsa28	Сокетный Куб	A20812	228	11111	31	0	0	1	0	0	0	0	100	1	1	1	1	49	1	1	0	-1	1	0	0	0	
bxgem04	Коробочка переработки	A20803	231	11111	31	0	0	10000	0	0	0	0	100	1	1	1	1	13	1	0	0	-1	1	0	0	0	
bxdha00	Награда Цитадели 	A20812	243	11000	31	0	0	2000000	0	0	0	0	100	0	1	0	1	50	1	0	0	-1	1	0	0	0	
bxdha01	Награда Цитадели 	A20812	243	00110	31	0	0	2000000	0	0	0	0	100	0	1	0	1	51	1	0	0	-1	1	0	0	0	
bxdha02	Награда Цитадели 	A20812	243	00001	31	0	0	2000000	0	0	0	0	100	0	1	0	1	52	1	0	0	-1	1	0	0	0	
bxdha03	Коробка Брони Цитадели [Шлем	A20812	244	11000	31	0	0	2000000	0	0	0	0	100	0	1	0	1	53	1	0	0	-1	1	0	0	0	
bxdha04	Коробка Брони Цитадели [Шлем	A20812	244	00110	31	0	0	2000000	0	0	0	0	100	0	1	0	1	54	1	0	0	-1	1	0	0	0	
bxdha05	Коробка Брони Цитадели [Шлем	A20812	244	00001	31	0	0	2000000	0	0	0	0	100	0	1	0	1	55	1	0	0	-1	1	0	0	0	
bxdha06	Коробка Брони Цитадели [Торс	A20812	244	11000	31	0	0	2000000	0	0	0	0	100	0	1	0	1	56	1	0	0	-1	1	0	0	0	
bxdha07	Коробка Брони Цитадели [Торс	A20812	244	00110	31	0	0	2000000	0	0	0	0	100	0	1	0	1	57	1	0	0	-1	1	0	0	0	
bxdha08	Коробка Брони Цитадели [Торс	A20812	244	00001	31	0	0	2000000	0	0	0	0	100	0	1	0	1	58	1	0	0	-1	1	0	0	0	
bxdha09	Коробка Брони Цитадели [Ноги	A20812	244	11000	31	0	0	2000000	0	0	0	0	100	0	1	0	1	59	1	0	0	-1	1	0	0	0	
bxdha10	Коробка Брони Цитадели [Ноги	A20812	244	00110	31	0	0	2000000	0	0	0	0	100	0	1	0	1	60	1	0	0	-1	1	0	0	0	
bxdha11	Коробка Брони Цитадели [Ноги	A20812	244	00001	31	0	0	2000000	0	0	0	0	100	0	1	0	1	61	1	0	0	-1	1	0	0	0	
bxdha12	Коробка Брони Цитадели [Руки	A20812	244	11000	31	0	0	2000000	0	0	0	0	100	0	1	0	1	62	1	0	0	-1	1	0	0	0	
bxdha13	Коробка Брони Цитадели [Руки	A20812	244	00110	31	0	0	2000000	0	0	0	0	100	0	1	0	1	63	1	0	0	-1	1	0	0	0	
bxdha14	Коробка Брони Цитадели [Руки	A20812	244	00001	31	0	0	2000000	0	0	0	0	100	0	1	0	1	64	1	0	0	-1	1	0	0	0	
bxdha15	Коробка Брони Цитадели [Ступни	A20812	244	11000	31	0	0	2000000	0	0	0	0	100	0	1	0	1	65	1	0	0	-1	1	0	0	0	
bxdha16	Коробка Брони Цитадели [Ступни	A20812	244	00110	31	0	0	2000000	0	0	0	0	100	0	1	0	1	66	1	0	0	-1	1	0	0	0	
bxdha17	Коробка Брони Цитадели [Ступни	A20812	244	00001	31	0	0	2000000	0	0	0	0	100	0	1	0	1	67	1	0	0	-1	1	0	0	0	
bxdha18	Коробка Оружия Цитадели	A20812	245	11000	31	0	0	2000000	0	0	0	0	100	0	1	0	1	68	1	0	0	-1	1	0	0	0	
bxdha19	Коробка Оружия Цитадели	A20812	245	00110	31	0	0	2000000	0	0	0	0	100	0	1	0	1	69	1	0	0	-1	1	0	0	0	
bxdha20	Коробка Оружия Цитадели	A20812	245	00001	31	0	0	2000000	0	0	0	0	100	0	1	0	1	70	1	0	0	-1	1	0	0	0	
bxdha21	Коробка Драгоценностей Цитадели	A20812	246	11000	31	0	0	2000000	0	0	0	0	100	0	1	0	1	71	1	0	0	-1	1	0	0	0	
bxdha22	Коробка Драгоценностей Цитадели	A20812	246	00110	31	0	0	2000000	0	0	0	0	100	0	1	0	1	72	1	0	0	-1	1	0	0	0	
bxdha23	Коробка Драгоценностей Цитадели	A20812	246	00001	31	0	0	2000000	0	0	0	0	100	0	1	0	1	73	1	0	0	-1	1	0	0	0	
bxknb01	Меч со скрытой магией	A20812	247	11111	31	0	0	2000000	0	0	0	0	100	0	1	0	1	74	1	0	0	-1	1	0	0	0	
bxswb01	Двуручный Меч со скрытой магией	A20812	248	11111	31	0	0	2000000	0	0	0	0	100	0	1	0	1	75	1	0	0	-1	1	0	0	0	
bxaxb01	Топор со скрытой магией	A20812	249	11111	31	0	0	2000000	0	0	0	0	100	0	1	0	1	76	1	0	0	-1	1	0	0	0	
bxmab01	Булава/Молот со скрытой магией	A20812	250	11111	31	0	0	2000000	0	0	0	0	100	0	1	0	1	77	1	0	0	-1	1	0	0	0	
bxspb01	Копье со скрытой магией	A20812	251	11111	31	0	0	2000000	0	0	0	0	100	0	1	0	1	78	1	0	0	-1	1	0	0	0	
bxbob01	Лук/Арбалет со скрытой магией	A20812	252	11111	31	0	0	2000000	0	0	0	0	100	0	1	0	1	79	1	0	0	-1	1	0	0	0	
bxfib01	Ружье/Пулемет со скрытой магией	A20812	253	11111	31	0	0	2000000	0	0	0	0	100	0	1	0	1	80	1	0	0	-1	1	0	0	0	
bxlub01	ПУ со скрытой магией	A20812	254	00001	31	0	0	2000000	0	0	0	0	100	0	1	0	1	81	1	0	0	-1	1	0	0	0	
bxstb01	Жезл/Посох со скрытой магией	A20812	255	11111	31	0	0	2000000	0	0	0	0	100	0	1	0	1	82	1	0	0	-1	1	0	0	0	
bxbih01	Секретная магическая Коробка [Шлем	A20812	256	11000	31	0	0	1000000	0	0	0	0	50	0	1	0	1	83	1	0	0	-1	1	0	0	0	
bxcih01	Секретная магическая Коробка [Шлем	A20812	256	00110	31	0	0	1000000	0	0	0	0	50	0	1	0	1	84	1	0	0	-1	1	0	0	0	
bxaih01	Секретная магическая Коробка [Шлем	A20812	256	00001	31	0	0	1000000	0	0	0	0	50	0	1	0	1	85	1	0	0	-1	1	0	0	0	
bxbiu01	Секретная магическая Коробка [Торс	A20812	257	11000	31	0	0	1000000	0	0	0	0	50	0	1	0	1	86	1	0	0	-1	1	0	0	0	
bxciu01	Секретная магическая Коробка [Торс	A20812	257	00110	31	0	0	1000000	0	0	0	0	50	0	1	0	1	87	1	0	0	-1	1	0	0	0	
bxaiu01	Секретная магическая Коробка [Торс	A20812	257	00001	31	0	0	1000000	0	0	0	0	50	0	1	0	1	88	1	0	0	-1	1	0	0	0	
bxbil01	Секретная магическая Коробка [Ноги	A20812	258	11000	31	0	0	1000000	0	0	0	0	50	0	1	0	1	89	1	0	0	-1	1	0	0	0	
bxcil01	Секретная магическая Коробка [Ноги	A20812	258	00110	31	0	0	1000000	0	0	0	0	50	0	1	0	1	90	1	0	0	-1	1	0	0	0	
bxail01	Секретная магическая Коробка [Ноги	A20812	258	00001	31	0	0	1000000	0	0	0	0	50	0	1	0	1	91	1	0	0	-1	1	0	0	0	
bxbig01	Секретная магическая Коробка [Руки	A20812	259	11000	31	0	0	1000000	0	0	0	0	50	0	1	0	1	92	1	0	0	-1	1	0	0	0	
bxcig01	Секретная магическая Коробка [Руки	A20812	259	00110	31	0	0	1000000	0	0	0	0	50	0	1	0	1	93	1	0	0	-1	1	0	0	0	
bxaig01	Секретная магическая Коробка [Руки	A20812	259	00001	31	0	0	1000000	0	0	0	0	50	0	1	0	1	94	1	0	0	-1	1	0	0	0	
bxbis01	Секретная магическая Коробка [Ступни	A20812	260	11000	31	0	0	1000000	0	0	0	0	50	0	1	0	1	95	1	0	0	-1	1	0	0	0	
bxcis01	Секретная магическая Коробка [Ступни	A20812	260	00110	31	0	0	1000000	0	0	0	0	50	0	1	0	1	96	1	0	0	-1	1	0	0	0	
bxais01	Секретная магическая Коробка [Ступни	A20812	260	00001	31	0	0	1000000	0	0	0	0	50	0	1	0	1	97	1	0	0	-1	1	0	0	0	
bxbih00	Секретная магическая Коробка Брони [Шлем	A20812	256	11000	31	0	0	500000	0	0	0	0	50	0	1	0	1	-1	1	0	0	-1	1	0	0	0	
bxcih00	Секретная магическая Коробка Брони [Шлем	A20812	256	00110	31	0	0	500000	0	0	0	0	50	0	1	0	1	-1	1	0	0	-1	1	0	0	0	
bxaih00	Секретная магическая Коробка Брони [Шлем	A20812	256	00001	31	0	0	500000	0	0	0	0	50	0	1	0	1	-1	1	0	0	-1	1	0	0	0	
bxbiu00	Секретная магическая Коробка Брони [Торс	A20812	257	11000	31	0	0	500000	0	0	0	0	50	0	1	0	1	-1	1	0	0	-1	1	0	0	0	
bxciu00	Секретная магическая Коробка Брони [Торс	A20812	257	00110	31	0	0	500000	0	0	0	0	50	0	1	0	1	-1	1	0	0	-1	1	0	0	0	
bxaiu00	Секретная магическая Коробка Брони [Торс	A20812	257	00001	31	0	0	500000	0	0	0	0	50	0	1	0	1	-1	1	0	0	-1	1	0	0	0	
bxbil00	Секретная магическая Коробка Брони [Ноги	A20812	258	11000	31	0	0	500000	0	0	0	0	50	0	1	0	1	-1	1	0	0	-1	1	0	0	0	
bxcil00	Секретная магическая Коробка Брони [Ноги	A20812	258	00110	31	0	0	500000	0	0	0	0	50	0	1	0	1	-1	1	0	0	-1	1	0	0	0	
bxail00	Секретная магическая Коробка Брони [Ноги	A20812	258	00001	31	0	0	500000	0	0	0	0	50	0	1	0	1	-1	1	0	0	-1	1	0	0	0	
bxbig00	Секретная магическая Коробка Брони [Руки	A20812	259	11000	31	0	0	500000	0	0	0	0	50	0	1	0	1	-1	1	0	0	-1	1	0	0	0	
bxcig00	Секретная магическая Коробка Брони [Руки	A20812	259	00110	31	0	0	500000	0	0	0	0	50	0	1	0	1	-1	1	0	0	-1	1	0	0	0	
bxaig00	Секретная магическая Коробка Брони [Руки	A20812	259	00001	31	0	0	500000	0	0	0	0	50	0	1	0	1	-1	1	0	0	-1	1	0	0	0	
bxbis00	Секретная магическая Коробка Брони [Ступни	A20812	260	11000	31	0	0	500000	0	0	0	0	50	0	1	0	1	-1	1	0	0	-1	1	0	0	0	
bxcis00	Секретная магическая Коробка Брони [Ступни	A20812	260	00110	31	0	0	500000	0	0	0	0	50	0	1	0	1	-1	1	0	0	-1	1	0	0	0	
bxais00	Секретная магическая Коробка Брони [Ступни	A20812	260	00001	31	0	0	500000	0	0	0	0	50	0	1	0	1	-1	1	0	0	-1	1	0	0	0	
bxbud01	Коробка Бусинок	A20812	262	11111	31	0	0	1	0	0	0	0	50	0	1	0	1	98	1	0	0	-1	1	0	0	0	
bxtal01	Коробочка с загадочным сокровищем	A20812	271	11111	31	0	0	1	0	0	0	0	50	0	1	0	1	99	1	0	0	-1	1	0	0	0	
bxtal02	Коробочка с магическим загадочным сокровищем	A20812	272	11111	31	0	0	1	0	0	0	0	50	0	1	0	1	100	1	0	0	-1	1	0	0	0	
bxtal03	Коробочка с загадочным сокровищем	A20812	269	11111	31	0	0	1	0	0	0	0	50	0	1	0	1	101	1	0	0	-1	1	0	0	0	
bxtal04	Коробочка с магическим загадочным сокровищем	A20812	270	11111	31	0	0	1	0	0	0	0	50	0	1	0	1	102	1	0	0	-1	1	0	0	0	
bxbwc50	Наградная коробочка воина Федерации [50	A20812	266	11000	31	0	0	1	0	0	0	0	50	1	1	1	1	103	1	0	0	-1	1	0	0	0	
bxbrc50	Наградная коробочка стрелка Федерации [50	A20812	266	11000	31	0	0	1	0	0	0	0	50	1	1	1	1	104	1	0	0	-1	1	0	0	0	
bxbfc50	Наградная коробочка мага Федерации [50	A20812	266	11000	31	0	0	1	0	0	0	0	50	1	1	1	1	105	1	0	0	-1	1	0	0	0	
bxcwc50	Наградная коробочка воина Альянса [50	A20812	266	11000	31	0	0	1	0	0	0	0	50	1	1	1	1	106	1	0	0	-1	1	0	0	0	
bxcrc50	Наградная коробочка стрелка Альянса [50	A20812	266	11000	31	0	0	1	0	0	0	0	50	1	1	1	1	107	1	0	0	-1	1	0	0	0	
bxcfc50	Наградная коробочка мага Альянса [50	A20812	266	11000	31	0	0	1	0	0	0	0	50	1	1	1	1	108	1	0	0	-1	1	0	0	0	
bxawc50	Наградная коробочка воина Империи [50	A20812	266	11000	31	0	0	1	0	0	0	0	50	1	1	1	1	109	1	0	0	-1	1	0	0	0	
bxarc50	Наградная коробочка стрелка Империи [50	A20812	266	11000	31	0	0	1	0	0	0	0	50	1	1	1	1	110	1	0	0	-1	1	0	0	0	
bxafc50	Наградная коробочка ракетчика Империи [50	A20812	266	11000	31	0	0	1	0	0	0	0	50	1	1	1	1	111	1	0	0	-1	1	0	0	0	
bxbwc53	Наградная коробочка воина Федерации [53	A20812	266	00110	31	0	0	1	0	0	0	0	50	1	1	1	1	112	1	0	0	-1	1	0	0	0	
bxbrc53	Наградная коробочка стрелка Федерации [53	A20812	266	00110	31	0	0	1	0	0	0	0	50	1	1	1	1	113	1	0	0	-1	1	0	0	0	
bxbfc53	Наградная коробочка мага Федерации [53	A20812	266	00110	31	0	0	1	0	0	0	0	50	1	1	1	1	114	1	0	0	-1	1	0	0	0	
bxcwc53	Наградная коробочка воина Альянса [53	A20812	266	00110	31	0	0	1	0	0	0	0	50	1	1	1	1	115	1	0	0	-1	1	0	0	0	
bxcrc53	Наградная коробочка стрелка Альянса [53	A20812	266	00110	31	0	0	1	0	0	0	0	50	1	1	1	1	116	1	0	0	-1	1	0	0	0	
bxcfc53	Наградная коробочка мага Альянса [53	A20812	266	00110	31	0	0	1	0	0	0	0	50	1	1	1	1	117	1	0	0	-1	1	0	0	0	
bxawc53	Наградная коробочка воина Империи [53	A20812	266	00110	31	0	0	1	0	0	0	0	50	1	1	1	1	118	1	0	0	-1	1	0	0	0	
bxarc53	Наградная коробочка стрелка Империи [53	A20812	266	00110	31	0	0	1	0	0	0	0	50	1	1	1	1	119	1	0	0	-1	1	0	0	0	
bxafc53	Наградная коробочка ракетчика Империи [53	A20812	266	00110	31	0	0	1	0	0	0	0	50	1	1	1	1	120	1	0	0	-1	1	0	0	0	
bxbwc55	Наградная коробочка воина Федерации [55	A20812	266	00001	31	0	0	1	0	0	0	0	50	1	1	1	1	121	1	0	0	-1	1	0	0	0	
bxbrc55	Наградная коробочка стрелка Федерации [55	A20812	266	00001	31	0	0	1	0	0	0	0	50	1	1	1	1	122	1	0	0	-1	1	0	0	0	
bxbfc55	Наградная коробочка мага Федерации [55	A20812	266	00001	31	0	0	1	0	0	0	0	50	1	1	1	1	123	1	0	0	-1	1	0	0	0	
bxcwc55	Наградная коробочка воина Альянса [55	A20812	266	00001	31	0	0	1	0	0	0	0	50	1	1	1	1	124	1	0	0	-1	1	0	0	0	
bxcrc55	Наградная коробочка стрелка Альянса [55	A20812	266	00001	31	0	0	1	0	0	0	0	50	1	1	1	1	125	1	0	0	-1	1	0	0	0	
bxcfc55	Наградная коробочка мага Альянса [55	A20812	266	00001	31	0	0	1	0	0	0	0	50	1	1	1	1	126	1	0	0	-1	1	0	0	0	
bxawc55	Наградная коробочка воина Империи [55	A20812	266	00001	31	0	0	1	0	0	0	0	50	1	1	1	1	127	1	0	0	-1	1	0	0	0	
bxarc55	Наградная коробочка стрелка Империи [55	A20812	266	00001	31	0	0	1	0	0	0	0	50	1	1	1	1	128	1	0	0	-1	1	0	0	0	
bxafc55	Наградная коробочка ракетчика Империи [55	A20812	266	00001	31	0	0	1	0	0	0	0	50	1	1	1	1	129	1	0	0	-1	1	0	0	0	
bxrel01	Наследие аборигенов Новуса	A20812	267	11111	31	0	0	1	0	0	0	0	50	1	1	1	1	130	1	0	0	-1	1	0	0	0	
bxbab50	Маленькая наградная коробочка Федерации	A20812	266	11000	31	0	0	1	0	0	0	0	50	1	1	1	1	131	1	0	0	-1	1	0	0	0	
bxcab50	Маленькая наградная коробочка Альянса	A20812	266	00110	31	0	0	1	0	0	0	0	50	1	1	1	1	132	1	0	0	-1	1	0	0	0	
bxaab50	Маленькая наградная коробочка Империи	A20812	266	00001	31	0	0	1	0	0	0	0	50	1	1	1	1	133	1	0	0	-1	1	0	0	0	
bxspr50	Коробочка Превосходства [50	A20812	284	11111	31	0	0	1	0	0	0	0	50	1	1	1	1	134	1	1	0	-1	1	0	0	0	
bxspr53	Коробочка Превосходства [53	A20812	285	11111	31	0	0	1	0	0	0	0	50	1	1	1	1	135	1	1	0	-1	1	0	0	0	
bxspr55	Коробочка Превосходства [55	A20812	286	11111	31	0	0	1	0	0	0	0	50	1	1	1	1	136	1	1	0	-1	1	0	0	0	
bxleo01	Оружейная коробочка Леона	A20812	287	11111	31	0	0	1	0	0	0	0	50	1	1	1	1	137	1	0	0	-1	1	0	0	0	
bxleo02	Оружейная коробочка Леона	A20812	287	11111	31	0	0	1	0	0	0	0	50	1	1	1	1	138	1	0	0	-1	1	0	0	0	
bxleo03	Оружейная коробочка Леона	A20812	287	11111	31	0	0	1	0	0	0	0	50	1	1	1	1	139	1	0	0	-1	1	0	0	0	
bxleo04	Оружейная коробочка Леона	A20812	287	11111	31	0	0	1	0	0	0	0	50	1	1	1	1	140	1	0	0	-1	1	0	0	0	
bxbno50	Наградная коробочка Федерации [50	A20812	266	11000	31	0	0	1	0	0	0	0	50	1	1	1	1	141	1	0	0	-1	1	0	0	0	
bxbno53	Наградная коробочка Федерации [53	A20812	266	11000	31	0	0	1	0	0	0	0	50	1	1	1	1	142	1	0	0	-1	1	0	0	0	
bxbno55	Наградная коробочка Федерации [55	A20812	266	11000	31	0	0	1	0	0	0	0	50	1	1	1	1	143	1	0	0	-1	1	0	0	0	
bxcno50	Наградная коробочка Альянса [50	A20812	266	00110	31	0	0	1	0	0	0	0	50	1	1	1	1	144	1	0	0	-1	1	0	0	0	
bxcno53	Наградная коробочка Альянса [53	A20812	266	00110	31	0	0	1	0	0	0	0	50	1	1	1	1	145	1	0	0	-1	1	0	0	0	
bxcno55	Наградная коробочка Альянса [55	A20812	266	00110	31	0	0	1	0	0	0	0	50	1	1	1	1	146	1	0	0	-1	1	0	0	0	
bxano50	Наградная коробочка Империи [50	A20812	266	00001	31	0	0	1	0	0	0	0	50	1	1	1	1	147	1	0	0	-1	1	0	0	0	
bxano53	Наградная коробочка Империи [53	A20812	266	00001	31	0	0	1	0	0	0	0	50	1	1	1	1	148	1	0	0	-1	1	0	0	0	
bxano55	Наградная коробочка Империи [55	A20812	266	00001	31	0	0	1	0	0	0	0	50	1	1	1	1	149	1	0	0	-1	1	0	0	0	
bxcou01	Коробочка Купона	A20812	288	11111	31	0	0	1	0	0	0	0	50	1	1	1	1	150	1	0	0	-1	1	0	0	0	
bxbgb01	Подарочная коробочка Золотой Пинг	A20812	310	11111	31	0	0	1	0	0	0	0	50	1	1	1	1	151	1	0	0	-1	1	0	0	0	
bxqsa01	40лвл Тип С Коробка с оружием 	A20812	301	11111	31	1	0	10	0	0	0	0	50	0	1	0	0	152	1	0	0	-1	1	0	0	0	
bxqsa02	40лвл Тип С Коробка с оружием 	A20812	302	11111	31	1	0	10	0	0	0	0	50	0	1	0	0	153	1	0	0	-1	1	0	0	0	
bxqsa03	40лвл Тип С Коробка с оружием 	A20812	303	11111	31	1	0	10	0	0	0	0	50	0	1	0	0	154	1	0	0	-1	1	0	0	0	
bxqsa04	40лвл Тип С Коробка с оружием 	A20812	304	11111	31	1	0	10	0	0	0	0	50	0	1	0	0	155	1	0	0	-1	1	0	0	0	
bxqsa05	Коробка с броней 	A20812	305	00001	31	1	0	10	0	0	0	0	50	0	1	0	0	156	1	0	0	-1	1	0	0	0	
bxqsa06	Коробка с броней 	A20812	305	11000	31	1	0	10	0	0	0	0	50	0	1	0	0	157	1	0	0	-1	1	0	0	0	
bxqsa07	Коробка с броней 	A20812	305	00110	31	1	0	10	0	0	0	0	50	0	1	0	0	158	1	0	0	-1	1	0	0	0	
bxbsh50	Коробка Вознаграждения Альянс Щит 50лвл	A20812	266	11000	31	0	0	1	0	0	0	0	50	1	1	1	1	159	1	0	0	-1	1	0	0	0	
bxbsh53	Коробка Вознаграждения Альянс Щит 53лвл	A20812	266	11000	31	0	0	1	0	0	0	0	50	1	1	1	1	160	1	0	0	-1	1	0	0	0	
bxbsh55	Коробка Вознаграждения Альянс Щит 55лвл	A20812	266	11000	31	0	0	1	0	0	0	0	50	1	1	1	1	161	1	0	0	-1	1	0	0	0	
bxcsh50	Коробка Вознаграждения Федерация Щит 50лвл	A20812	266	00110	31	0	0	1	0	0	0	0	50	1	1	1	1	162	1	0	0	-1	1	0	0	0	
bxcsh53	Коробка Вознаграждения Федерация Щит 53лвл	A20812	266	00110	31	0	0	1	0	0	0	0	50	1	1	1	1	163	1	0	0	-1	1	0	0	0	
bxcsh55	Коробка Вознаграждения Федерация Щит 55лвл	A20812	266	00110	31	0	0	1	0	0	0	0	50	1	1	1	1	164	1	0	0	-1	1	0	0	0	
bxash50	Коробка Вознаграждения Империя Щит 50лвл	A20812	266	00001	31	0	0	1	0	0	0	0	50	1	1	1	1	165	1	0	0	-1	1	0	0	0	
bxash53	Коробка Вознаграждения Империя Щит 53лвл	A20812	266	00001	31	0	0	1	0	0	0	0	50	1	1	1	1	166	1	0	0	-1	1	0	0	0	
bxash55	Коробка Империя Щит 55лвл	A20812	266	00001	31	0	0	1	0	0	0	0	50	1	1	1	1	167	1	0	0	-1	1	0	0	0	
bxcsa29	Малый_Набор_Модификации_Брони	A20812	317	11000	31	0	0	1	0	0	0	0	100	1	1	1	1	168	1	1	0	-1	1	0	0	0	
bxcsa30	Средний_Набор_Модификации_Брони	A20812	318	11000	31	0	0	1	0	0	0	0	100	1	1	1	1	169	1	1	0	-1	1	0	0	0	
bxcsa31	Большой_Набор_Модификации_Брони	A20812	319	11000	31	0	0	1	0	0	0	0	100	1	1	1	1	170	1	1	0	-1	1	0	0	0	
bxcsa32	Малый_Набор_Модификации_Брони	A20812	320	00110	31	0	0	1	0	0	0	0	100	1	1	1	1	171	1	1	0	-1	1	0	0	0	
bxcsa33	Средний_Набор_Модификации_Брони	A20812	321	00110	31	0	0	1	0	0	0	0	100	1	1	1	1	172	1	1	0	-1	1	0	0	0	
bxcsa34	Большой_Набор_Модификации_Брони	A20812	322	00110	31	0	0	1	0	0	0	0	100	1	1	1	1	173	1	1	0	-1	1	0	0	0	
bxcsa35	Малый_Набор_Модификации_Брони	A20812	323	00001	31	0	0	1	0	0	0	0	100	1	1	1	1	174	1	1	0	-1	1	0	0	0	
bxcsa36	Средний_Набор_Модификации_Брони	A20812	324	00001	31	0	0	1	0	0	0	0	100	1	1	1	1	175	1	1	0	-1	1	0	0	0	
bxcsa37	Большой_Набор_Модификации_Брони	A20812	325	00001	31	0	0	1	0	0	0	0	100	1	1	1	1	176	1	1	0	-1	1	0	0	0	
bxcsa38	Лунная_Коробка	A20801	354	11000	31	0	0	1	0	0	0	0	100	1	1	1	1	177	1	1	0	-1	1	0	0	0	
bxcsa39	Лунная_Коробка	A20801	354	00110	31	0	0	1	0	0	0	0	100	1	1	1	1	178	1	1	0	-1	1	0	0	0	
bxcsa40	Лунная_Коробка	A20801	354	00001	31	0	0	1	0	0	0	0	100	1	1	1	1	179	1	1	0	-1	1	0	0	0	
bxcsa41	Малый Набор Модификации Мудрости	A20812	317	11000	31	0	0	1	0	0	0	0	100	1	1	1	1	180	1	1	0	-1	1	0	0	0	
bxcsa42	Средний Набор Модификации Мудрости	A20812	318	11000	31	0	0	1	0	0	0	0	100	1	1	1	1	181	1	1	0	-1	1	0	0	0	
bxcsa43	Большой Набор Модификации Мудрости	A20812	319	11000	31	0	0	1	0	0	0	0	100	1	1	1	1	182	1	1	0	-1	1	0	0	0	
bxcsa44	Малый Набор Модификации Мудрости	A20812	320	00110	31	0	0	1	0	0	0	0	100	1	1	1	1	183	1	1	0	-1	1	0	0	0	
bxcsa45	Средний Набор Модификации Мудрости	A20812	321	00110	31	0	0	1	0	0	0	0	100	1	1	1	1	184	1	1	0	-1	1	0	0	0	
bxcsa46	Большой Набор Модификации Мудрости	A20812	322	00110	31	0	0	1	0	0	0	0	100	1	1	1	1	185	1	1	0	-1	1	0	0	0	
bxcsa47	Малый Набор Модификации Мудрости	A20812	323	00001	31	0	0	1	0	0	0	0	100	1	1	1	1	186	1	1	0	-1	1	0	0	0	
bxcsa48	Средний Набор Модификации Мудрости	A20812	324	00001	31	0	0	1	0	0	0	0	100	1	1	1	1	187	1	1	0	-1	1	0	0	0	
bxcsa49	Большой Набор Модификации Мудрости	A20812	325	00001	31	0	0	1	0	0	0	0	100	1	1	1	1	188	1	1	0	-1	1	0	0	0	
bxcsa50	Малый_Набор_Модификации_Тьмы	A20812	317	11000	31	0	0	1	0	0	0	0	100	1	1	1	1	189	1	1	0	-1	1	0	0	0	
bxcsa51	Средний_Набор_Модификации_Тьмы	A20812	318	11000	31	0	0	1	0	0	0	0	100	1	1	1	1	190	1	1	0	-1	1	0	0	0	
bxcsa52	Большой_Набор_Модификации_Тьмы	A20812	319	11000	31	0	0	1	0	0	0	0	100	1	1	1	1	191	1	1	0	-1	1	0	0	0	
bxcsa53	Малый_Набор_Модификации_Тьмы	A20812	320	00110	31	0	0	1	0	0	0	0	100	1	1	1	1	192	1	1	0	-1	1	0	0	0	
bxcsa54	Средний_Набор_Модификации_Тьмы	A20812	321	00110	31	0	0	1	0	0	0	0	100	1	1	1	1	193	1	1	0	-1	1	0	0	0	
bxcsa55	Большой_Набор_Модификации_Тьмы	A20812	322	00110	31	0	0	1	0	0	0	0	100	1	1	1	1	194	1	1	0	-1	1	0	0	0	
bxcsa56	Малый_Набор_Модификации_Тьмы	A20812	323	00001	31	0	0	1	0	0	0	0	100	1	1	1	1	195	1	1	0	-1	1	0	0	0	
bxcsa57	Средний_Набор_Модификации_Тьмы	A20812	324	00001	31	0	0	1	0	0	0	0	100	1	1	1	1	196	1	1	0	-1	1	0	0	0	
bxcsa58	Большой_Набор_Модификации_Тьмы	A20812	325	00001	31	0	0	1	0	0	0	0	100	1	1	1	1	197	1	1	0	-1	1	0	0	0	
bxcsa59	Малый_Набор_Модификации_Милосердия	A20812	317	11000	31	0	0	1	0	0	0	0	100	1	1	1	1	198	1	1	0	-1	1	0	0	0	
bxcsa60	Средний_Набор_Модификации_Милосердия	A20812	318	11000	31	0	0	1	0	0	0	0	100	1	1	1	1	199	1	1	0	-1	1	0	0	0	
bxcsa61	Большой_Набор_Модификации_Милосердия	A20812	319	11000	31	0	0	1	0	0	0	0	100	1	1	1	1	200	1	1	0	-1	1	0	0	0	
bxcsa62	Малый_Набор_Модификации_Милосердия	A20812	320	00110	31	0	0	1	0	0	0	0	100	1	1	1	1	201	1	1	0	-1	1	0	0	0	
bxcsa63	Средний_Набор_Модификации_Милосердия	A20812	321	00110	31	0	0	1	0	0	0	0	100	1	1	1	1	202	1	1	0	-1	1	0	0	0	
bxcsa64	Большой_Набор_Модификации_Милосердия	A20812	322	00110	31	0	0	1	0	0	0	0	100	1	1	1	1	203	1	1	0	-1	1	0	0	0	
bxcsa65	Малый_Набор_Модификации_Милосердия	A20812	323	00001	31	0	0	1	0	0	0	0	100	1	1	1	1	204	1	1	0	-1	1	0	0	0	
bxcsa66	Средний_Набор_Модификации_Милосердия	A20812	324	00001	31	0	0	1	0	0	0	0	100	1	1	1	1	205	1	1	0	-1	1	0	0	0	
bxcsa67	Большой_Набор_Модификации_Милосердия	A20812	325	00001	31	0	0	1	0	0	0	0	100	1	1	1	1	206	1	1	0	-1	1	0	0	0	
bxcsa68	Малый_Набор_Модификации_Грации	A20812	317	11000	31	0	0	1	0	0	0	0	100	1	1	1	1	207	1	1	0	-1	1	0	0	0	
bxcsa69	Средний_Набор_Модификации_Грации	A20812	318	11000	31	0	0	1	0	0	0	0	100	1	1	1	1	208	1	1	0	-1	1	0	0	0	
bxcsa70	Большой_Набор_Модификации_Грации	A20812	319	11000	31	0	0	1	0	0	0	0	100	1	1	1	1	209	1	1	0	-1	1	0	0	0	
bxcsa71	Малый_Набор_Модификации_Грации	A20812	320	00110	31	0	0	1	0	0	0	0	100	1	1	1	1	210	1	1	0	-1	1	0	0	0	
bxcsa72	Средний_Набор_Модификации_Грации	A20812	321	00110	31	0	0	1	0	0	0	0	100	1	1	1	1	211	1	1	0	-1	1	0	0	0	
bxcsa73	Большой_Набор_Модификации_Грации	A20812	322	00110	31	0	0	1	0	0	0	0	100	1	1	1	1	212	1	1	0	-1	1	0	0	0	
bxcsa74	Малый_Набор_Модификации_Грации	A20812	323	00001	31	0	0	1	0	0	0	0	100	1	1	1	1	213	1	1	0	-1	1	0	0	0	
bxcsa75	Средний_Набор_Модификации_Грации	A20812	324	00001	31	0	0	1	0	0	0	0	100	1	1	1	1	214	1	1	0	-1	1	0	0	0	
bxcsa76	Большой_Набор_Модификации_Грации	A20812	325	00001	31	0	0	1	0	0	0	0	100	1	1	1	1	215	1	1	0	-1	1	0	0	0	
bxcsa77	40лвл Коробка Вознаграждения	A20803	355	11111	31	0	0	1	0	0	0	0	100	0	0	0	0	216	1	0	0	-1	40	0	0	0	
bxcsa78	40лвл Коробка Вознаграждения	A20803	356	11111	31	0	0	1	0	0	0	0	100	0	0	0	0	217	1	0	0	-1	40	0	0	0	
bxcsa79	40лвл Коробка Вознаграждения	A20803	357	11111	31	0	0	1	0	0	0	0	100	0	0	0	0	218	1	0	0	-1	40	0	0	0	
bxcsa80	45лвл Коробка Вознаграждения	A20803	358	11111	31	0	0	1	0	0	0	0	100	0	0	0	0	219	1	0	0	-1	45	0	0	0	
bxcsa81	45лвл Коробка Вознаграждения	A20803	359	11111	31	0	0	1	0	0	0	0	100	0	0	0	0	220	1	0	0	-1	45	0	0	0	
bxcsa82	45лвл Коробка Вознаграждения	A20803	360	11111	31	0	0	1	0	0	0	0	100	0	0	0	0	221	1	0	0	-1	45	0	0	0	
bxcsa83	Коробка Праздника Жатвы(??)	A20801	361	11000	31	0	0	1	0	0	0	0	100	1	1	1	1	222	1	1	0	-1	1	0	0	0	
bxcsa84	Коробка Праздника Жатвы(??)	A20801	361	00110	31	0	0	1	0	0	0	0	100	1	1	1	1	223	1	1	0	-1	1	0	0	0	
bxcsa85	Коробка Праздника Жатвы(??)	A20801	361	00001	31	0	0	1	0	0	0	0	100	1	1	1	1	224	1	1	0	-1	1	0	0	0	
bxcsa86	Малый_Набор_Модификации_Хаоса	A20812	317	11000	31	0	0	1	0	0	0	0	100	1	1	1	1	225	1	1	0	-1	1	0	0	0	
bxcsa87	Средний_Набор_Модификации_Хаоса	A20812	318	11000	31	0	0	1	0	0	0	0	100	1	1	1	1	226	1	1	0	-1	1	0	0	0	
bxcsa88	Большой_Набор_Модификации_Хаоса	A20812	319	11000	31	0	0	1	0	0	0	0	100	1	1	1	1	227	1	1	0	-1	1	0	0	0	
bxcsa89	Малый_Набор_Модификации_Хаоса	A20812	320	00110	31	0	0	1	0	0	0	0	100	1	1	1	1	228	1	1	0	-1	1	0	0	0	
bxcsa90	Средний_Набор_Модификации_Хаоса	A20812	321	00110	31	0	0	1	0	0	0	0	100	1	1	1	1	229	1	1	0	-1	1	0	0	0	
bxcsa91	Большой_Набор_Модификации_Хаоса	A20812	322	00110	31	0	0	1	0	0	0	0	100	1	1	1	1	230	1	1	0	-1	1	0	0	0	
bxcsa92	Малый_Набор_Модификации_Хаоса 	A20812	323	00001	31	0	0	1	0	0	0	0	100	1	1	1	1	231	1	1	0	-1	1	0	0	0	
bxcsa93	Средний_Набор_Модификации_Хаоса 	A20812	324	00001	31	0	0	1	0	0	0	0	100	1	1	1	1	232	1	1	0	-1	1	0	0	0	
bxcsa94	Большой_Набор_Модификации_Хаоса 	A20812	325	00001	31	0	0	1	0	0	0	0	100	1	1	1	1	233	1	1	0	-1	1	0	0	0	
bxcsa95	Коробка Дня Основания Кореи(??)	A20801	362	11000	31	0	0	1	0	0	0	0	100	1	1	1	1	234	1	1	0	-1	1	0	0	0	
bxcsa96	Коробка Дня Основания Кореи(??)	A20801	362	00110	31	0	0	1	0	0	0	0	100	1	1	1	1	235	1	1	0	-1	1	0	0	0	
bxcsa97	Коробка Дня Основания Кореи(??)	A20801	362	00001	31	0	0	1	0	0	0	0	100	1	1	1	1	236	1	1	0	-1	1	0	0	0	
bxcsa98	Рождественский Чулок(??)	A20801	363	11000	31	0	0	1	0	0	0	0	100	1	1	1	1	237	1	1	0	-1	1	0	0	0	
bxcsa99	Рождественский Чулок(??)	A20801	363	00110	31	0	0	1	0	0	0	0	100	1	1	1	1	238	1	1	0	-1	1	0	0	0	
bxcsb00	Рождественский Чулок(??)	A20801	363	00001	31	0	0	1	0	0	0	0	100	1	1	1	1	239	1	1	0	-1	1	0	0	0	
bxcsb01	Коробка Стихийного Амулета 	A20812	367	11111	31	0	0	1	0	0	0	0	100	1	1	1	1	240	1	0	0	-1	1	0	0	0	
bxcsb02	Коробка Стихийного Амулета 	A20812	367	11111	31	0	0	1	0	0	0	0	100	1	1	1	1	241	1	0	0	-1	1	0	0	0	
bxcsb03	Коробка Стихийного Амулета 	A20812	367	11111	31	0	0	1	0	0	0	0	100	1	1	1	1	242	1	0	0	-1	1	0	0	0	
bxcsb04	Коробка Стихийного Амулета 	A20812	368	11111	31	0	0	1	0	0	0	0	100	1	1	1	1	243	1	0	0	-1	1	0	0	0	
bxcsb05	Коробка Стихийного Амулета 	A20812	368	11111	31	0	0	1	0	0	0	0	100	1	1	1	1	244	1	0	0	-1	1	0	0	0	
bxcsb06	Коробка Стихийного Амулета 	A20812	368	11111	31	0	0	1	0	0	0	0	100	1	1	1	1	245	1	0	0	-1	1	0	0	0	
bxcsb07	Коробка Стихийного Амулета 	A20812	366	11111	31	0	0	1	0	0	0	0	100	1	1	1	1	246	1	0	0	-1	1	0	0	0	
bxcsb08	Коробка Стихийного Амулета 	A20812	366	11111	31	0	0	1	0	0	0	0	100	1	1	1	1	247	1	0	0	-1	1	0	0	0	
bxcsb09	Коробка Стихийного Амулета 	A20812	366	11111	31	0	0	1	0	0	0	0	100	1	1	1	1	248	1	0	0	-1	1	0	0	0	
bxcsb10	Коробка Стихийного Кольца 	A20812	370	11111	31	0	0	1	0	0	0	0	100	1	1	1	1	249	1	0	0	-1	1	0	0	0	
bxcsb11	Коробка Стихийного Кольца 	A20812	370	11111	31	0	0	1	0	0	0	0	100	1	1	1	1	250	1	0	0	-1	1	0	0	0	
bxcsb12	Коробка Стихийного Кольца 	A20812	370	11111	31	0	0	1	0	0	0	0	100	1	1	1	1	251	1	0	0	-1	1	0	0	0	
bxcsb13	Коробка Стихийного Кольца 	A20812	369	11111	31	0	0	1	0	0	0	0	100	1	1	1	1	252	1	0	0	-1	1	0	0	0	
bxcsb14	Коробка Стихийного Кольца 	A20812	369	11111	31	0	0	1	0	0	0	0	100	1	1	1	1	253	1	0	0	-1	1	0	0	0	
bxcsb15	Коробка Стихийного Кольца 	A20812	369	11111	31	0	0	1	0	0	0	0	100	1	1	1	1	254	1	0	0	-1	1	0	0	0	
bxcsb16	Коробка Стихийного Кольца 	A20812	371	11111	31	0	0	1	0	0	0	0	100	1	1	1	1	255	1	0	0	-1	1	0	0	0	
bxcsb17	Коробка Стихийного Кольца 	A20812	371	11111	31	0	0	1	0	0	0	0	100	1	1	1	1	256	1	0	0	-1	1	0	0	0	
bxcsb18	Коробка Стихийного Кольца 	A20812	371	11111	31	0	0	1	0	0	0	0	100	1	1	1	1	257	1	0	0	-1	1	0	0	0	
bxcsb19	Коробка Чипа с Данными о Генах Геродиан	A20812	378	11111	31	0	0	1	0	0	0	0	100	1	1	1	1	258	1	0	0	-1	1	0	0	0	
bxcsb20	Коробка Серьги Голодного Чудовища 	A20812	372	11111	31	0	0	1	0	0	0	0	100	1	1	1	1	259	1	0	0	-1	1	0	0	0	
bxcsb21	Коробка Серьги Голодного Чудовища 	A20812	372	11111	31	0	0	1	0	0	0	0	100	1	1	1	1	260	1	0	0	-1	1	0	0	0	
bxcsb22	Коробка Серьги Голодного Чудовища 	A20812	372	11111	31	0	0	1	0	0	0	0	100	1	1	1	1	261	1	0	0	-1	1	0	0	0	
bxcsb23	Коробка Серьги Жизни Бешеного Чудовища 	A20812	373	11111	31	0	0	1	0	0	0	0	100	1	1	1	1	262	1	0	0	-1	1	0	0	0	
bxcsb24	Коробка Серьги Жизни Бешеного Чудовища 	A20812	373	11111	31	0	0	1	0	0	0	0	100	1	1	1	1	263	1	0	0	-1	1	0	0	0	
bxcsb25	Коробка Серьги Жизни Бешеного Чудовища 	A20812	373	11111	31	0	0	1	0	0	0	0	100	1	1	1	1	264	1	0	0	-1	1	0	0	0	
bxcsb26	Коробка Серьги Яростного Дикого Животного 	A20812	374	11111	31	0	0	1	0	0	0	0	100	1	1	1	1	265	1	0	0	-1	1	0	0	0	
bxcsb27	Коробка Серьги Яростного Дикого Животного 	A20812	374	11111	31	0	0	1	0	0	0	0	100	1	1	1	1	266	1	0	0	-1	1	0	0	0	
bxcsb28	Коробка Серьги Яростного Дикого Животного 	A20812	374	11111	31	0	0	1	0	0	0	0	100	1	1	1	1	267	1	0	0	-1	1	0	0	0	
bxcsb29	Коробка Серьги Изгнанного Разбойника 	A20812	375	11111	31	0	0	1	0	0	0	0	100	1	1	1	1	268	1	0	0	-1	1	0	0	0	
bxcsb30	Коробка Серьги Изгнанного Разбойника 	A20812	375	11111	31	0	0	1	0	0	0	0	100	1	1	1	1	269	1	0	0	-1	1	0	0	0	
bxcsb31	Коробка Серьги Изгнанного Разбойника 	A20812	375	11111	31	0	0	1	0	0	0	0	100	1	1	1	1	270	1	0	0	-1	1	0	0	0	
bxcsb32	Коробка Серьги Освобожденного Изгнанника 	A20812	376	11111	31	0	0	1	0	0	0	0	100	1	1	1	1	271	1	0	0	-1	1	0	0	0	
bxcsb33	Коробка Серьги Освобожденного Изгнанника 	A20812	376	11111	31	0	0	1	0	0	0	0	100	1	1	1	1	272	1	0	0	-1	1	0	0	0	
bxcsb34	Коробка Серьги Освобожденного Изгнанника 	A20812	376	11111	31	0	0	1	0	0	0	0	100	1	1	1	1	273	1	0	0	-1	1	0	0	0	
bxcsb35	Коробка Серьги Мертвого Изгнанника 	A20812	377	11111	31	0	0	1	0	0	0	0	100	1	1	1	1	274	1	0	0	-1	1	0	0	0	
bxcsb36	Коробка Серьги Мертвого Изгнанника 	A20812	377	11111	31	0	0	1	0	0	0	0	100	1	1	1	1	275	1	0	0	-1	1	0	0	0	
bxcsb37	Коробка Серьги Мертвого Изгнанника 	A20812	377	11111	31	0	0	1	0	0	0	0	100	1	1	1	1	276	1	0	0	-1	1	0	0	0	
bxcsb38	Коробочка с Драгоценностями	A20812	379	11111	31	0	0	1	0	0	0	0	100	1	1	1	1	277	1	0	0	-1	1	0	0	0	
bxcsb39	Коробка Серьги Голодного Чудовища 	A20812	372	11111	31	0	0	1	0	0	0	0	100	1	1	1	1	278	1	0	0	-1	1	0	0	0	
bxcsb40	Коробка Серьги Голодного Чудовища 	A20812	372	11111	31	0	0	1	0	0	0	0	100	1	1	1	1	279	1	0	0	-1	1	0	0	0	
bxcsb41	Коробка Серьги Голодного Чудовища 	A20812	372	11111	31	0	0	1	0	0	0	0	100	1	1	1	1	280	1	0	0	-1	1	0	0	0	
bxcsb42	Коробка Серьги Жизни Бешеного Чудовища 	A20812	373	11111	31	0	0	1	0	0	0	0	100	1	1	1	1	281	1	0	0	-1	1	0	0	0	
bxcsb43	Коробка Серьги Жизни Бешеного Чудовища 	A20812	373	11111	31	0	0	1	0	0	0	0	100	1	1	1	1	282	1	0	0	-1	1	0	0	0	
bxcsb44	Коробка Серьги Жизни Бешеного Чудовища 	A20812	373	11111	31	0	0	1	0	0	0	0	100	1	1	1	1	283	1	0	0	-1	1	0	0	0	
bxcsb45	Коробка Серьги Яростного Дикого Животного 	A20812	374	11111	31	0	0	1	0	0	0	0	100	1	1	1	1	284	1	0	0	-1	1	0	0	0	
bxcsb46	Коробка Серьги Яростного Дикого Животного 	A20812	374	11111	31	0	0	1	0	0	0	0	100	1	1	1	1	285	1	0	0	-1	1	0	0	0	
bxcsb47	Коробка Серьги Яростного Дикого Животного 	A20812	374	11111	31	0	0	1	0	0	0	0	100	1	1	1	1	286	1	0	0	-1	1	0	0	0	
bxcsb48	Коробка Серьги Изгнанного Разбойника 	A20812	375	11111	31	0	0	1	0	0	0	0	100	1	1	1	1	287	1	0	0	-1	1	0	0	0	
bxcsb49	Коробка Серьги Изгнанного Разбойника 	A20812	375	11111	31	0	0	1	0	0	0	0	100	1	1	1	1	288	1	0	0	-1	1	0	0	0	
bxcsb50	Коробка Серьги Изгнанного Разбойника 	A20812	375	11111	31	0	0	1	0	0	0	0	100	1	1	1	1	289	1	0	0	-1	1	0	0	0	
bxcsb51	Коробка Серьги Освобожденного Изгнанника 	A20812	376	11111	31	0	0	1	0	0	0	0	100	1	1	1	1	290	1	0	0	-1	1	0	0	0	
bxcsb52	Коробка Серьги Освобожденного Изгнанника 	A20812	376	11111	31	0	0	1	0	0	0	0	100	1	1	1	1	291	1	0	0	-1	1	0	0	0	
bxcsb53	Коробка Серьги Освобожденного Изгнанника 	A20812	376	11111	31	0	0	1	0	0	0	0	100	1	1	1	1	292	1	0	0	-1	1	0	0	0	
bxcsb54	Коробка Серьги Мертвого Изгнанника 	A20812	377	11111	31	0	0	1	0	0	0	0	100	1	1	1	1	293	1	0	0	-1	1	0	0	0	
bxcsb55	Коробка Серьги Мертвого Изгнанника 	A20812	377	11111	31	0	0	1	0	0	0	0	100	1	1	1	1	294	1	0	0	-1	1	0	0	0	
bxcsb56	Коробка Серьги Мертвого Изгнанника 	A20812	377	11111	31	0	0	1	0	0	0	0	100	1	1	1	1	295	1	0	0	-1	1	0	0	0	
bxcsb57	Коробка Серьги Голодного Чудовища 	A20812	372	11111	31	0	0	1	0	0	0	0	100	1	1	1	1	296	1	0	0	-1	1	0	0	0	
bxcsb58	Коробка Серьги Голодного Чудовища 	A20812	372	11111	31	0	0	1	0	0	0	0	100	1	1	1	1	297	1	0	0	-1	1	0	0	0	
bxcsb59	Коробка Серьги Голодного Чудовища 	A20812	372	11111	31	0	0	1	0	0	0	0	100	1	1	1	1	298	1	0	0	-1	1	0	0	0	
bxcsb60	Коробка Серьги Жизни Бешеного Чудовища 	A20812	373	11111	31	0	0	1	0	0	0	0	100	1	1	1	1	299	1	0	0	-1	1	0	0	0	
bxcsb61	Коробка Серьги Жизни Бешеного Чудовища 	A20812	373	11111	31	0	0	1	0	0	0	0	100	1	1	1	1	300	1	0	0	-1	1	0	0	0	
bxcsb62	Коробка Серьги Жизни Бешеного Чудовища 	A20812	373	11111	31	0	0	1	0	0	0	0	100	1	1	1	1	301	1	0	0	-1	1	0	0	0	
bxcsb63	Коробка Серьги Яростного Дикого Животного 	A20812	374	11111	31	0	0	1	0	0	0	0	100	1	1	1	1	302	1	0	0	-1	1	0	0	0	
bxcsb64	Коробка Серьги Яростного Дикого Животного 	A20812	374	11111	31	0	0	1	0	0	0	0	100	1	1	1	1	303	1	0	0	-1	1	0	0	0	
bxcsb65	Коробка Серьги Яростного Дикого Животного 	A20812	374	11111	31	0	0	1	0	0	0	0	100	1	1	1	1	304	1	0	0	-1	1	0	0	0	
bxcsb66	Коробка Серьги Изгнанного Разбойника 	A20812	375	11111	31	0	0	1	0	0	0	0	100	1	1	1	1	305	1	0	0	-1	1	0	0	0	
bxcsb67	Коробка Серьги Изгнанного Разбойника 	A20812	375	11111	31	0	0	1	0	0	0	0	100	1	1	1	1	306	1	0	0	-1	1	0	0	0	
bxcsb68	Коробка Серьги Изгнанного Разбойника 	A20812	375	11111	31	0	0	1	0	0	0	0	100	1	1	1	1	307	1	0	0	-1	1	0	0	0	
bxcsb69	Коробка Серьги Освобожденного Изгнанника 	A20812	376	11111	31	0	0	1	0	0	0	0	100	1	1	1	1	308	1	0	0	-1	1	0	0	0	
bxcsb70	Коробка Серьги Освобожденного Изгнанника 	A20812	376	11111	31	0	0	1	0	0	0	0	100	1	1	1	1	309	1	0	0	-1	1	0	0	0	
bxcsb71	Коробка Серьги Освобожденного Изгнанника 	A20812	376	11111	31	0	0	1	0	0	0	0	100	1	1	1	1	310	1	0	0	-1	1	0	0	0	
bxcsb72	Коробка Серьги Мертвого Изгнанника 	A20812	377	11111	31	0	0	1	0	0	0	0	100	1	1	1	1	311	1	0	0	-1	1	0	0	0	
bxcsb73	Коробка Серьги Мертвого Изгнанника 	A20812	377	11111	31	0	0	1	0	0	0	0	100	1	1	1	1	312	1	0	0	-1	1	0	0	0	
bxcsb74	Коробка Серьги Мертвого Изгнанника 	A20812	377	11111	31	0	0	1	0	0	0	0	100	1	1	1	1	313	1	0	0	-1	1	0	0	0	
bxres01	Коробка Алого Камня	A20812	380	11111	31	0	0	1	0	0	0	0	100	1	1	1	1	317	1	0	0	-1	1	0	0	0	
bxbul01	Коробка Боеприпасов [Тип В 	A20812	379	11111	31	0	0	1	0	0	0	0	100	1	1	1	1	314	1	0	0	-1	1	0	0	0	
bxbul02	Коробка Боеприпасов [Тип В 	A20812	379	11111	31	0	0	1	0	0	0	0	100	1	1	1	1	315	1	0	0	-1	1	0	0	0	
bxbul03	Коробка Боеприпасов [Тип В 	A20812	379	11111	31	0	0	1	0	0	0	0	100	1	1	1	1	316	1	0	0	-1	1	0	0	0	
bxcjh02	Коробка Аксессуаров Прицельного Ускорителя 	A20801	229	11111	31	0	0	10000	0	0	0	0	100	1	1	1	1	318	1	0	0	-1	1	0	0	0	
bxcjh03	Коробка Аксессуаров Кровавого Ускорителя 	A20801	229	11111	31	0	0	10000	0	0	0	0	100	1	1	1	1	319	1	0	0	-1	1	0	0	0	
bxcsc01	Малый_Набор_Модификации_Щита	A20812	317	11000	31	0	0	1	0	0	0	0	100	1	1	1	1	320	1	1	0	-1	1	0	0	0	
bxcsc02	Средний_Набор_Модификации_Щита	A20812	318	11000	31	0	0	1	0	0	0	0	100	1	1	1	1	321	1	1	0	-1	1	0	0	0	
bxcsc03	Большой_Набор_Модификации_Щита	A20812	319	11000	31	0	0	1	0	0	0	0	100	1	1	1	1	322	1	1	0	-1	1	0	0	0	
bxcsc04	Малый_Набор_Модификации_Щита	A20812	320	00110	31	0	0	1	0	0	0	0	100	1	1	1	1	323	1	1	0	-1	1	0	0	0	
bxcsc05	Средний_Набор_Модификации_Щита	A20812	321	00110	31	0	0	1	0	0	0	0	100	1	1	1	1	324	1	1	0	-1	1	0	0	0	
bxcsc06	Большой_Набор_Модификации_Щита	A20812	322	00110	31	0	0	1	0	0	0	0	100	1	1	1	1	325	1	1	0	-1	1	0	0	0	
bxcsc07	Малый_Набор_Модификации_Щита	A20812	323	00001	31	0	0	1	0	0	0	0	100	1	1	1	1	326	1	1	0	-1	1	0	0	0	
bxcsc08	Средний_Набор_Модификации_Щита	A20812	324	00001	31	0	0	1	0	0	0	0	100	1	1	1	1	327	1	1	0	-1	1	0	0	0	
bxcsc09	Большой_Набор_Модификации_Щита	A20812	325	00001	31	0	0	1	0	0	0	0	100	1	1	1	1	328	1	1	0	-1	1	0	0	0	
bxcjh04	Коробка_Изменения_Свойств	A20801	384	11111	31	0	0	1	0	0	0	0	100	1	1	1	1	329	1	1	0	-1	1	0	0	0	
bxgol01	Золотая Коробочка Героя	A20812	424	11111	31	1	0	1	0	0	0	0	100	1	1	0	0	330	1	0	0	-1	1	11	0	0	
bxgol02	Золотая Коробочка Новичка 30 уровня	A20812	423	11111	31	1	0	1	0	0	0	0	100	0	1	0	0	331	1	0	0	-1	30	11	0	0	
bxgol03	Светящаяся Золотая Коробочка	A20812	422	11111	31	1	0	1	0	0	0	0	100	1	1	0	0	332	1	0	0	-1	1	11	0	0	
bxgol04	Коробка С Золотым Слитком	A20812	421	11111	31	1	0	1	0	0	0	0	100	1	1	0	0	333	1	0	0	-1	1	11	0	0	
bxgol05	Золотая Коробочка Новичка 40 уровня	A20812	423	11111	31	1	0	1	0	0	0	0	100	0	1	0	0	334	1	0	0	-1	40	11	0	0	
bxbwc57	Наградная коробочка воина Федерации 57 уровень	A20812	266	11000	31	0	0	1	0	0	0	0	50	1	1	1	1	335	1	0	0	-1	1	0	0	0	
bxbrc57	Наградная коробочка стрелка Федерации 57 уровень	A20812	266	11000	31	0	0	1	0	0	0	0	50	1	1	1	1	336	1	0	0	-1	1	0	0	0	
bxbfc57	Наградная коробочка мага Федерации 57 уровень	A20812	266	11000	31	0	0	1	0	0	0	0	50	1	1	1	1	337	1	0	0	-1	1	0	0	0	
bxcwc57	Наградная коробочка воина Альянса 57 уровень	A20812	266	00110	31	0	0	1	0	0	0	0	50	1	1	1	1	338	1	0	0	-1	1	0	0	0	
bxcrc57	Наградная коробочка стрелка Альянса 57 уровень	A20812	266	00110	31	0	0	1	0	0	0	0	50	1	1	1	1	339	1	0	0	-1	1	0	0	0	
bxcfc57	Наградная коробочка мага Альянса 57 уровень	A20812	266	00110	31	0	0	1	0	0	0	0	50	1	1	1	1	340	1	0	0	-1	1	0	0	0	
bxawc57	Наградная коробочка воина Империи 57 уровень	A20812	266	00001	31	0	0	1	0	0	0	0	50	1	1	1	1	341	1	0	0	-1	1	0	0	0	
bxarc57	Наградная коробочка стрелка Империи 57 уровень	A20812	266	00001	31	0	0	1	0	0	0	0	50	1	1	1	1	342	1	0	0	-1	1	0	0	0	
bxafc57	Наградная коробочка ракетчика Империи 57 уровень	A20812	266	00001	31	0	0	1	0	0	0	0	50	1	1	1	1	343	1	0	0	-1	1	0	0	0	
bxbwc60	Наградная коробочка воина Федерации 60 уровень	A20812	266	11000	31	0	0	1	0	0	0	0	50	1	1	1	1	344	1	0	0	-1	1	0	0	0	
bxbrc60	Наградная коробочка стрелка Федерации 60 уровень	A20812	266	11000	31	0	0	1	0	0	0	0	50	1	1	1	1	345	1	0	0	-1	1	0	0	0	
bxbfc60	Наградная коробочка мага Федерации 60 уровень	A20812	266	11000	31	0	0	1	0	0	0	0	50	1	1	1	1	346	1	0	0	-1	1	0	0	0	
bxcwc60	Наградная коробочка воина Альянса 60 уровень	A20812	266	00110	31	0	0	1	0	0	0	0	50	1	1	1	1	347	1	0	0	-1	1	0	0	0	
bxcrc60	Наградная коробочка стрелка Альянса 60 уровень	A20812	266	00110	31	0	0	1	0	0	0	0	50	1	1	1	1	348	1	0	0	-1	1	0	0	0	
bxcfc60	Наградная коробочка мага Альянса 60 уровень	A20812	266	00110	31	0	0	1	0	0	0	0	50	1	1	1	1	349	1	0	0	-1	1	0	0	0	
bxawc60	Наградная коробочка воина Империи 60 уровень	A20812	266	00001	31	0	0	1	0	0	0	0	50	1	1	1	1	350	1	0	0	-1	1	0	0	0	
bxarc60	Наградная коробочка стрелка Империи 60 уровень	A20812	266	00001	31	0	0	1	0	0	0	0	50	1	1	1	1	351	1	0	0	-1	1	0	0	0	
bxafc60	Наградная коробочка ракетчика Империи 60 уровень	A20812	266	00001	31	0	0	1	0	0	0	0	50	1	1	1	1	352	1	0	0	-1	1	0	0	0	
bxbwc63	Наградная коробочка воина Федерации 63 уровень	A20812	266	11000	31	0	0	1	0	0	0	0	50	1	1	1	1	353	1	0	0	-1	1	0	0	0	
bxbrc63	Наградная коробочка стрелка Федерации 63 уровень	A20812	266	11000	31	0	0	1	0	0	0	0	50	1	1	1	1	354	1	0	0	-1	1	0	0	0	
bxbfc63	Наградная коробочка мага Федерации 63 уровень	A20812	266	11000	31	0	0	1	0	0	0	0	50	1	1	1	1	355	1	0	0	-1	1	0	0	0	
bxcwc63	Наградная коробочка воина Альянса 63 уровень	A20812	266	00110	31	0	0	1	0	0	0	0	50	1	1	1	1	356	1	0	0	-1	1	0	0	0	
bxcrc63	Наградная коробочка стрелка Альянса 63 уровень	A20812	266	00110	31	0	0	1	0	0	0	0	50	1	1	1	1	357	1	0	0	-1	1	0	0	0	
bxcfc63	Наградная коробочка мага Альянса 63 уровень	A20812	266	00110	31	0	0	1	0	0	0	0	50	1	1	1	1	358	1	0	0	-1	1	0	0	0	
bxawc63	Наградная коробочка воина Империи 63 уровень	A20812	266	00001	31	0	0	1	0	0	0	0	50	1	1	1	1	359	1	0	0	-1	1	0	0	0	
bxarc63	Наградная коробочка стрелка Империи 63 уровень	A20812	266	00001	31	0	0	1	0	0	0	0	50	1	1	1	1	360	1	0	0	-1	1	0	0	0	
bxafc63	Наградная коробочка ракетчика Империи 63 уровень	A20812	266	00001	31	0	0	1	0	0	0	0	50	1	1	1	1	361	1	0	0	-1	1	0	0	0	
bxbwc65	Наградная коробочка воина Федерации 65 уровень	A20812	266	11000	31	0	0	1	0	0	0	0	50	1	1	1	1	362	1	0	0	-1	1	0	0	0	
bxbrc65	Наградная коробочка стрелка Федерации 65 уровень	A20812	266	11000	31	0	0	1	0	0	0	0	50	1	1	1	1	363	1	0	0	-1	1	0	0	0	
bxbfc65	Наградная коробочка мага Федерации 65 уровень	A20812	266	11000	31	0	0	1	0	0	0	0	50	1	1	1	1	364	1	0	0	-1	1	0	0	0	
bxcwc65	Наградная коробочка воина Альянса 65 уровень	A20812	266	00110	31	0	0	1	0	0	0	0	50	1	1	1	1	365	1	0	0	-1	1	0	0	0	
bxcrc65	Наградная коробочка стрелка Альянса 65 уровень	A20812	266	00110	31	0	0	1	0	0	0	0	50	1	1	1	1	366	1	0	0	-1	1	0	0	0	
bxcfc65	Наградная коробочка мага Альянса 65 уровень	A20812	266	00110	31	0	0	1	0	0	0	0	50	1	1	1	1	367	1	0	0	-1	1	0	0	0	
bxawc65	Наградная коробочка воина Империи 65 уровень	A20812	266	00001	31	0	0	1	0	0	0	0	50	1	1	1	1	368	1	0	0	-1	1	0	0	0	
bxarc65	Наградная коробочка стрелка Империи 65 уровень	A20812	266	00001	31	0	0	1	0	0	0	0	50	1	1	1	1	369	1	0	0	-1	1	0	0	0	
bxafc65	Наградная коробочка ракетчика Империи 65 уровень	A20812	266	00001	31	0	0	1	0	0	0	0	50	1	1	1	1	370	1	0	0	-1	1	0	0	0	
bxron01	Коробка Удачи Леона <малая>	A20812	317	11000	31	0	0	1	0	0	0	0	50	1	1	1	1	371	1	1	0	-1	1	0	0	0	
bxron02	Коробка Удачи Леона <средняя>	A20812	318	11000	31	0	0	1	0	0	0	0	50	1	1	1	1	372	1	1	0	-1	1	0	0	0	
bxron03	Коробка Удачи Леона <большая>	A20812	319	11000	31	0	0	1	0	0	0	0	50	1	1	1	1	373	1	1	0	-1	1	0	0	0	
bxron04	Коробка Удачи Леона <малая>	A20812	320	00110	31	0	0	1	0	0	0	0	50	1	1	1	1	374	1	1	0	-1	1	0	0	0	
bxron05	Коробка Удачи Леона <средняя>	A20812	321	00110	31	0	0	1	0	0	0	0	50	1	1	1	1	375	1	1	0	-1	1	0	0	0	
bxron06	Коробка Удачи Леона <большая>	A20812	322	00110	31	0	0	1	0	0	0	0	50	1	1	1	1	376	1	1	0	-1	1	0	0	0	
bxron07	Коробка Удачи Леона <малая>	A20812	323	00001	31	0	0	1	0	0	0	0	50	1	1	1	1	377	1	1	0	-1	1	0	0	0	
bxron08	Коробка Удачи Леона <средняя>	A20812	324	00001	31	0	0	1	0	0	0	0	50	1	1	1	1	378	1	1	0	-1	1	0	0	0	
bxron09	Коробка Удачи Леона <большая>	A20812	325	00001	31	0	0	1	0	0	0	0	50	1	1	1	1	379	1	1	0	-1	1	0	0	0	
bxeup01	Коробка_Модификации_Аксессуаров_	A20812	434	11000	31	0	0	1	0	0	0	0	50	1	1	1	1	380	1	1	0	-1	1	0	0	0	
bxeup02	Коробка_Модификации_Аксессуаров_	A20812	434	00110	31	0	0	1	0	0	0	0	50	1	1	1	1	381	1	1	0	-1	1	0	0	0	
bxeup03	Коробка_Модификации_Аксессуаров_	A20812	434	00001	31	0	0	1	0	0	0	0	50	1	1	1	1	382	1	1	0	-1	1	0	0	0	
bxbbb01	Лотерейная_Коробка_с_Изумрудами	A20812	451	11111	31	0	0	1	0	0	0	0	50	1	1	1	1	383	1	1	0	-1	1	0	0	0	
bxbbb02	Лотерейная_Коробка_[Медальонов_и_Генераторов	A20812	452	11000	31	0	0	1	0	0	0	0	50	1	1	1	1	385	1	1	0	-1	1	0	0	0	
bxbbb03	Лотерейная_Коробка_[Медальонов_и_Генераторов	A20812	453	00110	31	0	0	1	0	0	0	0	50	1	1	1	1	386	1	1	0	-1	1	0	0	0	
bxbbb04	Лотерейная_Коробка_[Медальонов_и_Генераторов	A20812	454	00001	31	0	0	1	0	0	0	0	50	1	1	1	1	387	1	1	0	-1	1	0	0	0	
bxbbb05	Лотерейная Коробка[Cash]	A20812	319	11111	31	0	0	1	0	0	0	0	50	1	1	1	1	387	1	1	0	-1	1	0	0	0	
bxbbb05	Лотерейная Коробка [Cash  	A20812	319	11111	31	0	0	1	0	0	0	0	50	1	1	1	1	387	1	1	0	-1	1	0	0	0	
bxbbb05	Лотерейная Коробка [Cash  	A20812	319	11111	31	0	0	1	0	0	0	0	50	1	1	1	1	387	1	1	0	-1	1	0	0	0	
bxsau01	Малый_Набор_Модификации_SP-брони_	A20812	437	11000	31	0	0	1	0	0	0	0	50	1	1	1	1	390	1	1	0	-1	1	0	0	0	
bxsau02	Средний_Набор_Модификации_SP-брони_	A20812	438	11000	31	0	0	1	0	0	0	0	50	1	1	1	1	391	1	1	0	-1	1	0	0	0	
bxsau03	Большой_Набор_Модификации_SP-брони_	A20812	439	11000	31	0	0	1	0	0	0	0	50	1	1	1	1	392	1	1	0	-1	1	0	0	0	
bxsau04	Малый_Набор_Модификации_SP-брони_	A20812	437	00110	31	0	0	1	0	0	0	0	50	1	1	1	1	393	1	1	0	-1	1	0	0	0	
bxsau05	Средний_Набор_Модификации_SP-брони_	A20812	438	00110	31	0	0	1	0	0	0	0	50	1	1	1	1	394	1	1	0	-1	1	0	0	0	
bxsau06	Большой_Набор_Модификации_SP-брони_	A20812	439	00110	31	0	0	1	0	0	0	0	50	1	1	1	1	395	1	1	0	-1	1	0	0	0	
bxsau07	Малый_Набор_Модификации_SP-брони_	A20812	437	00001	31	0	0	1	0	0	0	0	50	1	1	1	1	396	1	1	0	-1	1	0	0	0	
bxsau08	Средний_Набор_Модификации_SP-брони_	A20812	438	00001	31	0	0	1	0	0	0	0	50	1	1	1	1	397	1	1	0	-1	1	0	0	0	
bxsau09	Большой_Набор_Модификации_SP-брони_	A20812	439	00001	31	0	0	1	0	0	0	0	50	1	1	1	1	398	1	1	0	-1	1	0	0	0	
bxeup04	Благословенная_Коробка_Модификации_Аксессуаров	A20812	460	11000	31	0	0	1	0	0	0	0	50	1	1	1	1	399	1	1	0	-1	1	0	0	0	
bxeup05	Благословенная_Коробка_Модификации_Аксессуаров	A20812	461	00110	31	0	0	1	0	0	0	0	50	1	1	1	1	400	1	1	0	-1	1	0	0	0	
bxeup06	Благословенная_Коробка_Модификации_Аксессуаров	A20812	462	00001	31	0	0	1	0	0	0	0	50	1	1	1	1	401	1	1	0	-1	1	0	0	0	
