string[64]	dword	string[64]	dword	string[64]	dword	dword	string[64]	dword	dword	dword	dword	dword	dword	dword	dword	dword	dword	dword	dword	dword	dword	dword	string[64]	dword	dword	dword	END
Code	IsExist	Model	Icon	Name	KindClt	FixPart	Civil	LvLim	ClassGradeLim	UpLvLim	Money	StdPrice	StdPoint	GoldPoint	KillPoint	ProcPoint	StorePrice	IsSell	IsExchange	IsGround	IsStore	IsNormAcc	ToolTip	IsCash	IsUsePCCash	IsTime	
bxlow01	1	A20800	84	Охотник за Бамбуком	208	250	11111	1	0	-1	0	10000	0	0	0	0	100	1	1	1	1	1	tbxlow01	0	0	0	
bxchr01	1	A20801	105	Маленькая Подарочная Коробочка	208	250	11111	1	0	-1	0	10000	0	0	0	0	100	1	1	1	1	1	tbxchr01	0	0	0	
bxchr02	1	A20802	106	Подарочная Коробочка	208	250	11111	1	0	-1	0	10000	0	0	0	0	100	1	1	1	1	1	tbxchr02	0	0	0	
bxchr03	1	A20803	107	Большая Подарочная Коробочка	208	250	11111	1	0	-1	0	10000	0	0	0	0	100	1	1	1	1	1	tbxchr03	0	0	0	
bxdbr01	1	A20804	112	Грецкий Орех	208	250	11111	1	0	-1	0	10000	0	0	0	0	100	1	1	1	1	1	tbxdbr01	0	0	0	
bxwhi01	1	A20806	106	Коробочка	208	250	11111	1	0	-1	0	10000	0	0	0	0	100	1	1	1	1	1	tbxwhi01	0	0	0	
bxbch01	1	A20807	120	Награда Би Хаммера	208	250	11111	1	0	-1	0	10000	0	0	0	0	100	1	1	1	1	1	tbxbch01	0	0	0	
bxcch01	1	A20808	120	Награда Джиз Кадаши	208	250	11111	1	0	-1	0	10000	0	0	0	0	100	1	1	1	1	1	tbxcch01	0	0	0	
bxach01	1	A20809	120	Награда Лотана Третьего	208	250	11111	1	0	-1	0	10000	0	0	0	0	100	1	1	1	1	1	tbxach01	0	0	0	
bxscr01	1	A20810	121	Коробочка почета	208	250	11111	1	0	-1	0	10000	0	0	0	0	100	1	1	1	1	1	tbxscr01	0	0	0	
bxgem01	1	A20801	105	Малая Коробочка Мастера	208	250	11111	1	0	-1	0	312	0	0	0	0	100	1	1	1	1	1	tbxgem01	0	0	0	
bxgem02	1	A20802	106	Средняя Коробочка Мастера	208	250	11111	1	0	-1	0	1584	0	0	0	0	100	1	1	1	1	1	tbxgem02	0	0	0	
bxgem03	1	A20803	107	Большая Коробочка Мастера	208	250	11111	1	0	-1	0	10125	0	0	0	0	100	1	1	1	1	1	tbxgem03	0	0	0	
bxxts01	1	A2080E	106	Оружие Воина Только для Тестового Сервера	208	250	11111	1	0	-1	0	10000	0	0	0	0	100	1	1	1	1	1	tbxxts01	0	0	0	
bxxts02	1	A2080F	106	Элемент Пусковой Установки Только для Тестового Сервера	208	250	11111	1	0	-1	0	10000	0	0	0	0	100	1	1	1	1	1	tbxxts02	0	0	0	
bxxts03	1	A20810	106	Оружие Стрелка Только для Тестового Сервера	208	250	11111	1	0	-1	0	10000	0	0	0	0	100	1	1	1	1	1	tbxxts03	0	0	0	
bxxts04	1	A20811	106	Элемент Укрепления Только для Тестового Сервера	208	250	11111	1	0	-1	0	10000	0	0	0	0	100	1	1	1	1	1	tbxxts04	0	0	0	
bxxts05	1	A20812	106	Элемент Одежды Только для Тестового Сервера	208	250	11111	1	0	-1	0	10000	0	0	0	0	100	1	1	1	1	1	tbxxts05	0	0	0	
bxcsa01	1	A20812	149	Малый_Набор_Модификации_Оружия_	208	250	11000	1	0	-1	0	1	0	0	0	0	100	1	1	1	1	1	tbxcsa01	1	0	0	
bxcsa02	1	A20812	150	Средний_Набор_Модификации_Оружия_	208	250	11000	1	0	-1	0	1	0	0	0	0	100	1	1	1	1	1	tbxcsa02	1	0	0	
bxcsa03	1	A20812	151	Большой_Набор_Модификации_Оружия_	208	250	11000	1	0	-1	0	1	0	0	0	0	100	1	1	1	1	1	tbxcsa03	1	0	0	
bxcsa04	1	A20812	149	Малый_Набор_Модификации_Оружия_	208	250	00110	1	0	-1	0	1	0	0	0	0	100	1	1	1	1	1	tbxcsa04	1	0	0	
bxcsa05	1	A20812	150	Средний_Набор_Модификации_Оружия_	208	250	00110	1	0	-1	0	1	0	0	0	0	100	1	1	1	1	1	tbxcsa05	1	0	0	
bxcsa06	1	A20812	151	Большой_Набор_Модификации_Оружия_	208	250	00110	1	0	-1	0	1	0	0	0	0	100	1	1	1	1	1	tbxcsa06	1	0	0	
bxcsa07	1	A20812	149	Малый_Набор_Модификации_Оружия_	208	250	00001	1	0	-1	0	1	0	0	0	0	100	1	1	1	1	1	tbxcsa07	1	0	0	
bxcsa08	1	A20812	150	Средний_Набор_Модификации_Оружия_	208	250	00001	1	0	-1	0	1	0	0	0	0	100	1	1	1	1	1	tbxcsa08	1	0	0	
bxcsa09	1	A20812	151	Большой_Набор_Модификации_Оружия_	208	250	00001	1	0	-1	0	1	0	0	0	0	100	1	1	1	1	1	tbxcsa09	1	0	0	
bxchu00	1	A20801	120	Большой Праздничный Презент	208	250	11111	1	0	-1	0	1	0	0	0	0	100	1	1	1	1	1	tbxchu00	0	0	0	
bxchu01	1	A20801	106	Праздничный Презент	208	250	11111	1	0	-1	0	1	0	0	0	0	100	1	1	1	1	1	tbxchu01	0	0	0	
bxcjh01	1	A20801	229	Куб Изобретателя 	208	250	11111	1	0	-1	0	10000	0	0	0	0	100	1	1	1	1	1	tbxcjh01	0	0	0	
bxcsa10	1	A20812	210	Малый_Набор_Хрупкой_Модификации_Брони	208	250	11000	1	0	-1	0	1	0	0	0	0	100	1	1	1	1	1	tbxcsa10	1	0	0	
bxcsa11	1	A20812	211	Средний_Набор_Хрупкой_Модификации_Брони	208	250	11000	1	0	-1	0	1	0	0	0	0	100	1	1	1	1	1	tbxcsa11	1	0	0	
bxcsa12	1	A20812	212	Крупный_Набор_Хрупкой_Модификации_Брони	208	250	11000	1	0	-1	0	1	0	0	0	0	100	1	1	1	1	1	tbxcsa12	1	0	0	
bxcsa13	1	A20812	213	Малый_Набор_Хрупкой_Модификации_Брони	208	250	00110	1	0	-1	0	1	0	0	0	0	100	1	1	1	1	1	tbxcsa13	1	0	0	
bxcsa14	1	A20812	214	Средний_Набор_Хрупкой_Модификации_Брони	208	250	00110	1	0	-1	0	1	0	0	0	0	100	1	1	1	1	1	tbxcsa14	1	0	0	
bxcsa15	1	A20812	215	Крупный_Набор_Хрупкой_Модификации_Брони	208	250	00110	1	0	-1	0	1	0	0	0	0	100	1	1	1	1	1	tbxcsa15	1	0	0	
bxcsa16	1	A20812	216	Малый_Набор_Хрупкой_Модификации_Брони	208	250	00001	1	0	-1	0	1	0	0	0	0	100	1	1	1	1	1	tbxcsa16	1	0	0	
bxcsa17	1	A20812	217	Средний_Набор_Хрупкой_Модификации_Брони	208	250	00001	1	0	-1	0	1	0	0	0	0	100	1	1	1	1	1	tbxcsa17	1	0	0	
bxcsa18	1	A20812	218	Крупный_Набор_Хрупкой_Модификации_Брони	208	250	00001	1	0	-1	0	1	0	0	0	0	100	1	1	1	1	1	tbxcsa18	1	0	0	
bxcsa19	1	A20812	219	Малый_Набор_Хрупкой_Модификации_Оружия	208	250	11000	1	0	-1	0	1	0	0	0	0	100	1	1	1	1	1	tbxcsa19	1	0	0	
bxcsa20	1	A20812	220	Средний_Набор_Хрупкой_Модификации_Оружия	208	250	11000	1	0	-1	0	1	0	0	0	0	100	1	1	1	1	1	tbxcsa20	1	0	0	
bxcsa21	1	A20812	221	Большой_Набор_Хрупкой_Модификации_Оружия	208	250	11000	1	0	-1	0	1	0	0	0	0	100	1	1	1	1	1	tbxcsa21	1	0	0	
bxcsa22	1	A20812	222	Малый_Набор_Хрупкой_Модификации_Оружия	208	250	00110	1	0	-1	0	1	0	0	0	0	100	1	1	1	1	1	tbxcsa22	1	0	0	
bxcsa23	1	A20812	223	Средний_Набор_Хрупкой_Модификации_Оружия	208	250	00110	1	0	-1	0	1	0	0	0	0	100	1	1	1	1	1	tbxcsa23	1	0	0	
bxcsa24	1	A20812	224	Большой_Набор_Хрупкой_Модификации_Оружия	208	250	00110	1	0	-1	0	1	0	0	0	0	100	1	1	1	1	1	tbxcsa24	1	0	0	
bxcsa25	1	A20812	225	Малый_Набор_Хрупкой_Модификации_Оружия	208	250	00001	1	0	-1	0	1	0	0	0	0	100	1	1	1	1	1	tbxcsa25	1	0	0	
bxcsa26	1	A20812	226	Средний_Набор_Хрупкой_Модификации_Оружия	208	250	00001	1	0	-1	0	1	0	0	0	0	100	1	1	1	1	1	tbxcsa26	1	0	0	
bxcsa27	1	A20812	227	Большой_Набор_Хрупкой_Модификации_Оружия	208	250	00001	1	0	-1	0	1	0	0	0	0	100	1	1	1	1	1	tbxcsa27	1	0	0	
bxcsa28	1	A20812	228	Сокетный Куб	208	250	11111	1	0	-1	0	1	0	0	0	0	100	1	1	1	1	1	tbxcsa28	1	0	0	
bxgem04	1	A20803	231	Коробочка переработки	208	250	11111	1	0	-1	0	10000	0	0	0	0	100	1	1	1	1	1	tbxgem04	0	0	0	
bxdha00	1	A20812	243	Награда Цитадели 	208	250	11000	1	0	-1	0	2000000	0	0	0	0	100	1	0	0	1	1	tbxdha00	0	0	0	
bxdha01	1	A20812	243	Награда Цитадели 	208	250	00110	1	0	-1	0	2000000	0	0	0	0	100	1	0	0	1	1	tbxdha01	0	0	0	
bxdha02	1	A20812	243	Награда Цитадели 	208	250	00001	1	0	-1	0	2000000	0	0	0	0	100	1	0	0	1	1	tbxdha02	0	0	0	
bxdha03	1	A20812	244	Коробка Брони Цитадели [Шлем	208	250	11000	1	0	-1	0	2000000	0	0	0	0	100	1	0	0	1	1	tbxdha03	0	0	0	
bxdha04	1	A20812	244	Коробка Брони Цитадели [Шлем	208	250	00110	1	0	-1	0	2000000	0	0	0	0	100	1	0	0	1	1	tbxdha04	0	0	0	
bxdha05	1	A20812	244	Коробка Брони Цитадели [Шлем	208	250	00001	1	0	-1	0	2000000	0	0	0	0	100	1	0	0	1	1	tbxdha05	0	0	0	
bxdha06	1	A20812	244	Коробка Брони Цитадели [Торс	208	250	11000	1	0	-1	0	2000000	0	0	0	0	100	1	0	0	1	1	tbxdha06	0	0	0	
bxdha07	1	A20812	244	Коробка Брони Цитадели [Торс	208	250	00110	1	0	-1	0	2000000	0	0	0	0	100	1	0	0	1	1	tbxdha07	0	0	0	
bxdha08	1	A20812	244	Коробка Брони Цитадели [Торс	208	250	00001	1	0	-1	0	2000000	0	0	0	0	100	1	0	0	1	1	tbxdha08	0	0	0	
bxdha09	1	A20812	244	Коробка Брони Цитадели [Ноги	208	250	11000	1	0	-1	0	2000000	0	0	0	0	100	1	0	0	1	1	tbxdha09	0	0	0	
bxdha10	1	A20812	244	Коробка Брони Цитадели [Ноги	208	250	00110	1	0	-1	0	2000000	0	0	0	0	100	1	0	0	1	1	tbxdha10	0	0	0	
bxdha11	1	A20812	244	Коробка Брони Цитадели [Ноги	208	250	00001	1	0	-1	0	2000000	0	0	0	0	100	1	0	0	1	1	tbxdha11	0	0	0	
bxdha12	1	A20812	244	Коробка Брони Цитадели [Руки	208	250	11000	1	0	-1	0	2000000	0	0	0	0	100	1	0	0	1	1	tbxdha12	0	0	0	
bxdha13	1	A20812	244	Коробка Брони Цитадели [Руки	208	250	00110	1	0	-1	0	2000000	0	0	0	0	100	1	0	0	1	1	tbxdha13	0	0	0	
bxdha14	1	A20812	244	Коробка Брони Цитадели [Руки	208	250	00001	1	0	-1	0	2000000	0	0	0	0	100	1	0	0	1	1	tbxdha14	0	0	0	
bxdha15	1	A20812	244	Коробка Брони Цитадели [Ступни	208	250	11000	1	0	-1	0	2000000	0	0	0	0	100	1	0	0	1	1	tbxdha15	0	0	0	
bxdha16	1	A20812	244	Коробка Брони Цитадели [Ступни	208	250	00110	1	0	-1	0	2000000	0	0	0	0	100	1	0	0	1	1	tbxdha16	0	0	0	
bxdha17	1	A20812	244	Коробка Брони Цитадели [Ступни	208	250	00001	1	0	-1	0	2000000	0	0	0	0	100	1	0	0	1	1	tbxdha17	0	0	0	
bxdha18	1	A20812	245	Коробка Оружия Цитадели	208	250	11000	1	0	-1	0	2000000	0	0	0	0	100	1	0	0	1	1	tbxdha18	0	0	0	
bxdha19	1	A20812	245	Коробка Оружия Цитадели	208	250	00110	1	0	-1	0	2000000	0	0	0	0	100	1	0	0	1	1	tbxdha19	0	0	0	
bxdha20	1	A20812	245	Коробка Оружия Цитадели	208	250	00001	1	0	-1	0	2000000	0	0	0	0	100	1	0	0	1	1	tbxdha20	0	0	0	
bxdha21	1	A20812	246	Коробка Драгоценностей Цитадели	208	250	11000	1	0	-1	0	2000000	0	0	0	0	100	1	0	0	1	1	tbxdha21	0	0	0	
bxdha22	1	A20812	246	Коробка Драгоценностей Цитадели	208	250	00110	1	0	-1	0	2000000	0	0	0	0	100	1	0	0	1	1	tbxdha22	0	0	0	
bxdha23	1	A20812	246	Коробка Драгоценностей Цитадели	208	250	00001	1	0	-1	0	2000000	0	0	0	0	100	1	0	0	1	1	tbxdha23	0	0	0	
bxknb01	1	A20812	247	Меч со скрытой магией	208	250	11111	1	0	-1	0	2000000	0	0	0	0	100	1	0	0	1	1	tbxknb01	0	0	0	
bxswb01	1	A20812	248	Двуручный Меч со скрытой магией	208	250	11111	1	0	-1	0	2000000	0	0	0	0	100	1	0	0	1	1	tbxswb01	0	0	0	
bxaxb01	1	A20812	249	Топор со скрытой магией	208	250	11111	1	0	-1	0	2000000	0	0	0	0	100	1	0	0	1	1	tbxaxb01	0	0	0	
bxmab01	1	A20812	250	Булава/Молот со скрытой магией	208	250	11111	1	0	-1	0	2000000	0	0	0	0	100	1	0	0	1	1	tbxmab01	0	0	0	
bxspb01	1	A20812	251	Копье со скрытой магией	208	250	11111	1	0	-1	0	2000000	0	0	0	0	100	1	0	0	1	1	tbxspb01	0	0	0	
bxbob01	1	A20812	252	Лук/Арбалет со скрытой магией	208	250	11111	1	0	-1	0	2000000	0	0	0	0	100	1	0	0	1	1	tbxbob01	0	0	0	
bxfib01	1	A20812	253	Ружье/Пулемет со скрытой магией	208	250	11111	1	0	-1	0	2000000	0	0	0	0	100	1	0	0	1	1	tbxfib01	0	0	0	
bxlub01	1	A20812	254	ПУ со скрытой магией	208	250	00001	1	0	-1	0	2000000	0	0	0	0	100	1	0	0	1	1	tbxlub01	0	0	0	
bxstb01	1	A20812	255	Жезл/Посох со скрытой магией	208	250	11111	1	0	-1	0	2000000	0	0	0	0	100	1	0	0	1	1	tbxstb01	0	0	0	
bxbih01	1	A20812	256	Секретная магическая Коробка [Шлем	208	250	11000	1	0	-1	0	1000000	0	0	0	0	50	1	0	0	1	1	tbxbih01	0	0	0	
bxcih01	1	A20812	256	Секретная магическая Коробка [Шлем	208	250	00110	1	0	-1	0	1000000	0	0	0	0	50	1	0	0	1	1	tbxcih01	0	0	0	
bxaih01	1	A20812	256	Секретная магическая Коробка [Шлем	208	250	00001	1	0	-1	0	1000000	0	0	0	0	50	1	0	0	1	1	tbxaih01	0	0	0	
bxbiu01	1	A20812	257	Секретная магическая Коробка [Торс	208	250	11000	1	0	-1	0	1000000	0	0	0	0	50	1	0	0	1	1	tbxbiu01	0	0	0	
bxciu01	1	A20812	257	Секретная магическая Коробка [Торс	208	250	00110	1	0	-1	0	1000000	0	0	0	0	50	1	0	0	1	1	tbxciu01	0	0	0	
bxaiu01	1	A20812	257	Секретная магическая Коробка [Торс	208	250	00001	1	0	-1	0	1000000	0	0	0	0	50	1	0	0	1	1	tbxaiu01	0	0	0	
bxbil01	1	A20812	258	Секретная магическая Коробка [Ноги	208	250	11000	1	0	-1	0	1000000	0	0	0	0	50	1	0	0	1	1	tbxbil01	0	0	0	
bxcil01	1	A20812	258	Секретная магическая Коробка [Ноги	208	250	00110	1	0	-1	0	1000000	0	0	0	0	50	1	0	0	1	1	tbxcil01	0	0	0	
bxail01	1	A20812	258	Секретная магическая Коробка [Ноги	208	250	00001	1	0	-1	0	1000000	0	0	0	0	50	1	0	0	1	1	tbxail01	0	0	0	
bxbig01	1	A20812	259	Секретная магическая Коробка [Руки	208	250	11000	1	0	-1	0	1000000	0	0	0	0	50	1	0	0	1	1	tbxbig01	0	0	0	
bxcig01	1	A20812	259	Секретная магическая Коробка [Руки	208	250	00110	1	0	-1	0	1000000	0	0	0	0	50	1	0	0	1	1	tbxcig01	0	0	0	
bxaig01	1	A20812	259	Секретная магическая Коробка [Руки	208	250	00001	1	0	-1	0	1000000	0	0	0	0	50	1	0	0	1	1	tbxaig01	0	0	0	
bxbis01	1	A20812	260	Секретная магическая Коробка [Ступни	208	250	11000	1	0	-1	0	1000000	0	0	0	0	50	1	0	0	1	1	tbxbis01	0	0	0	
bxcis01	1	A20812	260	Секретная магическая Коробка [Ступни	208	250	00110	1	0	-1	0	1000000	0	0	0	0	50	1	0	0	1	1	tbxcis01	0	0	0	
bxais01	1	A20812	260	Секретная магическая Коробка [Ступни	208	250	00001	1	0	-1	0	1000000	0	0	0	0	50	1	0	0	1	1	tbxais01	0	0	0	
bxbih00	1	A20812	256	Секретная магическая Коробка Брони [Шлем	208	250	11000	1	0	-1	0	500000	0	0	0	0	50	1	0	0	1	1	tbxbih00	0	0	0	
bxcih00	1	A20812	256	Секретная магическая Коробка Брони [Шлем	208	250	00110	1	0	-1	0	500000	0	0	0	0	50	1	0	0	1	1	tbxcih00	0	0	0	
bxaih00	1	A20812	256	Секретная магическая Коробка Брони [Шлем	208	250	00001	1	0	-1	0	500000	0	0	0	0	50	1	0	0	1	1	tbxaih00	0	0	0	
bxbiu00	1	A20812	257	Секретная магическая Коробка Брони [Торс	208	250	11000	1	0	-1	0	500000	0	0	0	0	50	1	0	0	1	1	tbxbiu00	0	0	0	
bxciu00	1	A20812	257	Секретная магическая Коробка Брони [Торс	208	250	00110	1	0	-1	0	500000	0	0	0	0	50	1	0	0	1	1	tbxciu00	0	0	0	
bxaiu00	1	A20812	257	Секретная магическая Коробка Брони [Торс	208	250	00001	1	0	-1	0	500000	0	0	0	0	50	1	0	0	1	1	tbxaiu00	0	0	0	
bxbil00	1	A20812	258	Секретная магическая Коробка Брони [Ноги	208	250	11000	1	0	-1	0	500000	0	0	0	0	50	1	0	0	1	1	tbxbil00	0	0	0	
bxcil00	1	A20812	258	Секретная магическая Коробка Брони [Ноги	208	250	00110	1	0	-1	0	500000	0	0	0	0	50	1	0	0	1	1	tbxcil00	0	0	0	
bxail00	1	A20812	258	Секретная магическая Коробка Брони [Ноги	208	250	00001	1	0	-1	0	500000	0	0	0	0	50	1	0	0	1	1	tbxail00	0	0	0	
bxbig00	1	A20812	259	Секретная магическая Коробка Брони [Руки	208	250	11000	1	0	-1	0	500000	0	0	0	0	50	1	0	0	1	1	tbxbig00	0	0	0	
bxcig00	1	A20812	259	Секретная магическая Коробка Брони [Руки	208	250	00110	1	0	-1	0	500000	0	0	0	0	50	1	0	0	1	1	tbxcig00	0	0	0	
bxaig00	1	A20812	259	Секретная магическая Коробка Брони [Руки	208	250	00001	1	0	-1	0	500000	0	0	0	0	50	1	0	0	1	1	tbxaig00	0	0	0	
bxbis00	1	A20812	260	Секретная магическая Коробка Брони [Ступни	208	250	11000	1	0	-1	0	500000	0	0	0	0	50	1	0	0	1	1	tbxbis00	0	0	0	
bxcis00	1	A20812	260	Секретная магическая Коробка Брони [Ступни	208	250	00110	1	0	-1	0	500000	0	0	0	0	50	1	0	0	1	1	tbxcis00	0	0	0	
bxais00	1	A20812	260	Секретная магическая Коробка Брони [Ступни	208	250	00001	1	0	-1	0	500000	0	0	0	0	50	1	0	0	1	1	tbxais00	0	0	0	
bxbud01	1	A20812	262	Коробка Бусинок	208	250	11111	1	0	-1	0	1	0	0	0	0	50	1	0	0	1	1	tbxbud01	0	0	0	
bxtal01	1	A20812	271	Коробочка с загадочным сокровищем	208	250	11111	1	0	-1	0	1	0	0	0	0	50	1	0	0	1	1	tbxtal01	0	0	0	
bxtal02	1	A20812	272	Коробочка с магическим загадочным сокровищем	208	250	11111	1	0	-1	0	1	0	0	0	0	50	1	0	0	1	1	tbxtal02	0	0	0	
bxtal03	1	A20812	269	Коробочка с загадочным сокровищем	208	250	11111	1	0	-1	0	1	0	0	0	0	50	1	0	0	1	1	tbxtal03	0	0	0	
bxtal04	1	A20812	270	Коробочка с магическим загадочным сокровищем	208	250	11111	1	0	-1	0	1	0	0	0	0	50	1	0	0	1	1	tbxtal04	0	0	0	
bxbwc50	1	A20812	266	Наградная коробочка воина Федерации [50	208	250	11000	1	0	-1	0	1	0	0	0	0	50	1	1	1	1	1	tbxbwc50	0	0	0	
bxbrc50	1	A20812	266	Наградная коробочка стрелка Федерации [50	208	250	11000	1	0	-1	0	1	0	0	0	0	50	1	1	1	1	1	tbxbrc50	0	0	0	
bxbfc50	1	A20812	266	Наградная коробочка мага Федерации [50	208	250	11000	1	0	-1	0	1	0	0	0	0	50	1	1	1	1	1	tbxbfc50	0	0	0	
bxcwc50	1	A20812	266	Наградная коробочка воина Альянса [50	208	250	11000	1	0	-1	0	1	0	0	0	0	50	1	1	1	1	1	tbxcwc50	0	0	0	
bxcrc50	1	A20812	266	Наградная коробочка стрелка Альянса [50	208	250	11000	1	0	-1	0	1	0	0	0	0	50	1	1	1	1	1	tbxcrc50	0	0	0	
bxcfc50	1	A20812	266	Наградная коробочка мага Альянса [50	208	250	11000	1	0	-1	0	1	0	0	0	0	50	1	1	1	1	1	tbxcfc50	0	0	0	
bxawc50	1	A20812	266	Наградная коробочка воина Империи [50	208	250	11000	1	0	-1	0	1	0	0	0	0	50	1	1	1	1	1	tbxawc50	0	0	0	
bxarc50	1	A20812	266	Наградная коробочка стрелка Империи [50	208	250	11000	1	0	-1	0	1	0	0	0	0	50	1	1	1	1	1	tbxarc50	0	0	0	
bxafc50	1	A20812	266	Наградная коробочка ракетчика Империи [50	208	250	11000	1	0	-1	0	1	0	0	0	0	50	1	1	1	1	1	tbxafc50	0	0	0	
bxbwc53	1	A20812	266	Наградная коробочка воина Федерации [53	208	250	00110	1	0	-1	0	1	0	0	0	0	50	1	1	1	1	1	tbxbwc53	0	0	0	
bxbrc53	1	A20812	266	Наградная коробочка стрелка Федерации [53	208	250	00110	1	0	-1	0	1	0	0	0	0	50	1	1	1	1	1	tbxbrc53	0	0	0	
bxbfc53	1	A20812	266	Наградная коробочка мага Федерации [53	208	250	00110	1	0	-1	0	1	0	0	0	0	50	1	1	1	1	1	tbxbfc53	0	0	0	
bxcwc53	1	A20812	266	Наградная коробочка воина Альянса [53	208	250	00110	1	0	-1	0	1	0	0	0	0	50	1	1	1	1	1	tbxcwc53	0	0	0	
bxcrc53	1	A20812	266	Наградная коробочка стрелка Альянса [53	208	250	00110	1	0	-1	0	1	0	0	0	0	50	1	1	1	1	1	tbxcrc53	0	0	0	
bxcfc53	1	A20812	266	Наградная коробочка мага Альянса [53	208	250	00110	1	0	-1	0	1	0	0	0	0	50	1	1	1	1	1	tbxcfc53	0	0	0	
bxawc53	1	A20812	266	Наградная коробочка воина Империи [53	208	250	00110	1	0	-1	0	1	0	0	0	0	50	1	1	1	1	1	tbxawc53	0	0	0	
bxarc53	1	A20812	266	Наградная коробочка стрелка Империи [53	208	250	00110	1	0	-1	0	1	0	0	0	0	50	1	1	1	1	1	tbxarc53	0	0	0	
bxafc53	1	A20812	266	Наградная коробочка ракетчика Империи [53	208	250	00110	1	0	-1	0	1	0	0	0	0	50	1	1	1	1	1	tbxafc53	0	0	0	
bxbwc55	1	A20812	266	Наградная коробочка воина Федерации [55	208	250	00001	1	0	-1	0	1	0	0	0	0	50	1	1	1	1	1	tbxbwc55	0	0	0	
bxbrc55	1	A20812	266	Наградная коробочка стрелка Федерации [55	208	250	00001	1	0	-1	0	1	0	0	0	0	50	1	1	1	1	1	tbxbrc55	0	0	0	
bxbfc55	1	A20812	266	Наградная коробочка мага Федерации [55	208	250	00001	1	0	-1	0	1	0	0	0	0	50	1	1	1	1	1	tbxbfc55	0	0	0	
bxcwc55	1	A20812	266	Наградная коробочка воина Альянса [55	208	250	00001	1	0	-1	0	1	0	0	0	0	50	1	1	1	1	1	tbxcwc55	0	0	0	
bxcrc55	1	A20812	266	Наградная коробочка стрелка Альянса [55	208	250	00001	1	0	-1	0	1	0	0	0	0	50	1	1	1	1	1	tbxcrc55	0	0	0	
bxcfc55	1	A20812	266	Наградная коробочка мага Альянса [55	208	250	00001	1	0	-1	0	1	0	0	0	0	50	1	1	1	1	1	tbxcfc55	0	0	0	
bxawc55	1	A20812	266	Наградная коробочка воина Империи [55	208	250	00001	1	0	-1	0	1	0	0	0	0	50	1	1	1	1	1	tbxawc55	0	0	0	
bxarc55	1	A20812	266	Наградная коробочка стрелка Империи [55	208	250	00001	1	0	-1	0	1	0	0	0	0	50	1	1	1	1	1	tbxarc55	0	0	0	
bxafc55	1	A20812	266	Наградная коробочка ракетчика Империи [55	208	250	00001	1	0	-1	0	1	0	0	0	0	50	1	1	1	1	1	tbxafc55	0	0	0	
bxrel01	1	A20812	267	Наследие аборигенов Новуса	208	250	11111	1	0	-1	0	1	0	0	0	0	50	1	1	1	1	1	tbxrel01	0	0	0	
bxbab50	1	A20812	266	Маленькая наградная коробочка Федерации	208	250	11000	1	0	-1	0	1	0	0	0	0	50	1	1	1	1	1	tbxbab50	0	0	0	
bxcab50	1	A20812	266	Маленькая наградная коробочка Альянса	208	250	00110	1	0	-1	0	1	0	0	0	0	50	1	1	1	1	1	tbxcab50	0	0	0	
bxaab50	1	A20812	266	Маленькая наградная коробочка Империи	208	250	00001	1	0	-1	0	1	0	0	0	0	50	1	1	1	1	1	tbxaab50	0	0	0	
bxspr50	1	A20812	284	Коробочка Превосходства [50	208	250	11111	1	0	-1	0	1	0	0	0	0	50	1	1	1	1	1	tbxupd50	1	0	0	
bxspr53	1	A20812	285	Коробочка Превосходства [53	208	250	11111	1	0	-1	0	1	0	0	0	0	50	1	1	1	1	1	tbxupd53	1	0	0	
bxspr55	1	A20812	286	Коробочка Превосходства [55	208	250	11111	1	0	-1	0	1	0	0	0	0	50	1	1	1	1	1	tbxupd55	1	0	0	
bxleo01	1	A20812	287	Оружейная коробочка Леона	208	250	11111	1	0	-1	0	1	0	0	0	0	50	1	1	1	1	1	tbxleo01	0	0	0	
bxleo02	1	A20812	287	Оружейная коробочка Леона	208	250	11111	1	0	-1	0	1	0	0	0	0	50	1	1	1	1	1	tbxleo02	0	0	0	
bxleo03	1	A20812	287	Оружейная коробочка Леона	208	250	11111	1	0	-1	0	1	0	0	0	0	50	1	1	1	1	1	tbxleo03	0	0	0	
bxleo04	1	A20812	287	Оружейная коробочка Леона	208	250	11111	1	0	-1	0	1	0	0	0	0	50	1	1	1	1	1	tbxleo04	0	0	0	
bxbno50	1	A20812	266	Наградная коробочка Федерации [50	208	250	11000	1	0	-1	0	1	0	0	0	0	50	1	1	1	1	1	tbxbno50	0	0	0	
bxbno53	1	A20812	266	Наградная коробочка Федерации [53	208	250	11000	1	0	-1	0	1	0	0	0	0	50	1	1	1	1	1	tbxbno53	0	0	0	
bxbno55	1	A20812	266	Наградная коробочка Федерации [55	208	250	11000	1	0	-1	0	1	0	0	0	0	50	1	1	1	1	1	tbxbno55	0	0	0	
bxcno50	1	A20812	266	Наградная коробочка Альянса [50	208	250	00110	1	0	-1	0	1	0	0	0	0	50	1	1	1	1	1	tbxcno50	0	0	0	
bxcno53	1	A20812	266	Наградная коробочка Альянса [53	208	250	00110	1	0	-1	0	1	0	0	0	0	50	1	1	1	1	1	tbxcno53	0	0	0	
bxcno55	1	A20812	266	Наградная коробочка Альянса [55	208	250	00110	1	0	-1	0	1	0	0	0	0	50	1	1	1	1	1	tbxcno55	0	0	0	
bxano50	1	A20812	266	Наградная коробочка Империи [50	208	250	00001	1	0	-1	0	1	0	0	0	0	50	1	1	1	1	1	tbxano50	0	0	0	
bxano53	1	A20812	266	Наградная коробочка Империи [53	208	250	00001	1	0	-1	0	1	0	0	0	0	50	1	1	1	1	1	tbxano53	0	0	0	
bxano55	1	A20812	266	Наградная коробочка Империи [55	208	250	00001	1	0	-1	0	1	0	0	0	0	50	1	1	1	1	1	tbxano55	0	0	0	
bxcou01	1	A20812	288	Коробочка Купона	208	250	11111	1	0	-1	0	1	0	0	0	0	50	1	1	1	1	1	tbxcou01	0	0	0	
bxbgb01	1	A20812	310	Подарочная коробочка Золотой Пинг	208	250	11111	1	0	-1	0	1	0	0	0	0	50	1	1	1	1	1	tbxbgb01	0	0	0	
bxqsa01	1	A20812	301	40лвл Тип С Коробка с оружием 	208	250	11111	1	0	-1	1	10	0	0	0	0	50	1	0	0	0	1	tbxqsa01	0	0	0	
bxqsa02	1	A20812	302	40лвл Тип С Коробка с оружием 	208	250	11111	1	0	-1	1	10	0	0	0	0	50	1	0	0	0	1	tbxqsa02	0	0	0	
bxqsa03	1	A20812	303	40лвл Тип С Коробка с оружием 	208	250	11111	1	0	-1	1	10	0	0	0	0	50	1	0	0	0	1	tbxqsa03	0	0	0	
bxqsa04	1	A20812	304	40лвл Тип С Коробка с оружием 	208	250	11111	1	0	-1	1	10	0	0	0	0	50	1	0	0	0	1	tbxqsa04	0	0	0	
bxqsa05	1	A20812	305	Коробка с броней 	208	250	00001	1	0	-1	1	10	0	0	0	0	50	1	0	0	0	1	tbxqsa05	0	0	0	
bxqsa06	1	A20812	305	Коробка с броней 	208	250	11000	1	0	-1	1	10	0	0	0	0	50	1	0	0	0	1	tbxqsa06	0	0	0	
bxqsa07	1	A20812	305	Коробка с броней 	208	250	00110	1	0	-1	1	10	0	0	0	0	50	1	0	0	0	1	tbxqsa07	0	0	0	
bxbsh50	1	A20812	266	Коробка Вознаграждения Альянс Щит 50лвл	208	250	11000	1	0	-1	0	1	0	0	0	0	50	1	1	1	1	1	tbxbsh50	0	0	0	
bxbsh53	1	A20812	266	Коробка Вознаграждения Альянс Щит 53лвл	208	250	11000	1	0	-1	0	1	0	0	0	0	50	1	1	1	1	1	tbxbsh53	0	0	0	
bxbsh55	1	A20812	266	Коробка Вознаграждения Альянс Щит 55лвл	208	250	11000	1	0	-1	0	1	0	0	0	0	50	1	1	1	1	1	tbxbsh55	0	0	0	
bxcsh50	1	A20812	266	Коробка Вознаграждения Федерация Щит 50лвл	208	250	00110	1	0	-1	0	1	0	0	0	0	50	1	1	1	1	1	tbxcsh50	0	0	0	
bxcsh53	1	A20812	266	Коробка Вознаграждения Федерация Щит 53лвл	208	250	00110	1	0	-1	0	1	0	0	0	0	50	1	1	1	1	1	tbxcsh53	0	0	0	
bxcsh55	1	A20812	266	Коробка Вознаграждения Федерация Щит 55лвл	208	250	00110	1	0	-1	0	1	0	0	0	0	50	1	1	1	1	1	tbxcsh55	0	0	0	
bxash50	1	A20812	266	Коробка Вознаграждения Империя Щит 50лвл	208	250	00001	1	0	-1	0	1	0	0	0	0	50	1	1	1	1	1	tbxash50	0	0	0	
bxash53	1	A20812	266	Коробка Вознаграждения Империя Щит 53лвл	208	250	00001	1	0	-1	0	1	0	0	0	0	50	1	1	1	1	1	tbxash53	0	0	0	
bxash55	1	A20812	266	Коробка Империя Щит 55лвл	208	250	00001	1	0	-1	0	1	0	0	0	0	50	1	1	1	1	1	tbxash55	0	0	0	
bxcsa29	1	A20812	317	Малый_Набор_Модификации_Брони	208	250	11000	1	0	-1	0	1	0	0	0	0	100	1	1	1	1	1	tbxcsa29	1	0	0	
bxcsa30	1	A20812	318	Средний_Набор_Модификации_Брони	208	250	11000	1	0	-1	0	1	0	0	0	0	100	1	1	1	1	1	tbxcsa30	1	0	0	
bxcsa31	1	A20812	319	Большой_Набор_Модификации_Брони	208	250	11000	1	0	-1	0	1	0	0	0	0	100	1	1	1	1	1	tbxcsa31	1	0	0	
bxcsa32	1	A20812	320	Малый_Набор_Модификации_Брони	208	250	00110	1	0	-1	0	1	0	0	0	0	100	1	1	1	1	1	tbxcsa32	1	0	0	
bxcsa33	1	A20812	321	Средний_Набор_Модификации_Брони	208	250	00110	1	0	-1	0	1	0	0	0	0	100	1	1	1	1	1	tbxcsa33	1	0	0	
bxcsa34	1	A20812	322	Большой_Набор_Модификации_Брони	208	250	00110	1	0	-1	0	1	0	0	0	0	100	1	1	1	1	1	tbxcsa34	1	0	0	
bxcsa35	1	A20812	323	Малый_Набор_Модификации_Брони	208	250	00001	1	0	-1	0	1	0	0	0	0	100	1	1	1	1	1	tbxcsa35	1	0	0	
bxcsa36	1	A20812	324	Средний_Набор_Модификации_Брони	208	250	00001	1	0	-1	0	1	0	0	0	0	100	1	1	1	1	1	tbxcsa36	1	0	0	
bxcsa37	1	A20812	325	Большой_Набор_Модификации_Брони	208	250	00001	1	0	-1	0	1	0	0	0	0	100	1	1	1	1	1	tbxcsa37	1	0	0	
bxcsa38	1	A20801	354	Лунная_Коробка	208	250	11000	1	0	-1	0	1	0	0	0	0	100	1	1	1	1	1	tbxcsa38	1	0	0	
bxcsa39	1	A20801	354	Лунная_Коробка	208	250	00110	1	0	-1	0	1	0	0	0	0	100	1	1	1	1	1	tbxcsa39	1	0	0	
bxcsa40	1	A20801	354	Лунная_Коробка	208	250	00001	1	0	-1	0	1	0	0	0	0	100	1	1	1	1	1	tbxcsa40	1	0	0	
bxcsa41	1	A20812	317	Малый Набор Модификации Мудрости	208	250	11000	1	0	-1	0	1	0	0	0	0	100	1	1	1	1	1	tbxcsa41	1	0	0	
bxcsa42	1	A20812	318	Средний Набор Модификации Мудрости	208	250	11000	1	0	-1	0	1	0	0	0	0	100	1	1	1	1	1	tbxcsa42	1	0	0	
bxcsa43	1	A20812	319	Большой Набор Модификации Мудрости	208	250	11000	1	0	-1	0	1	0	0	0	0	100	1	1	1	1	1	tbxcsa43	1	0	0	
bxcsa44	1	A20812	320	Малый Набор Модификации Мудрости	208	250	00110	1	0	-1	0	1	0	0	0	0	100	1	1	1	1	1	tbxcsa44	1	0	0	
bxcsa45	1	A20812	321	Средний Набор Модификации Мудрости	208	250	00110	1	0	-1	0	1	0	0	0	0	100	1	1	1	1	1	tbxcsa45	1	0	0	
bxcsa46	1	A20812	322	Большой Набор Модификации Мудрости	208	250	00110	1	0	-1	0	1	0	0	0	0	100	1	1	1	1	1	tbxcsa46	1	0	0	
bxcsa47	1	A20812	323	Малый Набор Модификации Мудрости	208	250	00001	1	0	-1	0	1	0	0	0	0	100	1	1	1	1	1	tbxcsa47	1	0	0	
bxcsa48	1	A20812	324	Средний Набор Модификации Мудрости	208	250	00001	1	0	-1	0	1	0	0	0	0	100	1	1	1	1	1	tbxcsa48	1	0	0	
bxcsa49	1	A20812	325	Большой Набор Модификации Мудрости	208	250	00001	1	0	-1	0	1	0	0	0	0	100	1	1	1	1	1	tbxcsa49	1	0	0	
bxcsa50	1	A20812	317	Малый_Набор_Модификации_Тьмы	208	250	11000	1	0	-1	0	1	0	0	0	0	100	1	1	1	1	1	tbxcsa50	1	0	0	
bxcsa51	1	A20812	318	Средний_Набор_Модификации_Тьмы	208	250	11000	1	0	-1	0	1	0	0	0	0	100	1	1	1	1	1	tbxcsa51	1	0	0	
bxcsa52	1	A20812	319	Большой_Набор_Модификации_Тьмы	208	250	11000	1	0	-1	0	1	0	0	0	0	100	1	1	1	1	1	tbxcsa52	1	0	0	
bxcsa53	1	A20812	320	Малый_Набор_Модификации_Тьмы	208	250	00110	1	0	-1	0	1	0	0	0	0	100	1	1	1	1	1	tbxcsa53	1	0	0	
bxcsa54	1	A20812	321	Средний_Набор_Модификации_Тьмы	208	250	00110	1	0	-1	0	1	0	0	0	0	100	1	1	1	1	1	tbxcsa54	1	0	0	
bxcsa55	1	A20812	322	Большой_Набор_Модификации_Тьмы	208	250	00110	1	0	-1	0	1	0	0	0	0	100	1	1	1	1	1	tbxcsa55	1	0	0	
bxcsa56	1	A20812	323	Малый_Набор_Модификации_Тьмы	208	250	00001	1	0	-1	0	1	0	0	0	0	100	1	1	1	1	1	tbxcsa56	1	0	0	
bxcsa57	1	A20812	324	Средний_Набор_Модификации_Тьмы	208	250	00001	1	0	-1	0	1	0	0	0	0	100	1	1	1	1	1	tbxcsa57	1	0	0	
bxcsa58	1	A20812	325	Большой_Набор_Модификации_Тьмы	208	250	00001	1	0	-1	0	1	0	0	0	0	100	1	1	1	1	1	tbxcsa58	1	0	0	
bxcsa59	1	A20812	317	Малый_Набор_Модификации_Милосердия	208	250	11000	1	0	-1	0	1	0	0	0	0	100	1	1	1	1	1	tbxcsa59	1	0	0	
bxcsa60	1	A20812	318	Средний_Набор_Модификации_Милосердия	208	250	11000	1	0	-1	0	1	0	0	0	0	100	1	1	1	1	1	tbxcsa60	1	0	0	
bxcsa61	1	A20812	319	Большой_Набор_Модификации_Милосердия	208	250	11000	1	0	-1	0	1	0	0	0	0	100	1	1	1	1	1	tbxcsa61	1	0	0	
bxcsa62	1	A20812	320	Малый_Набор_Модификации_Милосердия	208	250	00110	1	0	-1	0	1	0	0	0	0	100	1	1	1	1	1	tbxcsa62	1	0	0	
bxcsa63	1	A20812	321	Средний_Набор_Модификации_Милосердия	208	250	00110	1	0	-1	0	1	0	0	0	0	100	1	1	1	1	1	tbxcsa63	1	0	0	
bxcsa64	1	A20812	322	Большой_Набор_Модификации_Милосердия	208	250	00110	1	0	-1	0	1	0	0	0	0	100	1	1	1	1	1	tbxcsa64	1	0	0	
bxcsa65	1	A20812	323	Малый_Набор_Модификации_Милосердия	208	250	00001	1	0	-1	0	1	0	0	0	0	100	1	1	1	1	1	tbxcsa65	1	0	0	
bxcsa66	1	A20812	324	Средний_Набор_Модификации_Милосердия	208	250	00001	1	0	-1	0	1	0	0	0	0	100	1	1	1	1	1	tbxcsa66	1	0	0	
bxcsa67	1	A20812	325	Большой_Набор_Модификации_Милосердия	208	250	00001	1	0	-1	0	1	0	0	0	0	100	1	1	1	1	1	tbxcsa67	1	0	0	
bxcsa68	1	A20812	317	Малый_Набор_Модификации_Грации	208	250	11000	1	0	-1	0	1	0	0	0	0	100	1	1	1	1	1	tbxcsa68	1	0	0	
bxcsa69	1	A20812	318	Средний_Набор_Модификации_Грации	208	250	11000	1	0	-1	0	1	0	0	0	0	100	1	1	1	1	1	tbxcsa69	1	0	0	
bxcsa70	1	A20812	319	Большой_Набор_Модификации_Грации	208	250	11000	1	0	-1	0	1	0	0	0	0	100	1	1	1	1	1	tbxcsa70	1	0	0	
bxcsa71	1	A20812	320	Малый_Набор_Модификации_Грации	208	250	00110	1	0	-1	0	1	0	0	0	0	100	1	1	1	1	1	tbxcsa71	1	0	0	
bxcsa72	1	A20812	321	Средний_Набор_Модификации_Грации	208	250	00110	1	0	-1	0	1	0	0	0	0	100	1	1	1	1	1	tbxcsa72	1	0	0	
bxcsa73	1	A20812	322	Большой_Набор_Модификации_Грации	208	250	00110	1	0	-1	0	1	0	0	0	0	100	1	1	1	1	1	tbxcsa73	1	0	0	
bxcsa74	1	A20812	323	Малый_Набор_Модификации_Грации	208	250	00001	1	0	-1	0	1	0	0	0	0	100	1	1	1	1	1	tbxcsa74	1	0	0	
bxcsa75	1	A20812	324	Средний_Набор_Модификации_Грации	208	250	00001	1	0	-1	0	1	0	0	0	0	100	1	1	1	1	1	tbxcsa75	1	0	0	
bxcsa76	1	A20812	325	Большой_Набор_Модификации_Грации	208	250	00001	1	0	-1	0	1	0	0	0	0	100	1	1	1	1	1	tbxcsa76	1	0	0	
bxcsa77	1	A20803	355	40лвл Коробка Вознаграждения	208	250	11111	40	0	-1	0	1	0	0	0	0	100	0	0	0	0	1	tbxcsa77	0	0	0	
bxcsa78	1	A20803	356	40лвл Коробка Вознаграждения	208	250	11111	40	0	-1	0	1	0	0	0	0	100	0	0	0	0	1	tbxcsa78	0	0	0	
bxcsa79	1	A20803	357	40лвл Коробка Вознаграждения	208	250	11111	40	0	-1	0	1	0	0	0	0	100	0	0	0	0	1	tbxcsa79	0	0	0	
bxcsa80	1	A20803	358	45лвл Коробка Вознаграждения	208	250	11111	45	0	-1	0	1	0	0	0	0	100	0	0	0	0	1	tbxcsa80	0	0	0	
bxcsa81	1	A20803	359	45лвл Коробка Вознаграждения	208	250	11111	45	0	-1	0	1	0	0	0	0	100	0	0	0	0	1	tbxcsa81	0	0	0	
bxcsa82	1	A20803	360	45лвл Коробка Вознаграждения	208	250	11111	45	0	-1	0	1	0	0	0	0	100	0	0	0	0	1	tbxcsa82	0	0	0	
bxcsa83	1	A20801	361	Коробка Праздника Жатвы(??)	208	250	11000	1	0	-1	0	1	0	0	0	0	100	1	1	1	1	1	tbxcsa83	1	0	0	
bxcsa84	1	A20801	361	Коробка Праздника Жатвы(??)	208	250	00110	1	0	-1	0	1	0	0	0	0	100	1	1	1	1	1	tbxcsa84	1	0	0	
bxcsa85	1	A20801	361	Коробка Праздника Жатвы(??)	208	250	00001	1	0	-1	0	1	0	0	0	0	100	1	1	1	1	1	tbxcsa85	1	0	0	
bxcsa86	1	A20812	317	Малый_Набор_Модификации_Хаоса	208	250	11000	1	0	-1	0	1	0	0	0	0	100	1	1	1	1	1	tbxcsa86	1	0	0	
bxcsa87	1	A20812	318	Средний_Набор_Модификации_Хаоса	208	250	11000	1	0	-1	0	1	0	0	0	0	100	1	1	1	1	1	tbxcsa87	1	0	0	
bxcsa88	1	A20812	319	Большой_Набор_Модификации_Хаоса	208	250	11000	1	0	-1	0	1	0	0	0	0	100	1	1	1	1	1	tbxcsa88	1	0	0	
bxcsa89	1	A20812	320	Малый_Набор_Модификации_Хаоса	208	250	00110	1	0	-1	0	1	0	0	0	0	100	1	1	1	1	1	tbxcsa89	1	0	0	
bxcsa90	1	A20812	321	Средний_Набор_Модификации_Хаоса	208	250	00110	1	0	-1	0	1	0	0	0	0	100	1	1	1	1	1	tbxcsa90	1	0	0	
bxcsa91	1	A20812	322	Большой_Набор_Модификации_Хаоса	208	250	00110	1	0	-1	0	1	0	0	0	0	100	1	1	1	1	1	tbxcsa91	1	0	0	
bxcsa92	1	A20812	323	Малый_Набор_Модификации_Хаоса 	208	250	00001	1	0	-1	0	1	0	0	0	0	100	1	1	1	1	1	tbxcsa92	1	0	0	
bxcsa93	1	A20812	324	Средний_Набор_Модификации_Хаоса 	208	250	00001	1	0	-1	0	1	0	0	0	0	100	1	1	1	1	1	tbxcsa93	1	0	0	
bxcsa94	1	A20812	325	Большой_Набор_Модификации_Хаоса 	208	250	00001	1	0	-1	0	1	0	0	0	0	100	1	1	1	1	1	tbxcsa94	1	0	0	
bxcsa95	1	A20801	362	Коробка Дня Основания Кореи(??)	208	250	11000	1	0	-1	0	1	0	0	0	0	100	1	1	1	1	1	tbxcsa95	1	0	0	
bxcsa96	1	A20801	362	Коробка Дня Основания Кореи(??)	208	250	00110	1	0	-1	0	1	0	0	0	0	100	1	1	1	1	1	tbxcsa96	1	0	0	
bxcsa97	1	A20801	362	Коробка Дня Основания Кореи(??)	208	250	00001	1	0	-1	0	1	0	0	0	0	100	1	1	1	1	1	tbxcsa97	1	0	0	
bxcsa98	1	A20801	363	Рождественский Чулок(??)	208	250	11000	1	0	-1	0	1	0	0	0	0	100	1	1	1	1	1	tbxcsa98	1	0	0	
bxcsa99	1	A20801	363	Рождественский Чулок(??)	208	250	00110	1	0	-1	0	1	0	0	0	0	100	1	1	1	1	1	tbxcsa99	1	0	0	
bxcsb00	1	A20801	363	Рождественский Чулок(??)	208	250	00001	1	0	-1	0	1	0	0	0	0	100	1	1	1	1	1	tbxcsb00	1	0	0	
bxcsb01	1	A20812	367	Коробка Стихийного Амулета 	208	250	11111	1	0	-1	0	1	0	0	0	0	100	1	1	1	1	1	tbxcsb01	0	0	0	
bxcsb02	1	A20812	367	Коробка Стихийного Амулета 	208	250	11111	1	0	-1	0	1	0	0	0	0	100	1	1	1	1	1	tbxcsb02	0	0	0	
bxcsb03	1	A20812	367	Коробка Стихийного Амулета 	208	250	11111	1	0	-1	0	1	0	0	0	0	100	1	1	1	1	1	tbxcsb03	0	0	0	
bxcsb04	1	A20812	368	Коробка Стихийного Амулета 	208	250	11111	1	0	-1	0	1	0	0	0	0	100	1	1	1	1	1	tbxcsb04	0	0	0	
bxcsb05	1	A20812	368	Коробка Стихийного Амулета 	208	250	11111	1	0	-1	0	1	0	0	0	0	100	1	1	1	1	1	tbxcsb05	0	0	0	
bxcsb06	1	A20812	368	Коробка Стихийного Амулета 	208	250	11111	1	0	-1	0	1	0	0	0	0	100	1	1	1	1	1	tbxcsb06	0	0	0	
bxcsb07	1	A20812	366	Коробка Стихийного Амулета 	208	250	11111	1	0	-1	0	1	0	0	0	0	100	1	1	1	1	1	tbxcsb07	0	0	0	
bxcsb08	1	A20812	366	Коробка Стихийного Амулета 	208	250	11111	1	0	-1	0	1	0	0	0	0	100	1	1	1	1	1	tbxcsb08	0	0	0	
bxcsb09	1	A20812	366	Коробка Стихийного Амулета 	208	250	11111	1	0	-1	0	1	0	0	0	0	100	1	1	1	1	1	tbxcsb09	0	0	0	
bxcsb10	1	A20812	370	Коробка Стихийного Кольца 	208	250	11111	1	0	-1	0	1	0	0	0	0	100	1	1	1	1	1	tbxcsb10	0	0	0	
bxcsb11	1	A20812	370	Коробка Стихийного Кольца 	208	250	11111	1	0	-1	0	1	0	0	0	0	100	1	1	1	1	1	tbxcsb11	0	0	0	
bxcsb12	1	A20812	370	Коробка Стихийного Кольца 	208	250	11111	1	0	-1	0	1	0	0	0	0	100	1	1	1	1	1	tbxcsb12	0	0	0	
bxcsb13	1	A20812	369	Коробка Стихийного Кольца 	208	250	11111	1	0	-1	0	1	0	0	0	0	100	1	1	1	1	1	tbxcsb13	0	0	0	
bxcsb14	1	A20812	369	Коробка Стихийного Кольца 	208	250	11111	1	0	-1	0	1	0	0	0	0	100	1	1	1	1	1	tbxcsb14	0	0	0	
bxcsb15	1	A20812	369	Коробка Стихийного Кольца 	208	250	11111	1	0	-1	0	1	0	0	0	0	100	1	1	1	1	1	tbxcsb15	0	0	0	
bxcsb16	1	A20812	371	Коробка Стихийного Кольца 	208	250	11111	1	0	-1	0	1	0	0	0	0	100	1	1	1	1	1	tbxcsb16	0	0	0	
bxcsb17	1	A20812	371	Коробка Стихийного Кольца 	208	250	11111	1	0	-1	0	1	0	0	0	0	100	1	1	1	1	1	tbxcsb17	0	0	0	
bxcsb18	1	A20812	371	Коробка Стихийного Кольца 	208	250	11111	1	0	-1	0	1	0	0	0	0	100	1	1	1	1	1	tbxcsb18	0	0	0	
bxcsb19	1	A20812	378	Коробка Чипа с Данными о Генах Геродиан	208	250	11111	1	0	-1	0	1	0	0	0	0	100	1	1	1	1	1	tbxcsb19	0	0	0	
bxcsb20	1	A20812	372	Коробка Серьги Голодного Чудовища 	208	250	11111	1	0	-1	0	1	0	0	0	0	100	1	1	1	1	1	tbxcsb20	0	0	0	
bxcsb21	1	A20812	372	Коробка Серьги Голодного Чудовища 	208	250	11111	1	0	-1	0	1	0	0	0	0	100	1	1	1	1	1	tbxcsb21	0	0	0	
bxcsb22	1	A20812	372	Коробка Серьги Голодного Чудовища 	208	250	11111	1	0	-1	0	1	0	0	0	0	100	1	1	1	1	1	tbxcsb22	0	0	0	
bxcsb23	1	A20812	373	Коробка Серьги Жизни Бешеного Чудовища 	208	250	11111	1	0	-1	0	1	0	0	0	0	100	1	1	1	1	1	tbxcsb23	0	0	0	
bxcsb24	1	A20812	373	Коробка Серьги Жизни Бешеного Чудовища 	208	250	11111	1	0	-1	0	1	0	0	0	0	100	1	1	1	1	1	tbxcsb24	0	0	0	
bxcsb25	1	A20812	373	Коробка Серьги Жизни Бешеного Чудовища 	208	250	11111	1	0	-1	0	1	0	0	0	0	100	1	1	1	1	1	tbxcsb25	0	0	0	
bxcsb26	1	A20812	374	Коробка Серьги Яростного Дикого Животного 	208	250	11111	1	0	-1	0	1	0	0	0	0	100	1	1	1	1	1	tbxcsb26	0	0	0	
bxcsb27	1	A20812	374	Коробка Серьги Яростного Дикого Животного 	208	250	11111	1	0	-1	0	1	0	0	0	0	100	1	1	1	1	1	tbxcsb27	0	0	0	
bxcsb28	1	A20812	374	Коробка Серьги Яростного Дикого Животного 	208	250	11111	1	0	-1	0	1	0	0	0	0	100	1	1	1	1	1	tbxcsb28	0	0	0	
bxcsb29	1	A20812	375	Коробка Серьги Изгнанного Разбойника 	208	250	11111	1	0	-1	0	1	0	0	0	0	100	1	1	1	1	1	tbxcsb29	0	0	0	
bxcsb30	1	A20812	375	Коробка Серьги Изгнанного Разбойника 	208	250	11111	1	0	-1	0	1	0	0	0	0	100	1	1	1	1	1	tbxcsb30	0	0	0	
bxcsb31	1	A20812	375	Коробка Серьги Изгнанного Разбойника 	208	250	11111	1	0	-1	0	1	0	0	0	0	100	1	1	1	1	1	tbxcsb31	0	0	0	
bxcsb32	1	A20812	376	Коробка Серьги Освобожденного Изгнанника 	208	250	11111	1	0	-1	0	1	0	0	0	0	100	1	1	1	1	1	tbxcsb32	0	0	0	
bxcsb33	1	A20812	376	Коробка Серьги Освобожденного Изгнанника 	208	250	11111	1	0	-1	0	1	0	0	0	0	100	1	1	1	1	1	tbxcsb33	0	0	0	
bxcsb34	1	A20812	376	Коробка Серьги Освобожденного Изгнанника 	208	250	11111	1	0	-1	0	1	0	0	0	0	100	1	1	1	1	1	tbxcsb34	0	0	0	
bxcsb35	1	A20812	377	Коробка Серьги Мертвого Изгнанника 	208	250	11111	1	0	-1	0	1	0	0	0	0	100	1	1	1	1	1	tbxcsb35	0	0	0	
bxcsb36	1	A20812	377	Коробка Серьги Мертвого Изгнанника 	208	250	11111	1	0	-1	0	1	0	0	0	0	100	1	1	1	1	1	tbxcsb36	0	0	0	
bxcsb37	1	A20812	377	Коробка Серьги Мертвого Изгнанника 	208	250	11111	1	0	-1	0	1	0	0	0	0	100	1	1	1	1	1	tbxcsb37	0	0	0	
bxcsb38	1	A20812	379	Коробочка с Драгоценностями	208	250	11111	1	0	-1	0	1	0	0	0	0	100	1	1	1	1	1	tbxcsb38	0	0	0	
bxcsb39	1	A20812	372	Коробка Серьги Голодного Чудовища 	208	250	11111	1	0	-1	0	1	0	0	0	0	100	1	1	1	1	1	tbxcsb39	0	0	0	
bxcsb40	1	A20812	372	Коробка Серьги Голодного Чудовища 	208	250	11111	1	0	-1	0	1	0	0	0	0	100	1	1	1	1	1	tbxcsb40	0	0	0	
bxcsb41	1	A20812	372	Коробка Серьги Голодного Чудовища 	208	250	11111	1	0	-1	0	1	0	0	0	0	100	1	1	1	1	1	tbxcsb41	0	0	0	
bxcsb42	1	A20812	373	Коробка Серьги Жизни Бешеного Чудовища 	208	250	11111	1	0	-1	0	1	0	0	0	0	100	1	1	1	1	1	tbxcsb42	0	0	0	
bxcsb43	1	A20812	373	Коробка Серьги Жизни Бешеного Чудовища 	208	250	11111	1	0	-1	0	1	0	0	0	0	100	1	1	1	1	1	tbxcsb43	0	0	0	
bxcsb44	1	A20812	373	Коробка Серьги Жизни Бешеного Чудовища 	208	250	11111	1	0	-1	0	1	0	0	0	0	100	1	1	1	1	1	tbxcsb44	0	0	0	
bxcsb45	1	A20812	374	Коробка Серьги Яростного Дикого Животного 	208	250	11111	1	0	-1	0	1	0	0	0	0	100	1	1	1	1	1	tbxcsb45	0	0	0	
bxcsb46	1	A20812	374	Коробка Серьги Яростного Дикого Животного 	208	250	11111	1	0	-1	0	1	0	0	0	0	100	1	1	1	1	1	tbxcsb46	0	0	0	
bxcsb47	1	A20812	374	Коробка Серьги Яростного Дикого Животного 	208	250	11111	1	0	-1	0	1	0	0	0	0	100	1	1	1	1	1	tbxcsb47	0	0	0	
bxcsb48	1	A20812	375	Коробка Серьги Изгнанного Разбойника 	208	250	11111	1	0	-1	0	1	0	0	0	0	100	1	1	1	1	1	tbxcsb48	0	0	0	
bxcsb49	1	A20812	375	Коробка Серьги Изгнанного Разбойника 	208	250	11111	1	0	-1	0	1	0	0	0	0	100	1	1	1	1	1	tbxcsb49	0	0	0	
bxcsb50	1	A20812	375	Коробка Серьги Изгнанного Разбойника 	208	250	11111	1	0	-1	0	1	0	0	0	0	100	1	1	1	1	1	tbxcsb50	0	0	0	
bxcsb51	1	A20812	376	Коробка Серьги Освобожденного Изгнанника 	208	250	11111	1	0	-1	0	1	0	0	0	0	100	1	1	1	1	1	tbxcsb51	0	0	0	
bxcsb52	1	A20812	376	Коробка Серьги Освобожденного Изгнанника 	208	250	11111	1	0	-1	0	1	0	0	0	0	100	1	1	1	1	1	tbxcsb52	0	0	0	
bxcsb53	1	A20812	376	Коробка Серьги Освобожденного Изгнанника 	208	250	11111	1	0	-1	0	1	0	0	0	0	100	1	1	1	1	1	tbxcsb53	0	0	0	
bxcsb54	1	A20812	377	Коробка Серьги Мертвого Изгнанника 	208	250	11111	1	0	-1	0	1	0	0	0	0	100	1	1	1	1	1	tbxcsb54	0	0	0	
bxcsb55	1	A20812	377	Коробка Серьги Мертвого Изгнанника 	208	250	11111	1	0	-1	0	1	0	0	0	0	100	1	1	1	1	1	tbxcsb55	0	0	0	
bxcsb56	1	A20812	377	Коробка Серьги Мертвого Изгнанника 	208	250	11111	1	0	-1	0	1	0	0	0	0	100	1	1	1	1	1	tbxcsb56	0	0	0	
bxcsb57	1	A20812	372	Коробка Серьги Голодного Чудовища 	208	250	11111	1	0	-1	0	1	0	0	0	0	100	1	1	1	1	1	tbxcsb57	0	0	0	
bxcsb58	1	A20812	372	Коробка Серьги Голодного Чудовища 	208	250	11111	1	0	-1	0	1	0	0	0	0	100	1	1	1	1	1	tbxcsb58	0	0	0	
bxcsb59	1	A20812	372	Коробка Серьги Голодного Чудовища 	208	250	11111	1	0	-1	0	1	0	0	0	0	100	1	1	1	1	1	tbxcsb59	0	0	0	
bxcsb60	1	A20812	373	Коробка Серьги Жизни Бешеного Чудовища 	208	250	11111	1	0	-1	0	1	0	0	0	0	100	1	1	1	1	1	tbxcsb60	0	0	0	
bxcsb61	1	A20812	373	Коробка Серьги Жизни Бешеного Чудовища 	208	250	11111	1	0	-1	0	1	0	0	0	0	100	1	1	1	1	1	tbxcsb61	0	0	0	
bxcsb62	1	A20812	373	Коробка Серьги Жизни Бешеного Чудовища 	208	250	11111	1	0	-1	0	1	0	0	0	0	100	1	1	1	1	1	tbxcsb62	0	0	0	
bxcsb63	1	A20812	374	Коробка Серьги Яростного Дикого Животного 	208	250	11111	1	0	-1	0	1	0	0	0	0	100	1	1	1	1	1	tbxcsb63	0	0	0	
bxcsb64	1	A20812	374	Коробка Серьги Яростного Дикого Животного 	208	250	11111	1	0	-1	0	1	0	0	0	0	100	1	1	1	1	1	tbxcsb64	0	0	0	
bxcsb65	1	A20812	374	Коробка Серьги Яростного Дикого Животного 	208	250	11111	1	0	-1	0	1	0	0	0	0	100	1	1	1	1	1	tbxcsb65	0	0	0	
bxcsb66	1	A20812	375	Коробка Серьги Изгнанного Разбойника 	208	250	11111	1	0	-1	0	1	0	0	0	0	100	1	1	1	1	1	tbxcsb66	0	0	0	
bxcsb67	1	A20812	375	Коробка Серьги Изгнанного Разбойника 	208	250	11111	1	0	-1	0	1	0	0	0	0	100	1	1	1	1	1	tbxcsb67	0	0	0	
bxcsb68	1	A20812	375	Коробка Серьги Изгнанного Разбойника 	208	250	11111	1	0	-1	0	1	0	0	0	0	100	1	1	1	1	1	tbxcsb68	0	0	0	
bxcsb69	1	A20812	376	Коробка Серьги Освобожденного Изгнанника 	208	250	11111	1	0	-1	0	1	0	0	0	0	100	1	1	1	1	1	tbxcsb69	0	0	0	
bxcsb70	1	A20812	376	Коробка Серьги Освобожденного Изгнанника 	208	250	11111	1	0	-1	0	1	0	0	0	0	100	1	1	1	1	1	tbxcsb70	0	0	0	
bxcsb71	1	A20812	376	Коробка Серьги Освобожденного Изгнанника 	208	250	11111	1	0	-1	0	1	0	0	0	0	100	1	1	1	1	1	tbxcsb71	0	0	0	
bxcsb72	1	A20812	377	Коробка Серьги Мертвого Изгнанника 	208	250	11111	1	0	-1	0	1	0	0	0	0	100	1	1	1	1	1	tbxcsb72	0	0	0	
bxcsb73	1	A20812	377	Коробка Серьги Мертвого Изгнанника 	208	250	11111	1	0	-1	0	1	0	0	0	0	100	1	1	1	1	1	tbxcsb73	0	0	0	
bxcsb74	1	A20812	377	Коробка Серьги Мертвого Изгнанника 	208	250	11111	1	0	-1	0	1	0	0	0	0	100	1	1	1	1	1	tbxcsb74	0	0	0	
bxres01	1	A20812	380	Коробка Алого Камня	208	250	11111	1	0	-1	0	1	0	0	0	0	100	1	1	1	1	1	tbxres01	0	0	0	
bxbul01	1	A20812	379	Коробка Боеприпасов [Тип В 	208	250	11111	1	0	-1	0	1	0	0	0	0	100	1	1	1	1	1	tbxbul01	0	0	0	
bxbul02	1	A20812	379	Коробка Боеприпасов [Тип В 	208	250	11111	1	0	-1	0	1	0	0	0	0	100	1	1	1	1	1	tbxbul02	0	0	0	
bxbul03	1	A20812	379	Коробка Боеприпасов [Тип В 	208	250	11111	1	0	-1	0	1	0	0	0	0	100	1	1	1	1	1	tbxbul03	0	0	0	
bxcjh02	1	A20801	229	Коробка Аксессуаров Прицельного Ускорителя 	208	250	11111	1	0	-1	0	10000	0	0	0	0	100	1	1	1	1	1	tbxcjh02	0	0	0	
bxcjh03	1	A20801	229	Коробка Аксессуаров Кровавого Ускорителя 	208	250	11111	1	0	-1	0	10000	0	0	0	0	100	1	1	1	1	1	tbxcjh03	0	0	0	
bxcsc01	1	A20812	317	Малый_Набор_Модификации_Щита	208	250	11000	1	0	-1	0	1	0	0	0	0	100	1	1	1	1	1	tbxcsc01	1	0	0	
bxcsc02	1	A20812	318	Средний_Набор_Модификации_Щита	208	250	11000	1	0	-1	0	1	0	0	0	0	100	1	1	1	1	1	tbxcsc02	1	0	0	
bxcsc03	1	A20812	319	Большой_Набор_Модификации_Щита	208	250	11000	1	0	-1	0	1	0	0	0	0	100	1	1	1	1	1	tbxcsc03	1	0	0	
bxcsc04	1	A20812	320	Малый_Набор_Модификации_Щита	208	250	00110	1	0	-1	0	1	0	0	0	0	100	1	1	1	1	1	tbxcsc04	1	0	0	
bxcsc05	1	A20812	321	Средний_Набор_Модификации_Щита	208	250	00110	1	0	-1	0	1	0	0	0	0	100	1	1	1	1	1	tbxcsc05	1	0	0	
bxcsc06	1	A20812	322	Большой_Набор_Модификации_Щита	208	250	00110	1	0	-1	0	1	0	0	0	0	100	1	1	1	1	1	tbxcsc06	1	0	0	
bxcsc07	1	A20812	323	Малый_Набор_Модификации_Щита	208	250	00001	1	0	-1	0	1	0	0	0	0	100	1	1	1	1	1	tbxcsc07	1	0	0	
bxcsc08	1	A20812	324	Средний_Набор_Модификации_Щита	208	250	00001	1	0	-1	0	1	0	0	0	0	100	1	1	1	1	1	tbxcsc08	1	0	0	
bxcsc09	1	A20812	325	Большой_Набор_Модификации_Щита	208	250	00001	1	0	-1	0	1	0	0	0	0	100	1	1	1	1	1	tbxcsc09	1	0	0	
bxcjh04	1	A20801	384	Коробка_Изменения_Свойств	208	250	11111	1	0	-1	0	1	0	0	0	0	100	1	1	1	1	1	tbxcjh04	1	0	0	
bxgol01	1	A20812	424	Золотая Коробочка Героя	208	250	11111	1	11	-1	1	1	0	0	0	0	100	1	1	0	0	1	tbxgol01	0	0	0	
bxgol02	1	A20812	423	Золотая Коробочка Новичка 30 уровня	208	250	11111	30	11	-1	1	1	0	0	0	0	100	1	0	0	0	1	tbxgol02	0	0	0	
bxgol03	1	A20812	422	Светящаяся Золотая Коробочка	208	250	11111	1	11	-1	1	1	0	0	0	0	100	1	1	0	0	1	tbxgol03	0	0	0	
bxgol04	1	A20812	421	Коробка С Золотым Слитком	208	250	11111	1	11	-1	1	1	0	0	0	0	100	1	1	0	0	1	tbxgol04	0	0	0	
bxgol05	1	A20812	423	Золотая Коробочка Новичка 40 уровня	208	250	11111	40	11	-1	1	1	0	0	0	0	100	1	0	0	0	1	tbxgol05	0	0	0	
bxbwc57	1	A20812	266	Наградная коробочка воина Федерации 57 уровень	208	250	11000	1	0	-1	0	1	0	0	0	0	50	1	1	1	1	1	tbxbwc57	0	0	0	
bxbrc57	1	A20812	266	Наградная коробочка стрелка Федерации 57 уровень	208	250	11000	1	0	-1	0	1	0	0	0	0	50	1	1	1	1	1	tbxbrc57	0	0	0	
bxbfc57	1	A20812	266	Наградная коробочка мага Федерации 57 уровень	208	250	11000	1	0	-1	0	1	0	0	0	0	50	1	1	1	1	1	tbxbfc57	0	0	0	
bxcwc57	1	A20812	266	Наградная коробочка воина Альянса 57 уровень	208	250	00110	1	0	-1	0	1	0	0	0	0	50	1	1	1	1	1	tbxcwc57	0	0	0	
bxcrc57	1	A20812	266	Наградная коробочка стрелка Альянса 57 уровень	208	250	00110	1	0	-1	0	1	0	0	0	0	50	1	1	1	1	1	tbxcrc57	0	0	0	
bxcfc57	1	A20812	266	Наградная коробочка мага Альянса 57 уровень	208	250	00110	1	0	-1	0	1	0	0	0	0	50	1	1	1	1	1	tbxcfc57	0	0	0	
bxawc57	1	A20812	266	Наградная коробочка воина Империи 57 уровень	208	250	00001	1	0	-1	0	1	0	0	0	0	50	1	1	1	1	1	tbxawc57	0	0	0	
bxarc57	1	A20812	266	Наградная коробочка стрелка Империи 57 уровень	208	250	00001	1	0	-1	0	1	0	0	0	0	50	1	1	1	1	1	tbxarc57	0	0	0	
bxafc57	1	A20812	266	Наградная коробочка ракетчика Империи 57 уровень	208	250	00001	1	0	-1	0	1	0	0	0	0	50	1	1	1	1	1	tbxafc57	0	0	0	
bxbwc60	1	A20812	266	Наградная коробочка воина Федерации 60 уровень	208	250	11000	1	0	-1	0	1	0	0	0	0	50	1	1	1	1	1	tbxbwc60	0	0	0	
bxbrc60	1	A20812	266	Наградная коробочка стрелка Федерации 60 уровень	208	250	11000	1	0	-1	0	1	0	0	0	0	50	1	1	1	1	1	tbxbrc60	0	0	0	
bxbfc60	1	A20812	266	Наградная коробочка мага Федерации 60 уровень	208	250	11000	1	0	-1	0	1	0	0	0	0	50	1	1	1	1	1	tbxbfc60	0	0	0	
bxcwc60	1	A20812	266	Наградная коробочка воина Альянса 60 уровень	208	250	00110	1	0	-1	0	1	0	0	0	0	50	1	1	1	1	1	tbxcwc60	0	0	0	
bxcrc60	1	A20812	266	Наградная коробочка стрелка Альянса 60 уровень	208	250	00110	1	0	-1	0	1	0	0	0	0	50	1	1	1	1	1	tbxcrc60	0	0	0	
bxcfc60	1	A20812	266	Наградная коробочка мага Альянса 60 уровень	208	250	00110	1	0	-1	0	1	0	0	0	0	50	1	1	1	1	1	tbxcfc60	0	0	0	
bxawc60	1	A20812	266	Наградная коробочка воина Империи 60 уровень	208	250	00001	1	0	-1	0	1	0	0	0	0	50	1	1	1	1	1	tbxawc60	0	0	0	
bxarc60	1	A20812	266	Наградная коробочка стрелка Империи 60 уровень	208	250	00001	1	0	-1	0	1	0	0	0	0	50	1	1	1	1	1	tbxarc60	0	0	0	
bxafc60	1	A20812	266	Наградная коробочка ракетчика Империи 60 уровень	208	250	00001	1	0	-1	0	1	0	0	0	0	50	1	1	1	1	1	tbxafc60	0	0	0	
bxbwc63	1	A20812	266	Наградная коробочка воина Федерации 63 уровень	208	250	11000	1	0	-1	0	1	0	0	0	0	50	1	1	1	1	1	tbxbwc63	0	0	0	
bxbrc63	1	A20812	266	Наградная коробочка стрелка Федерации 63 уровень	208	250	11000	1	0	-1	0	1	0	0	0	0	50	1	1	1	1	1	tbxbrc63	0	0	0	
bxbfc63	1	A20812	266	Наградная коробочка мага Федерации 63 уровень	208	250	11000	1	0	-1	0	1	0	0	0	0	50	1	1	1	1	1	tbxbfc63	0	0	0	
bxcwc63	1	A20812	266	Наградная коробочка воина Альянса 63 уровень	208	250	00110	1	0	-1	0	1	0	0	0	0	50	1	1	1	1	1	tbxcwc63	0	0	0	
bxcrc63	1	A20812	266	Наградная коробочка стрелка Альянса 63 уровень	208	250	00110	1	0	-1	0	1	0	0	0	0	50	1	1	1	1	1	tbxcrc63	0	0	0	
bxcfc63	1	A20812	266	Наградная коробочка мага Альянса 63 уровень	208	250	00110	1	0	-1	0	1	0	0	0	0	50	1	1	1	1	1	tbxcfc63	0	0	0	
bxawc63	1	A20812	266	Наградная коробочка воина Империи 63 уровень	208	250	00001	1	0	-1	0	1	0	0	0	0	50	1	1	1	1	1	tbxawc63	0	0	0	
bxarc63	1	A20812	266	Наградная коробочка стрелка Империи 63 уровень	208	250	00001	1	0	-1	0	1	0	0	0	0	50	1	1	1	1	1	tbxarc63	0	0	0	
bxafc63	1	A20812	266	Наградная коробочка ракетчика Империи 63 уровень	208	250	00001	1	0	-1	0	1	0	0	0	0	50	1	1	1	1	1	tbxafc63	0	0	0	
bxbwc65	1	A20812	266	Наградная коробочка воина Федерации 65 уровень	208	250	11000	1	0	-1	0	1	0	0	0	0	50	1	1	1	1	1	tbxbwc65	0	0	0	
bxbrc65	1	A20812	266	Наградная коробочка стрелка Федерации 65 уровень	208	250	11000	1	0	-1	0	1	0	0	0	0	50	1	1	1	1	1	tbxbrc65	0	0	0	
bxbfc65	1	A20812	266	Наградная коробочка мага Федерации 65 уровень	208	250	11000	1	0	-1	0	1	0	0	0	0	50	1	1	1	1	1	tbxbfc65	0	0	0	
bxcwc65	1	A20812	266	Наградная коробочка воина Альянса 65 уровень	208	250	00110	1	0	-1	0	1	0	0	0	0	50	1	1	1	1	1	tbxcwc65	0	0	0	
bxcrc65	1	A20812	266	Наградная коробочка стрелка Альянса 65 уровень	208	250	00110	1	0	-1	0	1	0	0	0	0	50	1	1	1	1	1	tbxcrc65	0	0	0	
bxcfc65	1	A20812	266	Наградная коробочка мага Альянса 65 уровень	208	250	00110	1	0	-1	0	1	0	0	0	0	50	1	1	1	1	1	tbxcfc65	0	0	0	
bxawc65	1	A20812	266	Наградная коробочка воина Империи 65 уровень	208	250	00001	1	0	-1	0	1	0	0	0	0	50	1	1	1	1	1	tbxawc65	0	0	0	
bxarc65	1	A20812	266	Наградная коробочка стрелка Империи 65 уровень	208	250	00001	1	0	-1	0	1	0	0	0	0	50	1	1	1	1	1	tbxarc65	0	0	0	
bxafc65	1	A20812	266	Наградная коробочка ракетчика Империи 65 уровень	208	250	00001	1	0	-1	0	1	0	0	0	0	50	1	1	1	1	1	tbxafc65	0	0	0	
bxron01	1	A20812	317	Коробка Удачи Леона <малая>	208	250	11000	1	0	-1	0	1	0	0	0	0	50	1	1	1	1	1	tbxron01	1	0	0	
bxron02	1	A20812	318	Коробка Удачи Леона <средняя>	208	250	11000	1	0	-1	0	1	0	0	0	0	50	1	1	1	1	1	tbxron02	1	0	0	
bxron03	1	A20812	319	Коробка Удачи Леона <большая>	208	250	11000	1	0	-1	0	1	0	0	0	0	50	1	1	1	1	1	tbxron03	1	0	0	
bxron04	1	A20812	320	Коробка Удачи Леона <малая>	208	250	00110	1	0	-1	0	1	0	0	0	0	50	1	1	1	1	1	tbxron04	1	0	0	
bxron05	1	A20812	321	Коробка Удачи Леона <средняя>	208	250	00110	1	0	-1	0	1	0	0	0	0	50	1	1	1	1	1	tbxron05	1	0	0	
bxron06	1	A20812	322	Коробка Удачи Леона <большая>	208	250	00110	1	0	-1	0	1	0	0	0	0	50	1	1	1	1	1	tbxron06	1	0	0	
bxron07	1	A20812	323	Коробка Удачи Леона <малая>	208	250	00001	1	0	-1	0	1	0	0	0	0	50	1	1	1	1	1	tbxron07	1	0	0	
bxron08	1	A20812	324	Коробка Удачи Леона <средняя>	208	250	00001	1	0	-1	0	1	0	0	0	0	50	1	1	1	1	1	tbxron08	1	0	0	
bxron09	1	A20812	325	Коробка Удачи Леона <большая>	208	250	00001	1	0	-1	0	1	0	0	0	0	50	1	1	1	1	1	tbxron09	1	0	0	
bxeup01	1	A20812	434	Коробка_Модификации_Аксессуаров_	208	250	11000	1	0	-1	0	1	0	0	0	0	50	1	1	1	1	1	tbxeup01	1	0	0	
bxeup02	1	A20812	434	Коробка_Модификации_Аксессуаров_	208	250	00110	1	0	-1	0	1	0	0	0	0	50	1	1	1	1	1	tbxeup02	1	0	0	
bxeup03	1	A20812	434	Коробка_Модификации_Аксессуаров_	208	250	00001	1	0	-1	0	1	0	0	0	0	50	1	1	1	1	1	tbxeup03	1	0	0	
bxbbb01	1	A20812	451	Лотерейная_Коробка_с_Изумрудами	208	250	11111	1	0	-1	0	1	0	0	0	0	50	1	1	1	1	1	tbxbbb01	1	0	0	
bxbbb02	1	A20812	452	Лотерейная_Коробка_[Медальонов_и_Генераторов	208	250	11000	1	0	-1	0	1	0	0	0	0	50	1	1	1	1	1	tbxbbb03	1	0	0	
bxbbb03	1	A20812	453	Лотерейная_Коробка_[Медальонов_и_Генераторов	208	250	00110	1	0	-1	0	1	0	0	0	0	50	1	1	1	1	1	tbxbbb04	1	0	0	
bxbbb04	1	A20812	454	Лотерейная_Коробка_[Медальонов_и_Генераторов	208	250	00001	1	0	-1	0	1	0	0	0	0	50	1	1	1	1	1	tbxbbb05	1	0	0	
bxbbb05	1	A20812	319	Лотерейная Коробка[Cash]	208	250	11111	1	0	-1	0	1	0	0	0	0	50	1	1	1	1	1	tbxbbb05	1	0	0	
bxbbb05	1	A20812	319	Лотерейная Коробка [Cash  	208	250	11111	1	0	-1	0	1	0	0	0	0	50	1	1	1	1	1	tbxbbb05	1	0	0	
bxbbb05	1	A20812	319	Лотерейная Коробка [Cash  	208	250	11111	1	0	-1	0	1	0	0	0	0	50	1	1	1	1	1	tbxbbb05	1	0	0	
bxsau01	1	A20812	437	Малый_Набор_Модификации_SP-брони_	208	250	11000	1	0	-1	0	1	0	0	0	0	50	1	1	1	1	1	tbxsau01	1	0	0	
bxsau02	1	A20812	438	Средний_Набор_Модификации_SP-брони_	208	250	11000	1	0	-1	0	1	0	0	0	0	50	1	1	1	1	1	tbxsau02	1	0	0	
bxsau03	1	A20812	439	Большой_Набор_Модификации_SP-брони_	208	250	11000	1	0	-1	0	1	0	0	0	0	50	1	1	1	1	1	tbxsau03	1	0	0	
bxsau04	1	A20812	437	Малый_Набор_Модификации_SP-брони_	208	250	00110	1	0	-1	0	1	0	0	0	0	50	1	1	1	1	1	tbxsau04	1	0	0	
bxsau05	1	A20812	438	Средний_Набор_Модификации_SP-брони_	208	250	00110	1	0	-1	0	1	0	0	0	0	50	1	1	1	1	1	tbxsau05	1	0	0	
bxsau06	1	A20812	439	Большой_Набор_Модификации_SP-брони_	208	250	00110	1	0	-1	0	1	0	0	0	0	50	1	1	1	1	1	tbxsau06	1	0	0	
bxsau07	1	A20812	437	Малый_Набор_Модификации_SP-брони_	208	250	00001	1	0	-1	0	1	0	0	0	0	50	1	1	1	1	1	tbxsau07	1	0	0	
bxsau08	1	A20812	438	Средний_Набор_Модификации_SP-брони_	208	250	00001	1	0	-1	0	1	0	0	0	0	50	1	1	1	1	1	tbxsau08	1	0	0	
bxsau09	1	A20812	439	Большой_Набор_Модификации_SP-брони_	208	250	00001	1	0	-1	0	1	0	0	0	0	50	1	1	1	1	1	tbxsau09	1	0	0	
bxeup04	1	A20812	460	Благословенная_Коробка_Модификации_Аксессуаров	208	250	11000	1	0	-1	0	1	0	0	0	0	50	1	1	1	1	1	tbxeup04	1	0	0	
bxeup05	1	A20812	461	Благословенная_Коробка_Модификации_Аксессуаров	208	250	00110	1	0	-1	0	1	0	0	0	0	50	1	1	1	1	1	tbxeup05	1	0	0	
bxeup06	1	A20812	462	Благословенная_Коробка_Модификации_Аксессуаров	208	250	00001	1	0	-1	0	1	0	0	0	0	50	1	1	1	1	1	tbxeup06	1	0	0	
