string[64]	string[64]	dword	dword	string[64]	dword	dword	dword	dword	dword	dword	dword	dword	dword	END
Code	CashCode	CsPrice	IsView	ItemPart	Discount	Event1	Event2	Event3	Event4	Event5	Event6	Event7	Event8	
cash001	ipwhp02	9999999	1	ne/0/0/0/0	-1	0	1	0	0	0	0	0	0	
cash002	ipcsb19	9999999	1	ne/0/hi/0/0	-1	0	1	0	0	0	0	0	0	
cash003	recsa01	2200	1	0/be/hi/0/0	-1	0	0	0	0	0	0	0	0	
cash004	ipwhp02	9999999	1	ne/0/0/0/0	-1	0	1	0	0	0	0	0	0	
cash005	ipcsb19	9999999	1	ne/0/hi/0/0	-1	0	1	0	0	0	0	0	0	
cash006	recsa01	2200	1	0/be/hi/0/0	-1	0	0	0	0	0	0	0	0	
cash007	ipwhp02	9999999	1	ne/0/0/0/0	-1	0	1	0	0	0	0	0	0	
cash008	ipcsb19	9999999	1	ne/0/hi/0/0	-1	0	1	0	0	0	0	0	0	
cash009	recsa01	2200	1	0/be/hi/0/0	-1	0	0	0	0	0	0	0	0	
cash010	iqcsa10	200	1	0/0/hi/0/0	-1	0	1	0	0	0	0	0	0	
cash011	iqcsa11	200	1	0/0/hi/0/0	-1	0	1	0	0	0	0	0	0	
cash012	iqcsa12	200	1	0/0/hi/0/0	-1	0	1	0	0	0	0	0	0	
cash013	iqcsa13	200	1	0/0/hi/0/0	-1	0	1	0	0	0	0	0	0	
cash014	iqcsa14	200	1	0/0/hi/0/0	-1	0	1	0	0	0	0	0	0	
cash015	iqcsa15	200	1	0/0/hi/0/0	-1	0	1	0	0	0	0	0	0	
cash016	iqcsa16	200	1	0/0/hi/0/0	-1	0	1	0	0	0	0	0	0	
cash017	iqcsa17	200	1	0/0/hi/0/0	-1	0	1	0	0	0	0	0	0	
cash018	iqcsa18	200	1	0/0/hi/0/0	-1	0	1	0	0	0	0	0	0	
cash019	iqcsa19	200	1	0/0/hi/0/0	-1	0	1	0	0	0	0	0	0	
cash020	iqcsa20	200	1	0/0/hi/0/0	-1	0	1	0	0	0	0	0	0	
cash021	iqcsa21	200	1	0/0/hi/0/0	-1	0	1	0	0	0	0	0	0	
cash022	iqcsa22	200	1	0/0/hi/0/0	-1	0	1	0	0	0	0	0	0	
cash023	iqcsa23	200	1	0/0/hi/0/0	-1	0	1	0	0	0	0	0	0	
cash024	iqcsa24	200	1	0/0/hi/0/0	-1	0	1	0	0	0	0	0	0	
cash025	iqcsa25	200	1	0/0/hi/0/0	-1	0	1	0	0	0	0	0	0	
cash026	iqcsa26	200	1	0/0/hi/0/0	-1	0	1	0	0	0	0	0	0	
cash027	iqcsa27	200	1	0/0/hi/0/0	-1	0	1	0	0	0	0	0	0	
cash028	iqcsa28	200	1	0/0/hi/0/0	-1	0	1	0	0	0	0	0	0	
cash029	iqcsa29	200	1	0/0/hi/0/0	-1	0	1	0	0	0	0	0	0	
cash030	iqcsa30	200	1	0/0/hi/0/0	-1	0	1	0	0	0	0	0	0	
cash031	iqcsa31	200	1	0/0/hi/0/0	-1	0	1	0	0	0	0	0	0	
cash032	iqcsa32	200	1	0/0/hi/0/0	-1	0	1	0	0	0	0	0	0	
cash033	iqcsa33	200	1	0/0/hi/0/0	-1	0	1	0	0	0	0	0	0	
cash034	iqcsa34	200	1	0/0/hi/0/0	-1	0	1	0	0	0	0	0	0	
cash035	iqcsa35	200	1	0/0/hi/0/0	-1	0	1	0	0	0	0	0	0	
cash036	iqcsa36	200	1	0/0/hi/0/0	-1	0	1	0	0	0	0	0	0	
cash037	iqcsa37	200	1	0/0/hi/0/0	-1	0	1	0	0	0	0	0	0	
cash038	iqcsa38	200	1	0/0/hi/0/0	-1	0	1	0	0	0	0	0	0	
cash039	iqcsa39	300	1	0/0/hi/0/0	-1	0	1	0	0	0	0	0	0	
cash040	iqcsa40	300	1	0/0/hi/0/0	-1	0	1	0	0	0	0	0	0	
cash041	iqcsa41	300	1	0/0/hi/0/0	-1	0	1	0	0	0	0	0	0	
cash042	iqcsa42	300	1	0/0/hi/0/0	-1	0	1	0	0	0	0	0	0	
cash043	iqcsa43	450	1	0/0/hi/0/0	-1	0	1	0	0	0	0	0	0	
cash044	iqcsa44	500	1	0/0/hi/0/0	-1	0	1	0	0	0	0	0	0	
cash045	iqcsa45	700	1	0/be/hi/0/0	-1	0	1	0	0	0	0	0	0	
cash046	iqcsa46	1000	1	0/0/hi/0/0	-1	0	1	0	0	0	0	0	0	
cash047	iqcsa47	1000	1	0/0/hi/0/0	-1	0	1	0	0	0	0	0	0	
cash048	iqcsa48	1000	1	0/0/hi/0/0	-1	0	1	0	0	0	0	0	0	
cash049	iqcsa49	1300	1	0/0/hi/0/0	-1	0	1	0	0	0	0	0	0	
cash050	iqcsa50	1400	1	0/0/hi/0/0	-1	0	1	0	0	0	0	0	0	
cash051	iqcsa51	1500	1	0/0/hi/0/0	-1	0	1	0	0	0	0	0	0	
cash052	iqcsa52	1500	1	0/0/hi/0/0	-1	0	1	0	0	0	0	0	0	
cash053	iqcsa55	1600	1	0/0/hi/0/0	-1	0	1	0	0	0	0	0	0	
cash054	iqcsa56	1600	1	0/0/hi/0/0	-1	0	1	0	0	0	0	0	0	
cash055	ibcsa01	0	0	0/0/hi/0/0	-1	0	1	0	0	0	0	0	0	
cash056	ibcsa02	0	0	0/0/hi/0/0	-1	0	1	0	0	0	0	0	0	
cash057	ibcsa03	0	0	0/0/hi/0/0	-1	0	1	0	0	0	0	0	0	
cash058	ibcsa04	0	0	0/0/hi/0/0	-1	0	1	0	0	0	0	0	0	
cash059	ibcsa05	0	0	0/0/hi/0/0	-1	0	1	0	0	0	0	0	0	
cash060	ibcsa06	0	0	0/0/hi/0/0	-1	0	1	0	0	0	0	0	0	
cash061	ibcsa07	0	0	0/0/hi/0/0	-1	0	1	0	0	0	0	0	0	
cash062	ibcsa08	0	0	0/0/hi/0/0	-1	0	1	0	0	0	0	0	0	
cash063	ibcsa09	0	0	0/0/hi/0/0	-1	0	1	0	0	0	0	0	0	
cash064	ibcsa10	0	0	0/0/hi/0/0	-1	0	1	0	0	0	0	0	0	
cash065	ibcsa11	0	0	0/0/hi/0/0	-1	0	1	0	0	0	0	0	0	
cash066	ibcsa12	0	0	0/0/hi/0/0	-1	0	1	0	0	0	0	0	0	
cash067	ibcsa13	0	0	0/0/hi/0/0	-1	0	1	0	0	0	0	0	0	
cash068	ibcsa14	0	0	0/0/hi/0/0	-1	0	1	0	0	0	0	0	0	
cash069	ibcsa15	0	0	0/0/hi/0/0	-1	0	1	0	0	0	0	0	0	
cash070	ibcsa16	0	0	0/0/hi/0/0	-1	0	1	0	0	0	0	0	0	
cash071	ibcsa17	0	0	0/0/hi/0/0	-1	0	1	0	0	0	0	0	0	
cash072	ibcsa18	0	0	0/0/hi/0/0	-1	0	1	0	0	0	0	0	0	
cash073	ibcsa19	0	0	0/0/hi/0/0	-1	0	1	0	0	0	0	0	0	
cash074	ibcsa20	0	0	0/0/hi/0/0	-1	0	1	0	0	0	0	0	0	
cash075	ibcsa21	0	0	0/0/hi/0/0	-1	0	1	0	0	0	0	0	0	
cash076	ibcsa22	0	0	0/0/hi/0/0	-1	0	1	0	0	0	0	0	0	
cash077	ibcsa23	0	0	0/0/hi/0/0	-1	0	1	0	0	0	0	0	0	
cash078	ibcsa24	0	0	0/0/hi/0/0	-1	0	1	0	0	0	0	0	0	
cash079	ibcsa25	0	0	0/0/hi/0/0	-1	0	1	0	0	0	0	0	0	
cash080	ibcsa26	0	0	0/0/hi/0/0	-1	0	1	0	0	0	0	0	0	
cash081	ibcsa27	0	0	0/0/hi/0/0	-1	0	1	0	0	0	0	0	0	
cash082	ibcsa28	0	0	0/0/hi/0/0	-1	0	1	0	0	0	0	0	0	
cash083	ibcsa29	0	0	0/0/hi/0/0	-1	0	1	0	0	0	0	0	0	
cash084	itcsa01	300	1	0/be/hi/0/0	-1	0	0	0	0	0	0	0	0	
cash085	itcsa02	550	1	0/be/hi/0/0	-1	0	0	0	0	0	0	0	0	
cash086	uncsa10	200	1	0/0/hi/0/0	-1	0	0	0	0	0	0	0	0	
cash087	uncsa11	200	1	0/0/hi/0/0	-1	0	0	0	0	0	0	0	0	
cash088	uncsa12	200	1	0/0/hi/0/0	-1	0	0	0	0	0	0	0	0	
cash089	uncsa07	500	1	0/0/hi/0/0	-1	0	0	0	0	0	0	0	0	
cash090	uncsa08	500	1	0/0/hi/0/0	-1	0	0	0	0	0	0	0	0	
cash091	uncsa09	500	1	0/0/hi/0/0	-1	0	0	0	0	0	0	0	0	
cash092	uncsa01	750	1	0/0/hi/0/0	-1	0	0	0	0	0	0	0	0	
cash093	uncsa03	750	1	0/0/hi/0/0	-1	0	0	0	0	0	0	0	0	
cash094	uncsa05	750	1	0/0/hi/0/0	-1	0	0	0	0	0	0	0	0	
cash095	iacsa01	750	0	0/be/hi/0/li	-1	0	1	0	0	0	0	0	0	
cash096	iicsa01	750	0	0/be/hi/0/li	-1	0	1	0	0	0	0	0	0	
cash097	cucou00	0	0	0/0/0/0/0	-1	0	0	0	0	0	0	0	0	
cash098	cucou01	0	0	0/0/0/0/0	-1	0	0	0	0	0	0	0	0	
cash099	cucou02	0	0	0/0/0/0/0	-1	0	0	0	0	0	0	0	0	
cash100	cucou03	0	0	0/0/0/0/0	-1	0	0	0	0	0	0	0	0	
cash101	cucou04	0	0	0/0/0/0/0	-1	0	0	0	0	0	0	0	0	
cash102	cucou05	0	0	0/0/0/0/0	-1	0	0	0	0	0	0	0	0	
cash103	cucou06	0	0	0/0/0/0/0	-1	0	0	0	0	0	0	0	0	
cash104	cucou07	0	0	0/0/0/0/0	-1	0	0	0	0	0	0	0	0	
cash105	cucou08	0	0	0/0/0/0/0	-1	0	0	0	0	0	0	0	0	
cash106	cucou09	0	0	0/0/0/0/0	-1	0	0	0	0	0	0	0	0	
cash107	cucou10	0	0	0/0/0/0/0	-1	0	0	0	0	0	0	0	0	
cash108	iabbd16	0	0	0/0/0/0/0	0	0	0	0	0	0	0	0	0	
cash109	iabbd17	0	0	0/0/0/0/0	0	0	0	0	0	0	0	0	0	
cash110	iabbd18	0	0	0/0/0/0/0	0	0	0	0	0	0	0	0	0	
cash111	iabbd19	0	0	0/0/0/0/0	0	0	0	0	0	0	0	0	0	
cash112	iabbd20	0	0	0/0/0/0/0	0	0	0	0	0	0	0	0	0	
cash113	iabbd21	0	0	0/0/0/0/0	0	0	0	0	0	0	0	0	0	
cash114	iaccd81	0	0	0/0/0/0/0	0	0	0	0	0	0	0	0	0	
cash115	iaccd82	0	0	0/0/0/0/0	0	0	0	0	0	0	0	0	0	
cash116	iaccd83	0	0	0/0/0/0/0	0	0	0	0	0	0	0	0	0	
cash117	iaaad56	0	0	0/0/0/0/0	0	0	0	0	0	0	0	0	0	
cash118	iaaad57	0	0	0/0/0/0/0	0	0	0	0	0	0	0	0	0	
cash119	iaaad58	0	0	0/0/0/0/0	0	0	0	0	0	0	0	0	0	
cash120	iibbd81	0	0	0/0/0/0/0	0	0	0	0	0	0	0	0	0	
cash121	iibbd82	0	0	0/0/0/0/0	0	0	0	0	0	0	0	0	0	
cash122	iibbd83	0	0	0/0/0/0/0	0	0	0	0	0	0	0	0	0	
cash123	iiccd16	0	0	0/0/0/0/0	0	0	0	0	0	0	0	0	0	
cash124	iiccd17	0	0	0/0/0/0/0	0	0	0	0	0	0	0	0	0	
cash125	iiccd18	0	0	0/0/0/0/0	0	0	0	0	0	0	0	0	0	
cash126	iiccd19	0	0	0/0/0/0/0	0	0	0	0	0	0	0	0	0	
cash127	iiccd20	0	0	0/0/0/0/0	0	0	0	0	0	0	0	0	0	
cash128	iiccd21	0	0	0/0/0/0/0	0	0	0	0	0	0	0	0	0	
cash129	iiaad81	0	0	0/0/0/0/0	0	0	0	0	0	0	0	0	0	
cash130	iiaad82	0	0	0/0/0/0/0	0	0	0	0	0	0	0	0	0	
cash131	iiaad83	0	0	0/0/0/0/0	0	0	0	0	0	0	0	0	0	
cash132	iqcsa04	3000	1	ne/0/0/0/0	-1	0	1	0	0	0	0	0	0	
cash133	iqcsa05	5600	1	ne/0/0/0/0	-1	0	1	0	0	0	0	0	0	
cash134	iqcsa06	6500	1	ne/0/0/0/0	-1	0	1	0	0	0	0	0	0	
cash135	iqcsa07	3500	1	ne/0/0/0/0	-1	0	1	0	0	0	0	0	0	
cash136	iqcsa08	3500	1	ne/0/0/0/0	-1	0	1	0	0	0	0	0	0	
cash137	iqcsa09	3500	1	ne/0/0/0/0	-1	0	1	0	0	0	0	0	0	
cash138	ibcsa30	5000	1	ne/0/0/0/0	-1	0	1	0	0	0	0	0	0	
cash139	ibcsa31	5000	1	ne/0/0/0/0	-1	0	1	0	0	0	0	0	0	
cash140	ibcsa32	5000	1	ne/0/0/0/0	-1	0	1	0	0	0	0	0	0	
cash141	ibcsa33	8000	1	ne/0/0/0/0	-1	0	1	0	0	0	0	0	0	
cash142	ibcsa34	8000	1	ne/0/0/0/0	-1	0	1	0	0	0	0	0	0	
cash143	ibcsa35	8000	1	ne/0/0/0/0	-1	0	1	0	0	0	0	0	0	
cash144	ibcsa36	6000	1	ne/0/0/0/0	-1	0	1	0	0	0	0	0	0	
cash145	ibcsa37	6000	1	ne/0/0/0/0	-1	0	1	0	0	0	0	0	0	
cash146	ibcsa38	6000	1	ne/0/0/0/0	-1	0	1	0	0	0	0	0	0	
cash147	ibcsa39	6000	1	ne/0/0/0/0	-1	0	1	0	0	0	0	0	0	
cash148	ibcsa40	6000	1	ne/0/0/0/0	-1	0	1	0	0	0	0	0	0	
cash149	ibcsa41	6000	1	ne/0/0/0/0	-1	0	1	0	0	0	0	0	0	
cash150	ibcsa42	6000	1	ne/0/0/0/0	-1	0	1	0	0	0	0	0	0	
cash151	ibcsa43	6000	1	ne/0/0/0/0	-1	0	1	0	0	0	0	0	0	
cash152	ibcsa44	6000	1	ne/0/0/0/0	-1	0	1	0	0	0	0	0	0	
cash153	ibcsa45	8000	1	ne/0/0/0/0	-1	0	1	0	0	0	0	0	0	
cash154	ibcsa46	8000	1	ne/0/0/0/0	-1	0	1	0	0	0	0	0	0	
cash155	ibcsa47	8000	1	ne/0/0/0/0	-1	0	1	0	0	0	0	0	0	
cash156	ibcsa48	8000	1	ne/0/0/0/0	-1	0	1	0	0	0	0	0	0	
cash157	ibcsa49	8000	1	ne/0/0/0/0	-1	0	1	0	0	0	0	0	0	
cash158	ibcsa50	8000	1	ne/0/0/0/0	-1	0	1	0	0	0	0	0	0	
cash159	ibcsa51	8000	1	ne/0/0/0/0	-1	0	1	0	0	0	0	0	0	
cash160	ibcsa52	8000	1	ne/0/0/0/0	-1	0	1	0	0	0	0	0	0	
cash161	ibcsa53	8000	1	ne/0/0/0/0	-1	0	1	0	0	0	0	0	0	
cash162	ibcsa54	11000	1	ne/0/0/0/0	-1	0	1	0	0	0	0	0	0	
cash163	ibcsa55	11000	1	ne/0/0/0/0	-1	0	1	0	0	0	0	0	0	
cash164	ibcsa56	11000	1	ne/0/0/0/0	-1	0	1	0	0	0	0	0	0	
cash165	ibcsa57	8000	1	ne/0/0/0/0	-1	0	1	0	0	0	0	0	0	
cash166	ibcsa58	8000	1	ne/0/0/0/0	-1	0	1	0	0	0	0	0	0	
cash167	ibcsa99	1420	1	ne/0/0/0/0	-1	0	1	0	0	0	0	0	0	
cash168	ibcsb00	1420	1	ne/0/0/0/0	-1	0	1	0	0	0	0	0	0	
cash169	ibcsb01	1420	1	ne/0/0/0/0	-1	0	1	0	0	0	0	0	0	
cash170	ibcsb02	1420	1	ne/0/0/0/0	-1	0	1	0	0	0	0	0	0	
cash171	ibcsb03	1420	1	ne/0/0/0/0	-1	0	1	0	0	0	0	0	0	
cash172	ibcsb04	1180	1	ne/0/0/0/0	-1	0	1	0	0	0	0	0	0	
cash173	ibcsb05	1180	1	ne/0/0/0/0	-1	0	1	0	0	0	0	0	0	
cash174	ibcsb06	1180	1	ne/0/0/0/0	-1	0	1	0	0	0	0	0	0	
cash175	ibcsb07	1180	1	ne/0/0/0/0	-1	0	1	0	0	0	0	0	0	
cash176	ibcsb08	1180	1	ne/0/0/0/0	-1	0	1	0	0	0	0	0	0	
cash177	recsa01	2200	1	0/be/hi/0/0	-1	0	0	0	0	0	0	0	0	
cash178	lknpc21	700	1	ne/0/0/0/0	-1	0	1	0	0	0	0	0	0	
cash179	iacsa04	750	1	ne/0/0/0/0	-1	0	0	0	0	0	0	0	0	
cash180	iicsa04	750	1	ne/0/0/0/0	-1	0	0	0	0	0	0	0	0	
cash181	iacsa02	2800	1	ne/0/0/0/0	-1	0	0	0	0	0	0	0	0	
cash182	iicsa02	2800	1	ne/0/0/0/0	-1	0	0	0	0	0	0	0	0	
cash183	iacsa03	2800	1	ne/0/0/0/0	-1	0	0	0	0	0	0	0	0	
cash184	iicsa03	2800	1	ne/0/0/0/0	-1	0	0	0	0	0	0	0	0	
cash185	ibcsb09	9999999	1	ne/0/0/0/0	-1	0	0	0	0	0	0	0	0	
cash186	ibcsb10	9999999	1	ne/0/0/0/0	-1	0	0	0	0	0	0	0	0	
cash187	ibcsb11	9999999	1	ne/0/0/0/0	-1	0	0	0	0	0	0	0	0	
cash188	ibcsb12	9999999	1	ne/0/0/0/0	-1	0	0	0	0	0	0	0	0	
cash189	ibcsb13	9999999	1	ne/0/0/0/0	-1	0	0	0	0	0	0	0	0	
cash190	ibcsb14	9999999	1	ne/0/0/0/0	-1	0	0	0	0	0	0	0	0	
cash191	ibcsb15	9999999	1	ne/0/0/0/0	-1	0	0	0	0	0	0	0	0	
cash192	ibcsb16	9999999	1	ne/0/0/0/0	-1	0	0	0	0	0	0	0	0	
cash193	ibcsb17	9999999	1	ne/0/0/0/0	-1	0	0	0	0	0	0	0	0	
cash194	ibcsb18	9999999	1	ne/0/0/0/0	-1	0	0	0	0	0	0	0	0	
cash195	ibcsb19	9999999	1	ne/0/0/0/0	-1	0	0	0	0	0	0	0	0	
cash196	ibcsb20	9999999	1	ne/0/0/0/0	-1	0	0	0	0	0	0	0	0	
cash197	ibcsb21	9999999	1	ne/0/0/0/0	-1	0	0	0	0	0	0	0	0	
cash198	ibcsb22	9999999	1	ne/0/0/0/0	-1	0	0	0	0	0	0	0	0	
cash199	ibcsb23	9999999	1	ne/0/0/0/0	-1	0	0	0	0	0	0	0	0	
cash200	ibcsb24	9999999	1	ne/0/0/0/0	-1	0	0	0	0	0	0	0	0	
cash201	ibcsb25	9999999	1	ne/0/0/0/0	-1	0	0	0	0	0	0	0	0	
cash202	ibcsb26	9999999	1	ne/0/0/0/0	-1	0	0	0	0	0	0	0	0	
cash203	ipcsb19	9999999	1	ne/0/0/0/0	-1	0	1	0	0	0	0	0	0	
cash204	ipcsb18	9999999	1	ne/0/0/0/0	-1	0	1	0	0	0	0	0	0	
cash205	ipcsb17	9999999	1	ne/0/0/0/0	-1	0	1	0	0	0	0	0	0	
cash206	ipcsb16	9999999	1	ne/0/0/0/0	-1	0	1	0	0	0	0	0	0	
cash207	ipwhp02	9999999	1	ne/0/0/0/0	-1	0	1	0	0	0	0	0	0	
cash208	ipcal02	9999999	1	ne/0/0/0/0	-1	0	1	0	0	0	0	0	0	
cash209	ipcsb15	9999999	1	ne/0/0/0/0	-1	0	1	0	0	0	0	0	0	
cash210	ipcsb14	9999999	1	ne/0/0/0/0	-1	0	1	0	0	0	0	0	0	
cash211	ipcsb13	9999999	1	ne/0/0/0/0	-1	0	1	0	0	0	0	0	0	
cash212	ipcsb12	9999999	1	ne/0/0/0/0	-1	0	1	0	0	0	0	0	0	
cash213	ipcsb11	9999999	1	ne/0/0/0/0	-1	0	1	0	0	0	0	0	0	
cash214	ipcsb10	9999999	1	ne/0/0/0/0	-1	0	1	0	0	0	0	0	0	
cash215	ipftr03	0	0	ne/0/0/0/0	-1	0	0	0	0	0	0	0	0	
cash216	ipevn07	210	1	ne/0/0/0/0	-1	0	0	0	0	0	0	0	0	
cash217	ipevn06	210	1	ne/0/0/0/0	-1	0	0	0	0	0	0	0	0	
cash218	ipevn05	0	0	ne/0/0/0/0	-1	0	0	0	0	0	0	0	0	
cash219	ipsav01	13500	1	ne/0/0/0/0	-1	0	1	0	0	0	0	0	0	
cash220	ipdou01	5000	1	ne/0/0/0/0	0	0	0	0	0	0	0	0	0	
cash221	ipcsa97	3000	1	ne/0/0/0/0	-1	0	0	0	0	0	0	0	0	
cash222	ipcsa94	3000	1	ne/0/0/0/0	-1	0	0	0	0	0	0	0	0	
cash223	ipcsa98	3500	1	ne/0/0/0/0	-1	0	0	0	0	0	0	0	0	
cash224	ipcsa95	3500	1	ne/0/0/0/0	-1	0	0	0	0	0	0	0	0	
cash225	ipcsa99	5500	1	ne/0/0/0/0	-1	0	0	0	0	0	0	0	0	
cash226	ipcsa96	5500	1	ne/0/0/0/0	-1	0	0	0	0	0	0	0	0	
cash227	ipcsa72	40	1	ne/0/0/0/0	-1	0	1	0	0	0	0	0	0	
cash228	ipcsa71	40	1	ne/0/0/0/0	-1	0	1	0	0	0	0	0	0	
cash229	ipche01	2250	1	ne/0/hi/0/0	-1	0	0	0	0	0	0	0	0	
cash230	ipcsa70	40	1	ne/0/0/0/0	-1	0	1	0	0	0	0	0	0	
cash231	ipevn04	1180	1	ne/0/0/0/li	-1	0	1	0	0	0	0	0	0	
cash232	ipevn03	1180	1	ne/0/0/0/0	-1	0	1	0	0	0	0	0	0	
cash233	ipevn02	1180	1	ne/0/0/0/li	-1	0	1	0	0	0	0	0	0	
cash234	ipevn01	1180	1	ne/0/0/0/li	-1	0	1	0	0	0	0	0	0	
cash235	ipcsa74	700	1	ne/0/0/0/0	-1	0	0	0	0	0	0	0	0	
cash236	ipgag09	1180	1	ne/0/0/0/0	-1	0	1	0	0	0	0	0	0	
cash237	ipcsb05	1180	1	ne/0/0/0/0	-1	0	1	0	0	0	0	0	0	
cash238	ipcsb04	1180	1	ne/0/0/0/0	-1	0	1	0	0	0	0	0	0	
cash239	ipcsb03	1180	1	ne/0/0/0/0	-1	0	1	0	0	0	0	0	0	
cash240	ipcsa73	1180	1	0/be/hi/0/0	-1	0	0	0	0	0	0	0	0	
cash241	ipcal01	1180	1	ne/0/hi/0/0	-1	0	1	0	0	0	0	0	0	
cash242	ipwhp01	700	1	ne/0/hi/0/0	-1	0	1	0	0	0	0	0	0	
cash243	ipcsb09	0	0	ne/0/0/gm/0	0	0	0	0	0	0	0	0	0	
cash244	ipcsb08	0	0	ne/0/0/gm/0	0	0	0	0	0	0	0	0	0	
cash245	ipftr02	0	0	ne/0/0/0/0	-1	0	0	0	0	0	0	0	0	
cash246	ipexp01	0	0	ne/0/hi/0/0	-1	0	0	0	0	0	0	0	0	
cash247	ipcsa12	10	1	0/0/hi/0/0	-1	0	1	0	0	0	0	0	0	
cash248	ipcsa11	10	1	0/0/hi/0/0	-1	0	1	0	0	0	0	0	0	
cash249	ipcsa10	10	1	0/0/hi/0/0	-1	0	1	0	0	0	0	0	0	
cash250	ipcsa15	20	1	0/0/hi/0/0	-1	0	0	0	0	0	0	0	0	
cash251	ipcsa14	20	1	0/0/hi/0/0	-1	0	0	0	0	0	0	0	0	
cash252	ipcsa13	20	1	0/0/hi/0/0	-1	0	0	0	0	0	0	0	0	
cash253	ipcsa27	100	1	0/0/hi/0/0	-1	0	1	0	0	0	0	0	0	
cash254	ipcsa26	100	1	0/0/hi/0/0	-1	0	1	0	0	0	0	0	0	
cash255	ipcsa25	100	1	0/0/hi/0/0	-1	0	1	0	0	0	0	0	0	
cash256	ipcsa39	100	1	0/0/hi/gm/0	-1	0	1	0	0	0	0	0	0	
cash257	ipcsa38	100	1	0/0/hi/gm/0	-1	0	1	0	0	0	0	0	0	
cash258	ipcsa37	100	1	0/0/hi/gm/0	-1	0	1	0	0	0	0	0	0	
cash259	ipcsa36	30	1	0/0/hi/gm/0	-1	0	0	0	0	0	0	0	0	
cash260	ipcsa35	30	1	0/0/hi/gm/0	-1	0	0	0	0	0	0	0	0	
cash261	ipcsa34	30	1	0/0/hi/gm/0	-1	0	0	0	0	0	0	0	0	
cash262	ipcsa30	400	1	0/be/hi/0/0	-1	0	1	0	0	0	0	0	0	
cash263	ipcsa29	400	1	0/be/hi/0/0	-1	0	1	0	0	0	0	0	0	
cash264	ipcsa28	400	1	0/be/hi/0/0	-1	0	1	0	0	0	0	0	0	
cash265	ipcsa03	160	1	0/be/hi/gm/0	-1	0	1	0	0	0	0	0	0	
cash266	ipcsa02	160	1	0/be/hi/gm/0	-1	0	1	0	0	0	0	0	0	
cash267	ipcsa01	160	1	0/be/hi/gm/0	-1	0	1	0	0	0	0	0	0	
cash268	ipcsa06	200	1	0/0/0/0/0	-1	0	1	0	0	0	0	0	0	
cash269	ipcsa05	200	1	0/0/0/0/0	-1	0	1	0	0	0	0	0	0	
cash270	ipcsa04	200	1	0/0/0/0/0	-1	0	1	0	0	0	0	0	0	
cash271	ipcsa18	150	1	0/0/0/0/0	-1	0	1	0	0	0	0	0	0	
cash272	ipcsa17	150	1	0/0/0/0/0	-1	0	1	0	0	0	0	0	0	
cash273	ipcsa16	150	1	0/0/0/0/0	-1	0	1	0	0	0	0	0	0	
cash274	ipcsa09	130	1	0/0/hi/gm/0	-1	0	1	0	0	0	0	0	0	
cash275	ipcsa08	130	1	0/0/hi/gm/0	-1	0	1	0	0	0	0	0	0	
cash276	ipcsa07	130	1	0/0/hi/gm/0	-1	0	1	0	0	0	0	0	0	
cash277	ipcsa21	150	1	0/0/hi/gm/0	-1	0	1	0	0	0	0	0	0	
cash278	ipcsa20	150	1	0/0/hi/gm/0	-1	0	1	0	0	0	0	0	0	
cash279	ipcsa19	150	1	0/0/hi/gm/0	-1	0	1	0	0	0	0	0	0	
cash280	ipcsa24	100	1	0/0/hi/0/0	-1	0	1	0	0	0	0	0	0	
cash281	ipcsa23	100	1	0/0/hi/0/0	-1	0	1	0	0	0	0	0	0	
cash282	ipcsa22	100	1	0/0/hi/0/0	-1	0	1	0	0	0	0	0	0	
cash283	ipcsa42	150	1	0/0/0/0/0	-1	0	1	0	0	0	0	0	0	
cash284	ipcsa41	150	1	0/0/0/0/0	-1	0	1	0	0	0	0	0	0	
cash285	ipcsa40	150	1	0/0/0/0/0	-1	0	1	0	0	0	0	0	0	
cash286	ipcsa45	140	1	0/0/0/0/0	-1	0	1	0	0	0	0	0	0	
cash287	ipcsa44	140	1	0/0/0/0/0	-1	0	1	0	0	0	0	0	0	
cash288	ipcsa43	140	1	0/0/0/0/0	-1	0	1	0	0	0	0	0	0	
cash289	ipcsa48	150	1	0/0/0/0/0	-1	0	1	0	0	0	0	0	0	
cash290	ipcsa47	150	1	0/0/0/0/0	-1	0	1	0	0	0	0	0	0	
cash291	ipcsa46	150	1	0/0/0/0/0	-1	0	1	0	0	0	0	0	0	
cash292	ipcsa33	180	1	0/0/0/0/0	-1	0	1	0	0	0	0	0	0	
cash293	ipcsa32	180	1	0/0/0/0/0	-1	0	1	0	0	0	0	0	0	
cash294	ipcsa31	180	1	0/0/0/0/0	-1	0	1	0	0	0	0	0	0	
cash295	iygco01	9999999	1	ne/0/0/0/0	-1	0	0	0	0	0	0	0	0	
cash296	iycsa13	29950	1	0/be/hi/0/0	-1	0	0	0	0	0	0	0	0	
cash297	iysps01	9999999	1	ne/0/0/0/0	-1	0	0	0	0	0	0	0	0	
cash298	iyses01	5800	1	ne/0/0/0/0	-1	0	0	0	0	0	0	0	0	
cash299	iycsb15	4000	1	ne/0/hi/0/0	-1	0	0	0	0	0	0	0	0	
cash300	iycsb16	2000	1	ne/0/hi/0/0	-1	0	0	0	0	0	0	0	0	
cash301	iycsb14	1250	1	ne/0/hi/0/0	-1	0	0	0	0	0	0	0	0	
cash302	iyspa01	9999999	1	ne/0/0/0/0	-1	0	0	0	0	0	0	0	0	
cash303	iyses02	5600	1	ne/0/0/0/0	-1	0	0	0	0	0	0	0	0	
cash304	iycsa58	3700	1	ne/0/hi/0/0	-1	0	0	0	0	0	0	0	0	
cash305	iycsa57	950	1	ne/0/hi/0/0	-1	0	0	0	0	0	0	0	0	
cash306	iywsu01	9999999	1	ne/0/0/0/0	-1	0	0	0	0	0	0	0	0	
cash307	iywsu02	9999999	1	ne/0/0/0/0	-1	0	0	0	0	0	0	0	0	
cash308	iycsa56	6500	1	ne/0/hi/0/0	-1	0	0	0	0	0	0	0	0	
cash309	iycsa55	4500	1	ne/0/hi/0/0	-1	0	0	0	0	0	0	0	0	
cash310	iycsa54	2500	1	ne/0/hi/0/0	-1	0	0	0	0	0	0	0	0	
cash311	iycsa53	1100	1	ne/0/hi/0/0	-1	0	0	0	0	0	0	0	0	
cash312	iycsc42	2900	0	ne/0/hi/0/0	-1	0	0	0	0	0	0	0	0	
cash313	iycsc43	7000	0	ne/0/hi/0/0	-1	0	0	0	0	0	0	0	0	
cash314	iycsc44	7000	0	ne/0/hi/0/0	-1	0	0	0	0	0	0	0	0	
cash315	iycsc45	7000	0	ne/0/hi/0/0	-1	0	0	0	0	0	0	0	0	
cash316	iycsc46	6500	0	ne/0/hi/0/0	-1	0	0	0	0	0	0	0	0	
cash317	iycsc47	9000	0	ne/0/hi/0/0	-1	0	0	0	0	0	0	0	0	
cash318	iycsc48	5250	0	ne/0/hi/0/0	-1	0	0	0	0	0	0	0	0	
cash319	iycsc49	7000	0	ne/0/hi/0/0	-1	0	0	0	0	0	0	0	0	
cash320	iycsc50	9900	0	ne/0/hi/0/0	-1	0	0	0	0	0	0	0	0	
cash321	iyses03	5500	0	ne/0/0/0/0	-1	0	0	0	0	0	0	0	0	
cash322	iyses04	8300	0	ne/0/0/0/0	-1	0	0	0	0	0	0	0	0	
cash323	iyses05	14500	0	ne/0/0/0/0	-1	0	0	0	0	0	0	0	0	
cash324	iyses06	5900	0	ne/0/0/0/0	-1	0	0	0	0	0	0	0	0	
cash325	iyses07	8900	0	ne/0/0/0/0	-1	0	0	0	0	0	0	0	0	
cash326	iyses08	15600	0	ne/0/0/0/0	-1	0	0	0	0	0	0	0	0	
cash327	iyses09	6500	0	ne/0/0/0/0	-1	0	0	0	0	0	0	0	0	
cash328	iyses10	9500	0	ne/0/0/0/0	-1	0	0	0	0	0	0	0	0	
cash329	iyses11	16700	0	ne/0/0/0/0	-1	0	0	0	0	0	0	0	0	
cash330	iycsa50	3550	0	0/0/hi/0/0	-1	0	1	0	0	0	0	0	0	
cash331	iycsa51	3550	0	0/0/hi/0/0	-1	0	1	0	0	0	0	0	0	
cash332	iycsa52	17500	0	0/0/hi/0/0	-1	0	1	0	0	0	0	0	0	
cash333	iypco01	9999999	1	ne/0/0/0/0	-1	0	0	0	0	0	0	0	0	
cash334	iypco02	9999999	1	ne/0/0/0/0	-1	0	0	0	0	0	0	0	0	
cash335	iypco03	9999999	1	ne/0/0/0/0	-1	0	0	0	0	0	0	0	0	
cash336	iypco04	9999999	1	ne/0/0/0/0	-1	0	0	0	0	0	0	0	0	
cash337	iypco05	9999999	1	ne/0/0/0/0	-1	0	0	0	0	0	0	0	0	
cash338	iypco06	9999999	1	ne/0/0/0/0	-1	0	0	0	0	0	0	0	0	
cash339	iypco07	9999999	1	ne/0/0/0/0	-1	0	0	0	0	0	0	0	0	
cash340	iypco08	9999999	1	ne/0/0/0/0	-1	0	0	0	0	0	0	0	0	
cash341	iypco09	9999999	1	ne/0/0/0/0	-1	0	0	0	0	0	0	0	0	
cash342	iypco10	9999999	1	ne/0/0/0/0	-1	0	0	0	0	0	0	0	0	
cash343	iypco11	9999999	1	ne/0/0/0/0	-1	0	0	0	0	0	0	0	0	
cash344	iypco12	9999999	1	ne/0/0/0/0	-1	0	0	0	0	0	0	0	0	
cash345	iypco13	9999999	1	ne/0/0/0/0	-1	0	0	0	0	0	0	0	0	
cash346	iypco14	9999999	1	ne/0/0/0/0	-1	0	0	0	0	0	0	0	0	
cash347	iypco15	9999999	1	ne/0/0/0/0	-1	0	0	0	0	0	0	0	0	
cash348	iypco16	9999999	1	ne/0/0/0/0	-1	0	0	0	0	0	0	0	0	
cash349	iypco17	9999999	1	ne/0/0/0/0	-1	0	0	0	0	0	0	0	0	
cash350	iypco18	9999999	1	ne/0/0/0/0	-1	0	0	0	0	0	0	0	0	
cash351	iypco19	9999999	1	ne/0/0/0/0	-1	0	0	0	0	0	0	0	0	
cash352	iypco20	9999999	1	ne/0/0/0/0	-1	0	0	0	0	0	0	0	0	
cash353	iypco21	9999999	1	ne/0/0/0/0	-1	0	0	0	0	0	0	0	0	
cash354	iypco22	9999999	1	ne/0/0/0/0	-1	0	0	0	0	0	0	0	0	
cash355	iypco23	9999999	1	ne/0/0/0/0	-1	0	0	0	0	0	0	0	0	
cash356	iypco24	9999999	1	ne/0/0/0/0	-1	0	0	0	0	0	0	0	0	
cash357	iypco25	9999999	1	ne/0/0/0/0	-1	0	0	0	0	0	0	0	0	
cash358	iypco26	9999999	1	ne/0/0/0/0	-1	0	0	0	0	0	0	0	0	
cash359	iypco27	9999999	1	ne/0/0/0/0	-1	0	0	0	0	0	0	0	0	
cash360	iypco28	9999999	1	ne/0/0/0/0	-1	0	0	0	0	0	0	0	0	
cash361	iypco29	9999999	1	ne/0/0/0/0	-1	0	0	0	0	0	0	0	0	
cash362	iypco30	9999999	1	ne/0/0/0/0	-1	0	0	0	0	0	0	0	0	
cash363	iypco31	9999999	1	ne/0/0/0/0	-1	0	0	0	0	0	0	0	0	
cash364	iypco32	9999999	1	ne/0/0/0/0	-1	0	0	0	0	0	0	0	0	
cash365	iypco33	9999999	1	ne/0/0/0/0	-1	0	0	0	0	0	0	0	0	
cash366	iypco34	9999999	1	ne/0/0/0/0	-1	0	0	0	0	0	0	0	0	
cash367	iypco35	9999999	1	ne/0/0/0/0	-1	0	0	0	0	0	0	0	0	
cash368	iypco36	9999999	1	ne/0/0/0/0	-1	0	0	0	0	0	0	0	0	
cash369	bxsau03	9999999	1	ne/0/0/0/0	-1	3	0	0	0	0	0	0	0	
cash370	bxsau02	9999999	1	ne/0/0/0/0	-1	2	0	0	0	0	0	0	0	
cash371	bxsau01	9999999	1	ne/0/0/0/0	-1	1	0	0	0	0	0	0	0	
cash372	bxsau06	9999999	1	ne/0/0/0/0	-1	3	0	0	0	0	0	0	0	
cash373	bxsau05	9999999	1	ne/0/0/0/0	-1	2	0	0	0	0	0	0	0	
cash374	bxsau04	9999999	1	ne/0/0/0/0	-1	1	0	0	0	0	0	0	0	
cash375	bxsau09	9999999	1	ne/0/0/0/0	-1	3	0	0	0	0	0	0	0	
cash376	bxsau08	9999999	1	ne/0/0/0/0	-1	2	0	0	0	0	0	0	0	
cash377	bxsau07	9999999	1	ne/0/0/0/0	-1	1	0	0	0	0	0	0	0	
cash378	bxeup01	9999999	1	ne/0/0/0/0	-1	3	0	0	0	0	0	0	0	
cash379	bxeup02	9999999	1	ne/0/0/0/0	-1	3	0	0	0	0	0	0	0	
cash380	bxeup03	9999999	1	ne/0/0/0/0	-1	3	0	0	0	0	0	0	0	
cash381	bxcsa03	21000	1	0/be/hi/0/0	-1	3	0	0	0	0	0	0	0	
cash382	bxcsa02	27000	1	0/be/hi/0/0	-1	2	0	0	0	0	0	0	0	
cash383	bxcsa01	27000	1	0/be/hi/0/0	-1	1	0	0	0	0	0	0	0	
cash384	bxcsa06	21000	1	0/be/hi/0/0	-1	3	0	0	0	0	0	0	0	
cash385	bxcsa05	10000	1	0/be/hi/0/0	-1	2	0	0	0	0	0	0	0	
cash386	bxcsa04	7500	1	0/be/hi/0/0	-1	1	0	0	0	0	0	0	0	
cash387	bxcsa09	21000	1	0/be/hi/0/0	-1	3	0	0	0	0	0	0	0	
cash388	bxcsa08	10000	1	0/be/hi/0/0	-1	2	0	0	0	0	0	0	0	
cash389	bxcsa07	11000	1	0/be/hi/0/0	-1	1	0	0	0	0	0	0	0	
cash390	bxcsa37	11000	1	ne/0/0/0/0	-1	3	0	0	0	0	0	0	0	
cash391	bxcsa36	7500	1	ne/0/0/0/0	-1	2	0	0	0	0	0	0	0	
cash392	bxcsa35	4900	1	ne/0/0/0/0	-1	1	0	0	0	0	0	0	0	
cash393	bxcsa34	11000	1	ne/0/0/0/0	-1	3	0	0	0	0	0	0	0	
cash394	bxcsa33	7500	1	ne/0/0/0/0	-1	2	0	0	0	0	0	0	0	
cash395	bxcsa32	4900	1	ne/0/0/0/0	-1	1	0	0	0	0	0	0	0	
cash396	bxcsa31	11000	1	ne/0/0/0/0	-1	3	0	0	0	0	0	0	0	
cash397	bxcsa30	7500	1	ne/0/0/0/0	-1	2	0	0	0	0	0	0	0	
cash398	bxcsa29	4900	1	ne/0/0/0/0	-1	1	0	0	0	0	0	0	0	
cash399	bxcsa38	200	1	ne/0/0/0/li	-1	2	0	0	0	0	0	0	0	
cash400	bxcsa39	200	1	ne/0/0/0/li	-1	2	0	0	0	0	0	0	0	
cash401	bxcsa40	200	1	ne/0/0/0/li	-1	2	0	0	0	0	0	0	0	
cash402	bxspr50	19500	0	ne/0/0/0/0	-1	0	0	0	0	0	0	0	0	
cash403	bxspr53	22500	0	ne/0/0/0/0	-1	0	0	0	0	0	0	0	0	
cash404	bxspr55	26900	0	ne/0/0/0/0	-1	0	0	0	0	0	0	0	0	
cash405	bxcsa94	11000	1	ne/0/0/0/0	-1	3	0	0	0	0	0	0	0	
cash406	bxcsa93	7500	1	ne/0/0/0/0	-1	2	0	0	0	0	0	0	0	
cash407	bxcsa92	27000	1	ne/0/0/0/0	-1	1	0	0	0	0	0	0	0	
cash408	bxcsa91	11000	1	ne/0/0/0/0	-1	3	0	0	0	0	0	0	0	
cash409	bxcsa90	7500	1	ne/0/0/0/0	-1	2	0	0	0	0	0	0	0	
cash410	bxcsa89	3450	1	ne/0/0/0/0	-1	1	0	0	0	0	0	0	0	
cash411	bxcsa88	11000	1	ne/0/0/0/0	-1	3	0	0	0	0	0	0	0	
cash412	bxcsa87	7500	1	ne/0/0/0/0	-1	2	0	0	0	0	0	0	0	
cash413	bxcsa86	3450	1	ne/0/0/0/0	-1	1	0	0	0	0	0	0	0	
cash414	bxcsa76	4080	1	ne/0/0/0/0	-1	3	0	0	0	0	0	0	0	
cash415	bxcsa75	4080	1	ne/0/0/0/0	-1	2	0	0	0	0	0	0	0	
cash416	bxcsa74	4080	1	ne/0/0/0/0	-1	1	0	0	0	0	0	0	0	
cash417	bxcsa73	4080	1	ne/0/0/0/0	-1	3	0	0	0	0	0	0	0	
cash418	bxcsa72	4080	1	ne/0/0/0/0	-1	2	0	0	0	0	0	0	0	
cash419	bxcsa71	4080	1	ne/0/0/0/0	-1	1	0	0	0	0	0	0	0	
cash420	bxcsa70	4080	1	ne/0/0/0/0	-1	3	0	0	0	0	0	0	0	
cash421	bxcsa69	4080	1	ne/0/0/0/0	-1	2	0	0	0	0	0	0	0	
cash422	bxcsa68	4080	1	ne/0/0/0/0	-1	1	0	0	0	0	0	0	0	
cash423	bxcsa67	11000	1	ne/0/0/0/0	-1	3	0	0	0	0	0	0	0	
cash424	bxcsa66	4080	1	ne/0/0/0/0	-1	2	0	0	0	0	0	0	0	
cash425	bxcsa65	27000	1	ne/0/0/0/0	-1	1	0	0	0	0	0	0	0	
cash426	bxcsa64	11000	1	ne/0/0/0/0	-1	3	0	0	0	0	0	0	0	
cash427	bxcsa63	7500	1	ne/0/0/0/0	-1	2	0	0	0	0	0	0	0	
cash428	bxcsa62	27000	1	ne/0/0/0/0	-1	1	0	0	0	0	0	0	0	
cash429	bxcsa61	11000	1	ne/0/0/0/0	-1	3	0	0	0	0	0	0	0	
cash430	bxcsa60	7500	1	ne/0/0/0/0	-1	2	0	0	0	0	0	0	0	
cash431	bxcsa59	27000	1	ne/0/0/0/0	-1	1	0	0	0	0	0	0	0	
cash432	bxcsa58	11000	1	ne/0/0/0/0	-1	3	0	0	0	0	0	0	0	
cash433	bxcsa57	7500	1	ne/0/0/0/0	-1	2	0	0	0	0	0	0	0	
cash434	bxcsa56	26000	1	ne/0/0/0/0	-1	1	0	0	0	0	0	0	0	
cash435	bxcsa55	11000	1	ne/0/0/0/0	-1	3	0	0	0	0	0	0	0	
cash436	bxcsa54	7000	1	ne/0/0/0/0	-1	2	0	0	0	0	0	0	0	
cash437	bxcsa53	27000	1	ne/0/0/0/0	-1	1	0	0	0	0	0	0	0	
cash438	bxcsa52	11000	1	ne/0/0/0/0	-1	3	0	0	0	0	0	0	0	
cash439	bxcsa51	7500	1	ne/0/0/0/0	-1	2	0	0	0	0	0	0	0	
cash440	bxcsa50	27000	1	ne/0/0/0/0	-1	1	0	0	0	0	0	0	0	
cash441	bxcsa27	10000	1	0/be/hi/0/0	-1	3	0	0	0	0	0	0	0	
cash442	bxcsa26	5000	1	0/be/hi/0/0	-1	2	0	0	0	0	0	0	0	
cash443	bxcsa25	2000	1	0/be/hi/0/0	-1	1	0	0	0	0	0	0	0	
cash444	bxcsa24	8000	1	0/be/hi/0/0	-1	3	0	0	0	0	0	0	0	
cash445	bxcsa23	4000	1	0/be/hi/0/0	-1	2	0	0	0	0	0	0	0	
cash446	bxcsa22	4080	1	0/be/hi/0/0	-1	1	0	0	0	0	0	0	0	
cash447	bxcsa21	6000	1	0/be/hi/0/0	-1	3	0	0	0	0	0	0	0	
cash448	bxcsa20	3000	1	0/be/hi/0/0	-1	2	0	0	0	0	0	0	0	
cash449	bxcsa19	4080	1	0/be/hi/0/0	-1	1	0	0	0	0	0	0	0	
cash450	bxcsa83	0	0	ne/0/0/0/0	-1	0	0	0	0	0	0	0	0	
cash451	bxcsa84	0	0	ne/0/0/0/0	-1	0	0	0	0	0	0	0	0	
cash452	bxcsa85	0	0	ne/0/0/0/0	-1	0	0	0	0	0	0	0	0	
cash453	bxcsa95	0	0	ne/0/0/0/0	-1	0	0	0	0	0	0	0	0	
cash454	bxcsa96	0	0	ne/0/0/0/0	-1	0	0	0	0	0	0	0	0	
cash455	bxcsa97	0	0	ne/0/0/0/0	-1	0	0	0	0	0	0	0	0	
cash456	bxcsa98	0	0	ne/0/0/0/0	-1	0	0	0	0	0	0	0	0	
cash457	bxcsa99	0	0	ne/0/0/0/0	-1	0	0	0	0	0	0	0	0	
cash458	bxcsb00	0	0	ne/0/0/0/0	-1	0	0	0	0	0	0	0	0	
cash459	bxcjh04	5200	1	ne/0/0/0/0	-1	0	0	0	0	0	0	0	0	
cash460	bxcsc09	11000	1	ne/0/0/0/0	-1	3	0	0	0	0	0	0	0	
cash461	bxcsc08	7800	1	ne/0/0/0/0	-1	2	0	0	0	0	0	0	0	
cash462	bxcsc07	5200	1	ne/0/0/0/0	-1	1	0	0	0	0	0	0	0	
cash463	bxcsc06	11000	1	ne/0/0/0/0	-1	3	0	0	0	0	0	0	0	
cash464	bxcsc05	7800	1	ne/0/0/0/0	-1	2	0	0	0	0	0	0	0	
cash465	bxcsc04	5200	1	ne/0/0/0/0	-1	1	0	0	0	0	0	0	0	
cash466	bxcsc03	11000	1	ne/0/0/0/0	-1	3	0	0	0	0	0	0	0	
cash467	bxcsc02	7800	1	ne/0/0/0/0	-1	2	0	0	0	0	0	0	0	
cash468	bxcsc01	5200	1	ne/0/0/0/0	-1	1	0	0	0	0	0	0	0	
cash469	bxron09	9999999	0	ne/0/0/0/0	-1	3	0	0	0	0	0	0	0	
cash470	bxron08	9999999	0	ne/0/0/0/0	-1	2	0	0	0	0	0	0	0	
cash471	bxron07	9999999	0	ne/0/0/0/0	-1	1	0	0	0	0	0	0	0	
cash472	bxron06	9999999	0	ne/0/0/0/0	-1	3	0	0	0	0	0	0	0	
cash473	bxron05	9999999	0	ne/0/0/0/0	-1	2	0	0	0	0	0	0	0	
cash474	bxron04	9999999	0	ne/0/0/0/0	-1	1	0	0	0	0	0	0	0	
cash475	bxron03	9999999	0	ne/0/0/0/0	-1	3	0	0	0	0	0	0	0	
cash476	bxron02	9999999	0	ne/0/0/0/0	-1	2	0	0	0	0	0	0	0	
cash477	bxron01	9999999	0	ne/0/0/0/0	-1	1	0	0	0	0	0	0	0	
cash478	bxcsa18	1180	1	0/be/hi/0/0	-1	3	0	0	0	0	0	0	0	
cash479	bxcsa17	1180	1	0/0/hi/0/0	-1	2	0	0	0	0	0	0	0	
cash480	bxcsa16	1180	1	0/0/hi/0/0	-1	1	0	0	0	0	0	0	0	
cash481	bxcsa15	1180	1	0/be/hi/0/0	-1	3	0	0	0	0	0	0	0	
cash482	bxcsa14	1180	1	0/0/hi/0/0	-1	2	0	0	0	0	0	0	0	
cash483	bxcsa13	1180	1	0/0/hi/0/0	-1	1	0	0	0	0	0	0	0	
cash484	bxcsa12	1180	1	0/be/hi/0/0	-1	3	0	0	0	0	0	0	0	
cash485	bxcsa11	1180	1	0/0/hi/0/0	-1	2	0	0	0	0	0	0	0	
cash486	bxcsa10	1180	1	0/0/hi/0/0	-1	1	0	0	0	0	0	0	0	
cash487	lknpc18	500	1	ne/0/0/0/0	-1	0	0	0	0	0	0	0	0	
cash488	lknpc19	500	1	ne/0/0/0/0	-1	0	0	0	0	0	0	0	0	
cash489	lknpc20	500	1	ne/0/0/0/0	-1	0	0	0	0	0	0	0	0	
cash490	ircsa05	4500	1	0/be/hi/0/0	-1	0	0	0	0	0	0	0	0	
cash491	ircsa06	13000	1	0/0/hi/0/0	-1	0	0	0	0	0	0	0	0	
cash492	ircsa07	24000	1	0/0/hi/0/0	-1	0	0	0	0	0	0	0	0	
cash493	ircsa08	36000	1	0/0/hi/0/0	-1	0	0	0	0	0	0	0	0	
cash494	ircsa09	9500	1	0/0/hi/0/0	-1	0	0	0	0	0	0	0	0	
cash495	ircsa10	26000	1	0/be/hi/0/0	-1	0	0	0	0	0	0	0	0	
cash496	ircsa11	51000	1	0/0/hi/0/0	-1	0	0	0	0	0	0	0	0	
cash497	ircsa12	76000	1	0/be/hi/0/0	-1	0	0	0	0	0	0	0	0	
cash498	ircsa13	5500	1	ne/0/hi/0/0	-1	0	0	0	0	0	0	0	0	
cash499	ircsa14	14000	1	ne/0/hi/0/0	-1	0	0	0	0	0	0	0	0	
cash500	ircsa15	26000	1	ne/0/hi/0/0	-1	0	0	0	0	0	0	0	0	
cash501	ircsa16	38000	1	ne/0/hi/0/0	-1	0	0	0	0	0	0	0	0	
cash502	ircsa17	8500	1	ne/0/hi/0/0	-1	0	0	0	0	0	0	0	0	
cash503	ircsa18	18000	1	ne/0/hi/0/0	-1	0	0	0	0	0	0	0	0	
cash504	ircsa19	32000	1	ne/0/hi/0/0	-1	0	0	0	0	0	0	0	0	
cash505	ircsa20	48000	1	ne/0/hi/0/0	-1	0	0	0	0	0	0	0	0	
cash506	ircsa21	8500	1	ne/0/hi/0/0	-1	0	0	0	0	0	0	0	0	
cash507	ircsa22	2000	1	ne/0/hi/0/0	-1	0	0	0	0	0	0	0	0	
cash508	irbud01	0	0	0/0/0/0/0	-1	0	0	0	0	0	0	0	0	
cash509	irbud02	0	0	0/0/0/0/0	-1	0	0	0	0	0	0	0	0	
cash510	irbud03	0	0	0/0/0/0/0	-1	0	0	0	0	0	0	0	0	
cash511	irbud04	0	0	0/0/0/0/0	-1	0	0	0	0	0	0	0	0	
cash512	irbud05	0	0	0/0/0/0/0	-1	0	0	0	0	0	0	0	0	
cash513	irbud06	0	0	0/0/0/0/0	-1	0	0	0	0	0	0	0	0	
cash514	irbud07	0	0	0/0/0/0/0	-1	0	0	0	0	0	0	0	0	
cash515	irsry01	0	0	0/0/0/0/0	0	0	0	0	0	0	0	0	0	
cash516	irwav01	0	0	ne/0/0/0/0	-1	0	0	0	0	0	0	0	0	
cash517	ircsa23	1180	1	ne/0/0/0/0	-1	0	0	0	0	0	0	0	0	
cash518	irchm34	6000	1	ne/0/0/0/0	-1	0	0	0	0	0	0	0	0	
cash519	irchm35	10000	1	ne/0/0/0/0	-1	0	0	0	0	0	0	0	0	
cash520	irchm36	15000	1	ne/0/0/0/0	-1	0	0	0	0	0	0	0	0	
cash521	irchm37	20000	1	ne/0/0/0/0	-1	0	0	0	0	0	0	0	0	
cash522	ircha01	9999999	1	ne/0/0/0/0	-1	0	0	0	0	0	0	0	0	
cash523	ircha02	9999999	1	ne/0/0/0/0	-1	0	0	0	0	0	0	0	0	
cash524	ircha03	9999999	1	ne/0/0/0/0	-1	0	0	0	0	0	0	0	0	
cash525	ircha04	9999999	1	ne/0/0/0/0	-1	0	0	0	0	0	0	0	0	
cash526	ircha05	9999999	1	ne/0/0/0/0	-1	0	0	0	0	0	0	0	0	
cash527	ircha06	9999999	1	ne/0/0/0/0	-1	0	0	0	0	0	0	0	0	
cash528	ircha07	9999999	1	ne/0/0/0/0	-1	0	0	0	0	0	0	0	0	
cash529	ircha08	9999999	1	ne/0/0/0/0	-1	0	0	0	0	0	0	0	0	
cash530	ircha09	9999999	1	ne/0/0/0/0	-1	0	0	0	0	0	0	0	0	
cash531	ircha10	9999999	1	ne/0/0/0/0	-1	0	0	0	0	0	0	0	0	
cash532	ircha11	9999999	1	ne/0/0/0/0	-1	0	0	0	0	0	0	0	0	
cash533	ircha12	9999999	1	ne/0/0/0/0	-1	0	0	0	0	0	0	0	0	
cash534	bxbbb01	9999999	1	ne/0/0/0/0	-1	3	0	0	0	0	0	0	0	
cash535	bxbbb02	9999999	1	ne/0/0/0/0	-1	2	0	0	0	0	0	0	0	
cash536	bxbbb03	9999999	1	ne/0/0/0/0	-1	2	0	0	0	0	0	0	0	
cash537	bxbbb04	9999999	1	ne/0/0/0/0	-1	2	0	0	0	0	0	0	0	
cash538	bxbbb05	9999999	0	ne/0/0/0/0	-1	1	0	0	0	0	0	0	0	
cash539	bxbbb05	9999999	0	ne/0/0/0/0	-1	1	0	0	0	0	0	0	0	
cash540	bxbbb05	9999999	0	ne/0/0/0/0	-1	1	0	0	0	0	0	0	0	
cash541	bxeup04	9999999	1	ne/0/0/0/0	-1	3	0	0	0	0	0	0	0	
cash542	bxeup05	9999999	1	ne/0/0/0/0	-1	3	0	0	0	0	0	0	0	
cash543	bxeup06	9999999	1	ne/0/0/0/0	-1	3	0	0	0	0	0	0	0	
cash544	ipcal03	9999999	1	ne/0/0/0/0	-1	0	1	0	0	0	0	0	0	
cash545	ipwhp03	9999999	1	ne/0/0/0/0	-1	0	1	0	0	0	0	0	0	
cash546	ipwed01	9999999	0	ne/0/0/0/0	-1	0	0	0	0	0	0	0	0	
cash547	ipfhp01	9999999	1	ne/0/0/0/0	-1	0	1	0	0	0	0	0	0	
cash548	ipcur01	9999999	1	ne/0/0/0/0	-1	0	1	0	0	0	0	0	0	
cash549	ircja09	9999999	1	ne/0/0/0/0	-1	0	0	0	0	0	0	0	0	
cash550	ircja10	9999999	1	ne/0/0/0/0	-1	0	0	0	0	0	0	0	0	
cash551	ircja11	9999999	1	ne/0/0/0/0	-1	0	0	0	0	0	0	0	0	
