string[64]	dword	dword	dword	dword	dword	dword	dword	dword	dword	string[64]	dword	dword	string[64]	dword	dword	string[64]	dword	dword	string[64]	dword	dword	string[64]	string[64]	string[64]	string[64]	string[64]	string[64]	dword	dword	dword	dword	dword	dword	dword	dword	string[64]	dword	dword	string[64]	dword	dword	string[64]	dword	dword	string[64]	dword	dword	string[64]	string[64]	string[64]	string[64]	string[64]	string[64]	dword	dword	dword	dword	dword	dword	dword	dword	string[64]	dword	dword	string[64]	dword	dword	string[64]	dword	dword	string[64]	dword	dword	string[64]	string[64]	string[64]	string[64]	string[64]	string[64]	END

03060	-1	1	0	1	0	100	100	0	2	48	0	1	56	1	2	4	-1	-1	-1	-1	-1	-1	Q304500	-1	-1	-1	-1	0	0	0	0	0	0	0	0	0	0	0	0	0	0	0	0	0	0	0	0	0	-1	-1	-1	-1	-1	0	0	0	0	0	0	0	0	0	0	0	0	0	0	0	0	0	0	0	0	0	-1	-1	-1	-1	-1
04060	0	0	0	0	0	100	100	10	15	0	0	0	-1	-1	-1	-1	-1	-1	-1	-1	-1	-1	-1	-1	-1	-1	-1	1	0	1	0	100	100	0	2	48	0	1	56	1	2	4	-1	-1	-1	-1	-1	-1	Q334500	-1	-1	-1	-1	0	0	0	0	0	0	0	0	0	0	0	0	0	0	0	0	0	0	0	0	0	-1	-1	-1	-1	-1
04060	1	0	0	0	0	100	100	10	15	0	0	0	-1	-1	-1	-1	-1	-1	-1	-1	-1	-1	-1	-1	-1	-1	-1	1	0	1	0	100	100	0	2	39	0	1	51	-1	-1	-1	-1	-1	-1	-1	-1	-1	Q334377	-1	-1	-1	-1	0	0	0	0	0	0	0	0	0	0	0	0	0	0	0	0	0	0	0	0	0	-1	-1	-1	-1	-1
05060	0	0	0	0	0	100	100	10	15	0	0	0	-1	-1	-1	-1	-1	-1	-1	-1	-1	-1	-1	-1	-1	-1	-1	0	0	0	0	0	0	0	0	0	0	0	0	0	0	0	0	0	0	0	0	0	-1	-1	-1	-1	-1	1	0	1	0	100	100	0	2	48	0	1	56	1	2	4	-1	-1	-1	-1	-1	-1	Q364500	-1	-1	-1	-1
05060	1	0	0	0	0	100	100	10	15	0	0	0	-1	-1	-1	-1	-1	-1	-1	-1	-1	-1	-1	-1	-1	-1	-1	0	0	0	0	0	0	0	0	0	0	0	0	0	0	0	0	0	0	0	0	0	-1	-1	-1	-1	-1	1	0	1	0	100	100	0	2	39	0	1	51	-1	-1	-1	-1	-1	-1	-1	-1	-1	Q364379	-1	-1	-1	-1
030F0	0	1	0	1	0	100	100	0	2	49	0	1	56	1	2	4	-1	-1	-1	-1	-1	-1	Q304504	-1	-1	-1	-1	0	0	0	0	0	0	0	0	0	0	0	0	0	0	0	0	0	0	0	0	0	-1	-1	-1	-1	-1	0	0	0	0	0	0	0	0	0	0	0	0	0	0	0	0	0	0	0	0	0	-1	-1	-1	-1	-1
030F0	1	1	0	1	0	100	100	0	2	34	0	1	41	-1	-1	-1	-1	-1	-1	-1	-1	-1	Q304340	-1	-1	-1	-1	0	0	0	0	0	0	0	0	0	0	0	0	0	0	0	0	0	0	0	0	0	-1	-1	-1	-1	-1	0	0	0	0	0	0	0	0	0	0	0	0	0	0	0	0	0	0	0	0	0	-1	-1	-1	-1	-1
030F0	2	1	0	1	0	100	100	0	2	39	0	1	51	-1	-1	-1	-1	-1	-1	-1	-1	-1	Q304380	-1	-1	-1	-1	0	0	0	0	0	0	0	0	0	0	0	0	0	0	0	0	0	0	0	0	0	-1	-1	-1	-1	-1	0	0	0	0	0	0	0	0	0	0	0	0	0	0	0	0	0	0	0	0	0	-1	-1	-1	-1	-1
040F0	0	0	0	0	0	100	100	10	15	0	0	0	-1	-1	-1	-1	-1	-1	-1	-1	-1	-1	-1	-1	-1	-1	-1	1	0	1	0	100	100	0	2	49	0	1	56	1	2	4	-1	-1	-1	-1	-1	-1	Q334504	-1	-1	-1	-1	0	0	0	0	0	0	0	0	0	0	0	0	0	0	0	0	0	0	0	0	0	-1	-1	-1	-1	-1
040F0	1	0	0	0	0	100	100	10	15	0	0	0	-1	-1	-1	-1	-1	-1	-1	-1	-1	-1	-1	-1	-1	-1	-1	1	0	1	0	100	100	0	2	29	0	1	41	-1	-1	-1	-1	-1	-1	-1	-1	-1	Q334335	-1	-1	-1	-1	0	0	0	0	0	0	0	0	0	0	0	0	0	0	0	0	0	0	0	0	0	-1	-1	-1	-1	-1
040F0	2	0	0	0	0	100	100	10	15	0	0	0	-1	-1	-1	-1	-1	-1	-1	-1	-1	-1	-1	-1	-1	-1	-1	1	0	1	0	100	100	0	2	39	0	1	51	8	1	iyqsa08	-1	-1	-1	-1	-1	-1	Q334345	-1	-1	-1	-1	0	0	0	0	0	0	0	0	0	0	0	0	0	0	0	0	0	0	0	0	0	-1	-1	-1	-1	-1
040F0	3	0	0	0	0	100	100	10	15	0	0	0	-1	-1	-1	-1	-1	-1	-1	-1	-1	-1	-1	-1	-1	-1	-1	1	0	1	0	100	100	0	2	39	0	1	51	8	1	iyqla51	-1	-1	-1	-1	-1	-1	Q334350	-1	-1	-1	-1	0	0	0	0	0	0	0	0	0	0	0	0	0	0	0	0	0	0	0	0	0	-1	-1	-1	-1	-1
040F0	4	0	0	0	0	100	100	10	15	0	0	0	-1	-1	-1	-1	-1	-1	-1	-1	-1	-1	-1	-1	-1	-1	-1	1	0	1	0	100	100	0	2	39	0	1	51	-1	-1	-1	-1	-1	-1	-1	-1	-1	Q334370	-1	-1	-1	-1	0	0	0	0	0	0	0	0	0	0	0	0	0	0	0	0	0	0	0	0	0	-1	-1	-1	-1	-1
050F0	0	0	0	0	0	100	100	10	15	0	0	0	-1	-1	-1	-1	-1	-1	-1	-1	-1	-1	-1	-1	-1	-1	-1	0	0	0	0	0	0	0	0	0	0	0	0	0	0	0	0	0	0	0	0	0	-1	-1	-1	-1	-1	1	0	1	0	100	100	0	2	34	0	1	46	-1	2	1	-1	-1	-1	-1	-1	-1	Q364305	-1	-1	-1	-1
050F0	1	0	0	0	0	100	100	10	15	0	0	0	-1	-1	-1	-1	-1	-1	-1	-1	-1	-1	-1	-1	-1	-1	-1	0	0	0	0	0	0	0	0	0	0	0	0	0	0	0	0	0	0	0	0	0	-1	-1	-1	-1	-1	1	0	1	0	100	100	0	2	29	0	1	41	-1	-1	-1	-1	-1	-1	-1	-1	-1	Q364335	-1	-1	-1	-1
050F0	2	0	0	0	0	100	100	10	15	0	0	0	-1	-1	-1	-1	-1	-1	-1	-1	-1	-1	-1	-1	-1	-1	-1	0	0	0	0	0	0	0	0	0	0	0	0	0	0	0	0	0	0	0	0	0	-1	-1	-1	-1	-1	1	0	1	0	100	100	0	2	39	0	1	51	8	1	iyqsa09	-1	-1	-1	-1	-1	-1	Q364345	-1	-1	-1	-1
050F0	3	0	0	0	0	100	100	10	15	0	0	0	-1	-1	-1	-1	-1	-1	-1	-1	-1	-1	-1	-1	-1	-1	-1	0	0	0	0	0	0	0	0	0	0	0	0	0	0	0	0	0	0	0	0	0	-1	-1	-1	-1	-1	1	0	1	0	100	100	0	2	39	0	1	51	8	1	iyqla42	-1	-1	-1	-1	-1	-1	Q364350	-1	-1	-1	-1
050F0	4	0	0	0	0	100	100	10	15	0	0	0	-1	-1	-1	-1	-1	-1	-1	-1	-1	-1	-1	-1	-1	-1	-1	0	0	0	0	0	0	0	0	0	0	0	0	0	0	0	0	0	0	0	0	0	-1	-1	-1	-1	-1	1	0	1	0	100	100	0	2	39	0	1	51	-1	-1	-1	-1	-1	-1	-1	-1	-1	Q364370	-1	-1	-1	-1
03020	-1	1	0	1	0	100	100	0	2	19	0	1	31	-1	-1	-1	-1	-1	-1	-1	-1	-1	Q304304	-1	-1	-1	-1	0	0	0	0	0	0	0	0	0	0	0	0	0	0	0	0	0	0	0	0	0	-1	-1	-1	-1	-1	0	0	0	0	0	0	0	0	0	0	0	0	0	0	0	0	0	0	0	0	0	-1	-1	-1	-1	-1
071A0	-1	1	0	1	0	100	100	0	2	29	0	1	41	-1	-1	-1	-1	-1	-1	-1	-1	-1	Q304322	-1	-1	-1	-1	0	0	0	0	0	0	0	0	0	0	0	0	0	0	0	0	0	0	0	0	0	-1	-1	-1	-1	-1	0	0	0	0	0	0	0	0	0	0	0	0	0	0	0	0	0	0	0	0	0	-1	-1	-1	-1	-1
03000	0	1	0	1	0	100	100	0	2	29	0	1	41	-1	-1	-1	-1	-1	-1	-1	-1	-1	Q304335	-1	-1	-1	-1	0	0	0	0	0	0	0	0	0	0	0	0	0	0	0	0	0	0	0	0	0	-1	-1	-1	-1	-1	0	0	0	0	0	0	0	0	0	0	0	0	0	0	0	0	0	0	0	0	0	-1	-1	-1	-1	-1
03000	1	1	0	1	0	100	100	0	2	39	0	1	51	-1	-1	-1	-1	-1	-1	-1	-1	-1	Q304394	-1	-1	-1	-1	0	0	0	0	0	0	0	0	0	0	0	0	0	0	0	0	0	0	0	0	0	-1	-1	-1	-1	-1	0	0	0	0	0	0	0	0	0	0	0	0	0	0	0	0	0	0	0	0	0	-1	-1	-1	-1	-1
0C062	-1	1	0	1	0	100	100	0	2	34	0	1	41	8	1	iyqla14	-1	-1	-1	-1	-1	-1	Q304341	-1	-1	-1	-1	1	0	1	0	100	100	0	2	34	0	1	41	8	1	iyqla14	-1	-1	-1	-1	-1	-1	Q334337	-1	-1	-1	-1	1	0	1	0	100	100	0	2	34	0	1	46	8	1	iyqla14	-1	-1	-1	-1	-1	-1	Q364336	-1	-1	-1	-1
14160	-1	1	0	1	0	100	100	0	2	39	0	1	56	-1	-1	-1	-1	-1	-1	-1	-1	-1	Q304342	-1	-1	-1	-1	1	0	1	0	100	100	0	2	39	0	1	51	-1	-1	-1	-1	-1	-1	-1	-1	-1	Q334340	-1	-1	-1	-1	1	0	1	0	100	100	0	2	39	0	1	51	-1	-1	-1	-1	-1	-1	-1	-1	-1	Q364340	-1	-1	-1	-1
03130	-1	1	1	1	0	100	100	0	2	40	0	1	51	-1	-1	-1	-1	-1	-1	-1	-1	-1	Q304370	-1	-1	-1	-1	0	0	0	0	0	0	0	0	0	0	0	0	0	0	0	0	0	0	0	0	0	-1	-1	-1	-1	-1	0	0	0	0	0	0	0	0	0	0	0	0	0	0	0	0	0	0	0	0	0	-1	-1	-1	-1	-1
031A4	0	1	0	1	0	100	100	0	2	39	0	1	51	-1	-1	-1	-1	-1	-1	-1	-1	-1	Q304373	-1	-1	-1	-1	0	0	0	0	0	0	0	0	0	0	0	0	0	0	0	0	0	0	0	0	0	-1	-1	-1	-1	-1	0	0	0	0	0	0	0	0	0	0	0	0	0	0	0	0	0	0	0	0	0	-1	-1	-1	-1	-1
031A4	1	1	0	1	0	100	100	0	2	50	0	1	56	-1	-1	-1	-1	-1	-1	-1	-1	-1	Q304437	-1	-1	-1	-1	0	0	0	0	0	0	0	0	0	0	0	0	0	0	0	0	0	0	0	0	0	-1	-1	-1	-1	-1	0	0	0	0	0	0	0	0	0	0	0	0	0	0	0	0	0	0	0	0	0	-1	-1	-1	-1	-1
031A4	2	1	0	1	0	100	100	0	2	53	0	1	56	-1	-1	-1	-1	-1	-1	-1	-1	-1	Q304480	-1	-1	-1	-1	0	0	0	0	0	0	0	0	0	0	0	0	0	0	0	0	0	0	0	0	0	-1	-1	-1	-1	-1	0	0	0	0	0	0	0	0	0	0	0	0	0	0	0	0	0	0	0	0	0	-1	-1	-1	-1	-1
131A4	-1	1	0	1	0	100	100	0	2	39	0	1	51	8	1	iyqla28	-1	-1	-1	-1	-1	-1	Q304383	-1	-1	-1	-1	0	0	0	0	0	0	0	0	0	0	0	0	0	0	0	0	0	0	0	0	0	-1	-1	-1	-1	-1	0	0	0	0	0	0	0	0	0	0	0	0	0	0	0	0	0	0	0	0	0	-1	-1	-1	-1	-1
06040	-1	1	0	1	0	100	100	0	2	34	0	1	46	-1	-1	-1	-1	-1	-1	-1	-1	-1	Q304385	-1	-1	-1	-1	0	0	0	0	0	0	0	0	0	0	0	0	0	0	0	0	0	0	0	0	0	-1	-1	-1	-1	-1	0	0	0	0	0	0	0	0	0	0	0	0	0	0	0	0	0	0	0	0	0	-1	-1	-1	-1	-1
07060	-1	1	0	1	0	100	100	0	2	34	0	1	46	-1	-1	-1	-1	-1	-1	-1	-1	-1	Q304388	-1	-1	-1	-1	0	0	0	0	0	0	0	0	0	0	0	0	0	0	0	0	0	0	0	0	0	-1	-1	-1	-1	-1	0	0	0	0	0	0	0	0	0	0	0	0	0	0	0	0	0	0	0	0	0	-1	-1	-1	-1	-1
03001	-1	1	0	1	0	100	100	0	2	39	0	1	56	-1	-1	-1	-1	-1	-1	-1	-1	-1	Q304393	-1	-1	-1	-1	0	0	0	0	0	0	0	0	0	0	0	0	0	0	0	0	0	0	0	0	0	-1	-1	-1	-1	-1	0	0	0	0	0	0	0	0	0	0	0	0	0	0	0	0	0	0	0	0	0	-1	-1	-1	-1	-1
030C0	0	1	0	1	0	100	100	0	2	50	0	1	56	-1	-1	-1	-1	-1	-1	-1	-1	-1	Q304410	-1	-1	-1	-1	0	0	0	0	0	0	0	0	0	0	0	0	0	0	0	0	0	0	0	0	0	-1	-1	-1	-1	-1	0	0	0	0	0	0	0	0	0	0	0	0	0	0	0	0	0	0	0	0	0	-1	-1	-1	-1	-1
030C0	1	1	0	1	0	100	100	0	2	39	0	1	51	-1	-1	-1	-1	-1	-1	-1	-1	-1	Q304400	-1	-1	-1	-1	0	0	0	0	0	0	0	0	0	0	0	0	0	0	0	0	0	0	0	0	0	-1	-1	-1	-1	-1	0	0	0	0	0	0	0	0	0	0	0	0	0	0	0	0	0	0	0	0	0	-1	-1	-1	-1	-1
211A3	-1	1	0	1	0	100	100	0	2	50	0	1	56	8	1	iyqla61	-1	-1	-1	-1	-1	-1	Q304420	-1	-1	-1	-1	1	0	1	0	100	100	0	2	50	0	1	56	8	1	iyqla61	-1	-1	-1	-1	-1	-1	Q334420	-1	-1	-1	-1	1	0	1	0	100	100	0	2	50	0	1	56	8	1	iyqla61	-1	-1	-1	-1	-1	-1	Q364420	-1	-1	-1	-1
0C1A0	-1	1	0	1	0	100	100	0	2	51	0	1	56	-1	-1	-1	-1	-1	-1	-1	-1	-1	Q304425	-1	-1	-1	-1	1	0	1	0	100	100	0	2	51	0	1	56	-1	-1	-1	-1	-1	-1	-1	-1	-1	Q334425	-1	-1	-1	-1	1	0	1	0	100	100	0	2	51	0	1	56	-1	-1	-1	-1	-1	-1	-1	-1	-1	Q364425	-1	-1	-1	-1
03061	-1	1	0	1	0	100	100	0	2	50	0	1	56	-1	-1	-1	-1	-1	-1	-1	-1	-1	Q304430	-1	-1	-1	-1	0	0	0	0	0	0	0	0	0	0	0	0	0	0	0	0	0	0	0	0	0	-1	-1	-1	-1	-1	0	0	0	0	0	0	0	0	0	0	0	0	0	0	0	0	0	0	0	0	0	-1	-1	-1	-1	-1
06060	0	1	0	1	0	100	100	0	2	50	0	1	56	-1	-1	-1	-1	-1	-1	-1	-1	-1	Q304440	-1	-1	-1	-1	0	0	0	0	0	0	0	0	0	0	0	0	0	0	0	0	0	0	0	0	0	-1	-1	-1	-1	-1	0	0	0	0	0	0	0	0	0	0	0	0	0	0	0	0	0	0	0	0	0	-1	-1	-1	-1	-1
06060	1	1	0	1	0	100	100	0	2	19	0	1	56	8	1	iyqsa02	-1	-1	-1	-1	-1	-1	Q304314	-1	-1	-1	-1	0	0	0	0	0	0	0	0	0	0	0	0	0	0	0	0	0	0	0	0	0	-1	-1	-1	-1	-1	0	0	0	0	0	0	0	0	0	0	0	0	0	0	0	0	0	0	0	0	0	-1	-1	-1	-1	-1
06060	2	1	0	1	0	100	100	0	2	29	0	1	41	-1	-1	-1	-1	-1	-1	-1	-1	-1	Q304330	-1	-1	-1	-1	0	0	0	0	0	0	0	0	0	0	0	0	0	0	0	0	0	0	0	0	0	-1	-1	-1	-1	-1	0	0	0	0	0	0	0	0	0	0	0	0	0	0	0	0	0	0	0	0	0	-1	-1	-1	-1	-1
06060	3	0	0	1	0	100	100	0	2	50	0	1	56	-1	-1	-1	-1	-1	-1	-1	-1	-1	-1	-1	-1	-1	-1	0	0	0	0	0	0	0	0	0	0	0	0	0	0	0	0	0	0	0	0	0	-1	-1	-1	-1	-1	0	0	0	0	0	0	0	0	0	0	0	0	0	0	0	0	0	0	0	0	0	-1	-1	-1	-1	-1
03050	0	1	0	1	0	100	100	0	2	50	0	1	56	-1	-1	-1	-1	-1	-1	-1	-1	-1	Q304450	-1	-1	-1	-1	0	0	0	0	0	0	0	0	0	0	0	0	0	0	0	0	0	0	0	0	0	-1	-1	-1	-1	-1	0	0	0	0	0	0	0	0	0	0	0	0	0	0	0	0	0	0	0	0	0	-1	-1	-1	-1	-1
03050	1	1	0	1	0	100	100	0	2	44	0	1	56	-1	-1	-1	-1	-1	-1	-1	-1	-1	Q304406	-1	-1	-1	-1	0	0	0	0	0	0	0	0	0	0	0	0	0	0	0	0	0	0	0	0	0	-1	-1	-1	-1	-1	0	0	0	0	0	0	0	0	0	0	0	0	0	0	0	0	0	0	0	0	0	-1	-1	-1	-1	-1
03050	2	0	0	1	0	100	100	0	2	50	0	1	56	-1	-1	-1	-1	-1	-1	-1	-1	-1	-1	-1	-1	-1	-1	0	0	0	0	0	0	0	0	0	0	0	0	0	0	0	0	0	0	0	0	0	-1	-1	-1	-1	-1	0	0	0	0	0	0	0	0	0	0	0	0	0	0	0	0	0	0	0	0	0	-1	-1	-1	-1	-1
031A2	0	1	0	1	0	100	100	0	2	53	0	1	56	-1	-1	-1	-1	-1	-1	-1	-1	-1	Q304460	-1	-1	-1	-1	0	0	0	0	0	0	0	0	0	0	0	0	0	0	0	0	0	0	0	0	0	-1	-1	-1	-1	-1	0	0	0	0	0	0	0	0	0	0	0	0	0	0	0	0	0	0	0	0	0	-1	-1	-1	-1	-1
031A2	1	1	0	1	0	100	100	0	2	19	0	1	31	-1	-1	-1	-1	-1	-1	-1	-1	-1	Q304300	-1	-1	-1	-1	0	0	0	0	0	0	0	0	0	0	0	0	0	0	0	0	0	0	0	0	0	-1	-1	-1	-1	-1	0	0	0	0	0	0	0	0	0	0	0	0	0	0	0	0	0	0	0	0	0	-1	-1	-1	-1	-1
031A2	2	1	0	1	0	100	100	0	2	39	0	1	51	8	1	iyqsa07	-1	-1	-1	-1	-1	-1	Q304350	-1	-1	-1	-1	0	0	0	0	0	0	0	0	0	0	0	0	0	0	0	0	0	0	0	0	0	-1	-1	-1	-1	-1	0	0	0	0	0	0	0	0	0	0	0	0	0	0	0	0	0	0	0	0	0	-1	-1	-1	-1	-1
031A2	3	1	0	1	0	100	100	0	2	39	0	1	51	8	1	iyqla20	-1	-1	-1	-1	-1	-1	Q304360	-1	-1	-1	-1	0	0	0	0	0	0	0	0	0	0	0	0	0	0	0	0	0	0	0	0	0	-1	-1	-1	-1	-1	0	0	0	0	0	0	0	0	0	0	0	0	0	0	0	0	0	0	0	0	0	-1	-1	-1	-1	-1
1F1A0	-1	1	0	1	0	100	100	0	2	53	0	1	56	8	1	iyqla76	-1	-1	-1	-1	-1	-1	Q304470	-1	-1	-1	-1	1	0	1	0	100	100	0	2	53	0	1	56	8	1	iyqla76	-1	-1	-1	-1	-1	-1	Q334470	-1	-1	-1	-1	1	0	1	0	100	100	0	2	53	0	1	56	8	1	iyqla76	-1	-1	-1	-1	-1	-1	Q364470	-1	-1	-1	-1
031A3	0	1	1	1	0	100	100	0	2	50	0	1	56	-1	-1	-1	-1	-1	-1	-1	-1	-1	Q304490	-1	-1	-1	-1	0	0	0	0	0	0	0	0	0	0	0	-1	-1	-1	-1	-1	-1	-1	-1	-1	-1	-1	-1	-1	-1	-1	0	0	0	0	0	0	0	0	0	0	0	0	0	0	0	0	0	0	0	0	0	-1	-1	-1	-1	-1
031A3	1	1	0	1	0	100	100	0	2	19	0	1	31	-1	-1	-1	-1	-1	-1	-1	-1	-1	Q304320	-1	-1	-1	-1	0	0	0	0	0	0	0	0	0	0	0	-1	-1	-1	-1	-1	-1	-1	-1	-1	-1	-1	-1	-1	-1	-1	0	0	0	0	0	0	0	0	0	0	0	0	0	0	0	0	0	0	0	0	0	-1	-1	-1	-1	-1
03171	-1	1	1	1	0	100	100	0	2	50	0	1	56	-1	-1	-1	-1	-1	-1	-1	-1	-1	Q304496	-1	-1	-1	-1	0	0	0	0	0	0	0	0	0	0	0	0	0	0	0	-1	-1	-1	-1	-1	-1	-1	-1	-1	-1	-1	0	0	0	0	0	0	0	0	0	0	0	0	0	0	0	0	0	0	0	0	0	-1	-1	-1	-1	-1
04000	0	0	0	0	0	100	100	10	15	0	0	0	-1	-1	-1	-1	-1	-1	-1	-1	-1	-1	-1	-1	-1	-1	-1	1	0	1	0	100	100	0	2	19	0	1	30	-1	-1	-1	-1	-1	-1	-1	-1	-1	Q334304	-1	-1	-1	-1	0	0	0	0	0	0	0	0	0	0	0	0	0	0	0	0	0	0	0	0	0	-1	-1	-1	-1	-1
04000	1	0	0	0	0	100	100	10	15	0	0	0	-1	-1	-1	-1	-1	-1	-1	-1	-1	-1	-1	-1	-1	-1	-1	1	0	1	0	100	100	0	2	39	0	1	51	-1	-1	-1	-1	-1	-1	-1	-1	-1	Q334375	-1	-1	-1	-1	0	0	0	0	0	0	0	0	0	0	0	0	0	0	0	0	0	0	0	0	0	-1	-1	-1	-1	-1
04021	-1	0	0	0	0	100	100	10	15	0	0	0	-1	-1	-1	-1	-1	-1	-1	-1	-1	-1	-1	-1	-1	-1	-1	1	0	1	0	100	100	0	2	19	0	1	31	-1	-1	-1	-1	-1	-1	-1	-1	-1	Q334310	-1	-1	-1	-1	0	0	0	0	0	0	0	0	0	0	0	0	0	0	0	0	0	0	0	0	0	-1	-1	-1	-1	-1
081A0	0	0	0	0	0	100	100	10	15	0	0	0	-1	-1	-1	-1	-1	-1	-1	-1	-1	-1	-1	-1	-1	-1	-1	1	0	1	0	100	100	0	2	29	0	1	41	-1	-1	-1	-1	-1	-1	-1	-1	-1	Q334316	-1	-1	-1	-1	0	0	0	0	0	0	0	0	0	0	0	0	0	0	0	0	0	0	0	0	0	-1	-1	-1	-1	-1
081A0	1	0	0	0	0	100	100	10	15	0	0	0	-1	-1	-1	-1	-1	-1	-1	-1	-1	-1	-1	-1	-1	-1	-1	1	0	1	0	100	100	0	2	29	0	1	41	8	1	iyqla71	-1	-1	-1	-1	-1	-1	Q334330	-1	-1	-1	-1	0	0	0	0	0	0	0	0	0	0	0	0	0	0	0	0	0	0	0	0	0	-1	-1	-1	-1	-1
041A3	-1	0	0	0	0	100	100	10	15	0	0	0	-1	-1	-1	-1	-1	-1	-1	-1	-1	-1	-1	-1	-1	-1	-1	1	0	1	0	100	100	0	2	19	0	1	31	-1	-1	-1	-1	-1	-1	-1	-1	-1	Q334324	-1	-1	-1	-1	0	0	0	0	0	0	0	0	0	0	0	0	0	0	0	0	0	0	0	0	0	-1	-1	-1	-1	-1
04130	-1	0	0	0	0	100	100	10	15	0	0	0	-1	-1	-1	-1	-1	-1	-1	-1	-1	-1	-1	-1	-1	-1	-1	1	1	1	0	100	100	0	2	40	0	1	51	-1	-1	-1	-1	-1	-1	-1	-1	-1	Q334360	-1	-1	-1	-1	0	0	0	0	0	0	0	0	0	0	0	0	0	0	0	0	0	0	0	0	0	-1	-1	-1	-1	-1
041A4	0	0	0	0	0	100	100	10	15	0	0	0	-1	-1	-1	-1	-1	-1	-1	-1	-1	-1	-1	-1	-1	-1	-1	1	0	1	0	100	100	0	2	39	0	1	51	-1	-1	-1	-1	-1	-1	-1	-1	-1	Q334363	-1	-1	-1	-1	0	0	0	0	0	0	0	0	0	0	0	0	0	0	0	0	0	0	0	0	0	-1	-1	-1	-1	-1
041A4	1	0	0	0	0	100	100	10	15	0	0	0	-1	-1	-1	-1	-1	-1	-1	-1	-1	-1	-1	-1	-1	-1	-1	1	0	1	0	100	100	0	2	50	0	1	56	-1	-1	-1	-1	-1	-1	-1	-1	-1	Q334437	-1	-1	-1	-1	0	0	0	0	0	0	0	0	0	0	0	0	0	0	0	0	0	0	0	0	0	-1	-1	-1	-1	-1
041A4	2	0	0	0	0	100	100	10	15	0	0	0	-1	-1	-1	-1	-1	-1	-1	-1	-1	-1	-1	-1	-1	-1	-1	1	0	1	0	100	100	0	2	53	0	1	56	-1	-1	-1	-1	-1	-1	-1	-1	-1	Q334480	-1	-1	-1	-1	0	0	0	0	0	0	0	0	0	0	0	0	0	0	0	0	0	0	0	0	0	-1	-1	-1	-1	-1
131A3	-1	0	0	0	0	100	100	10	15	0	0	0	-1	-1	-1	-1	-1	-1	-1	-1	-1	-1	-1	-1	-1	-1	-1	1	0	1	0	100	100	0	2	39	0	1	51	8	1	iyqla56	-1	-1	-1	-1	-1	-1	Q334373	-1	-1	-1	-1	0	0	0	0	0	0	0	0	0	0	0	0	0	0	0	0	0	0	0	0	0	-1	-1	-1	-1	-1
08050	-1	0	0	0	0	100	100	10	15	0	0	0	-1	-1	-1	-1	-1	-1	-1	-1	-1	-1	-1	-1	-1	-1	-1	1	0	1	0	100	100	0	2	39	0	1	51	-1	-1	-1	-1	-1	-1	-1	-1	-1	Q334376	-1	-1	-1	-1	0	0	0	0	0	0	0	0	0	0	0	0	0	0	0	0	0	0	0	0	0	-1	-1	-1	-1	-1
04011	-1	0	0	0	0	100	100	10	15	0	0	0	-1	-1	-1	-1	-1	-1	-1	-1	-1	-1	-1	-1	-1	-1	-1	1	0	1	0	100	100	0	2	39	0	1	51	-1	-1	-1	-1	-1	-1	-1	-1	-1	Q334380	-1	-1	-1	-1	0	0	0	0	0	0	0	0	0	0	0	0	0	0	0	0	0	0	0	0	0	-1	-1	-1	-1	-1
04050	-1	0	0	0	0	100	100	10	15	0	0	0	-1	-1	-1	-1	-1	-1	-1	-1	-1	-1	-1	-1	-1	-1	-1	1	0	1	0	100	100	0	2	44	0	1	56	-1	-1	-1	-1	-1	-1	-1	-1	-1	Q334396	-1	-1	-1	-1	0	0	0	0	0	0	0	0	0	0	0	0	0	0	0	0	0	0	0	0	0	-1	-1	-1	-1	-1
040C0	0	0	0	0	0	100	100	10	15	0	0	0	-1	-1	-1	-1	-1	-1	-1	-1	-1	-1	-1	-1	-1	-1	-1	1	0	1	0	100	100	0	2	50	0	1	56	-1	1	-1	-1	-1	-1	-1	-1	-1	Q334400	-1	-1	-1	-1	0	0	0	0	0	0	0	0	0	0	0	0	0	0	0	0	0	0	0	0	0	-1	-1	-1	-1	-1
040C0	1	0	0	0	0	100	100	10	15	0	0	0	-1	-1	-1	-1	-1	-1	-1	-1	-1	-1	-1	-1	-1	-1	-1	1	0	1	0	100	100	0	2	39	0	1	51	-1	1	-1	-1	-1	-1	-1	-1	-1	Q334390	-1	-1	-1	-1	0	0	0	0	0	0	0	0	0	0	0	0	0	0	0	0	0	0	0	0	0	-1	-1	-1	-1	-1
04061	-1	0	0	0	0	100	100	10	15	0	0	0	-1	-1	-1	-1	-1	-1	-1	-1	-1	-1	-1	-1	-1	-1	-1	1	0	1	0	100	100	0	2	50	0	1	56	-1	-1	-1	-1	-1	-1	-1	-1	-1	Q334430	-1	-1	-1	-1	0	0	0	0	0	0	0	0	0	0	0	0	0	0	0	0	0	0	0	0	0	-1	-1	-1	-1	-1
08060	-1	0	0	0	0	100	100	10	15	0	0	0	-1	-1	-1	-1	-1	-1	-1	-1	-1	-1	-1	-1	-1	-1	-1	1	0	1	0	100	100	0	2	53	0	1	56	-1	-1	-1	-1	-1	-1	-1	-1	-1	Q334440	-1	-1	-1	-1	0	0	0	0	0	0	0	0	0	0	0	0	0	0	0	0	0	0	0	0	0	-1	-1	-1	-1	-1
04020	-1	0	0	0	0	100	100	10	15	0	0	0	-1	-1	-1	-1	-1	-1	-1	-1	-1	-1	-1	-1	-1	-1	-1	1	0	1	0	100	100	0	2	53	0	1	56	-1	-1	-1	-1	-1	-1	-1	-1	-1	Q334450	-1	-1	-1	-1	0	0	0	0	0	0	0	0	0	0	0	0	0	0	0	0	0	0	0	0	0	-1	-1	-1	-1	-1
04001	0	0	0	0	0	100	100	10	15	0	0	0	-1	-1	-1	-1	-1	-1	-1	-1	-1	-1	-1	-1	-1	-1	-1	1	0	1	0	100	100	0	2	53	0	1	56	-1	-1	-1	-1	-1	-1	-1	-1	-1	Q334460	-1	-1	-1	-1	0	0	0	0	0	0	0	0	0	0	0	0	0	0	0	0	0	0	0	0	0	-1	-1	-1	-1	-1
04001	1	0	0	0	0	100	100	10	15	0	0	0	-1	-1	-1	-1	-1	-1	-1	-1	-1	-1	-1	-1	-1	-1	-1	1	0	1	0	100	100	0	2	29	0	1	41	-1	-1	-1	-1	-1	-1	-1	-1	-1	Q334320	-1	-1	-1	-1	0	0	0	0	0	0	0	0	0	0	0	0	0	0	0	0	0	0	0	0	0	-1	-1	-1	-1	-1
04001	2	0	0	0	0	100	100	10	15	0	0	0	-1	-1	-1	-1	-1	-1	-1	-1	-1	-1	-1	-1	-1	-1	-1	1	0	1	0	100	100	0	2	39	0	1	51	-1	-1	-1	-1	-1	-1	-1	-1	-1	Q334383	-1	-1	-1	-1	0	0	0	0	0	0	0	0	0	0	0	0	0	0	0	0	0	0	0	0	0	-1	-1	-1	-1	-1
041A2	0	1	0	0	0	100	100	-1	-1	-1	-1	-1	-1	-1	-1	-1	-1	-1	-1	-1	-1	-1	-1	-1	-1	-1	-1	1	1	1	0	100	100	0	2	50	0	1	56	-1	-1	-1	-1	-1	-1	-1	-1	-1	Q334490	-1	-1	-1	-1	0	0	0	0	0	0	0	0	0	0	0	0	0	0	0	0	0	0	0	0	0	-1	-1	-1	-1	-1
041A2	1	0	0	0	0	100	100	-1	-1	-1	-1	-1	-1	-1	-1	-1	-1	-1	-1	-1	-1	-1	-1	-1	-1	-1	-1	1	0	1	0	100	100	0	2	19	0	1	31	-1	-1	-1	-1	-1	-1	-1	-1	-1	Q334300	-1	-1	-1	-1	0	0	0	0	0	0	0	0	0	0	0	0	0	0	0	0	0	0	0	0	0	-1	-1	-1	-1	-1
041A2	2	0	0	0	0	100	100	-1	-1	-1	-1	-1	-1	-1	-1	-1	-1	-1	-1	-1	-1	-1	-1	-1	-1	-1	-1	1	0	1	0	100	100	0	2	19	0	1	31	-1	-1	-1	-1	-1	-1	-1	-1	-1	Q334314	-1	-1	-1	-1	0	0	0	0	0	0	0	0	0	0	0	0	0	0	0	0	0	0	0	0	0	-1	-1	-1	-1	-1
04171	-1	1	0	0	0	100	100	10	15	0	0	0	-1	-1	-1	-1	-1	-1	-1	-1	-1	-1	-1	-1	-1	-1	-1	1	1	1	0	100	100	0	2	50	0	1	56	-1	-1	-1	-1	-1	-1	-1	-1	-1	Q334496	-1	-1	-1	-1	0	0	0	0	0	0	0	0	0	0	0	0	0	0	0	0	0	0	0	0	0	-1	-1	-1	-1	-1
05020	-1	0	0	0	0	100	100	-1	-1	-1	-1	-1	-1	-1	-1	-1	-1	-1	-1	-1	-1	-1	-1	-1	-1	-1	-1	0	0	0	0	100	100	-1	-1	-1	-1	-1	-1	-1	-1	-1	-1	-1	-1	-1	-1	-1	-1	-1	-1	-1	-1	1	0	1	0	100	100	0	2	19	0	1	30	-1	-1	-1	-1	-1	-1	-1	-1	-1	Q364301	-1	-1	-1	-1
05170	0	0	0	0	0	100	100	-1	-1	-1	-1	-1	-1	-1	-1	-1	-1	-1	-1	-1	-1	-1	-1	-1	-1	-1	-1	0	0	0	0	100	100	-1	-1	-1	-1	-1	-1	-1	-1	-1	-1	-1	-1	-1	-1	-1	-1	-1	-1	-1	-1	1	0	1	0	100	100	0	2	19	0	1	56	-1	-1	-1	-1	-1	-1	-1	-1	-1	Q364310	-1	-1	-1	-1
05170	1	0	0	0	0	100	100	-1	-1	-1	-1	-1	-1	-1	-1	-1	-1	-1	-1	-1	-1	-1	-1	-1	-1	-1	-1	0	0	0	0	100	100	-1	-1	-1	-1	-1	-1	-1	-1	-1	-1	-1	-1	-1	-1	-1	-1	-1	-1	-1	-1	0	0	1	0	100	100	0	2	19	0	1	31	-1	-1	-1	-1	-1	-1	-1	-1	-1	-1	-1	-1	-1	-1
051A4	-1	0	0	0	0	100	100	-1	-1	-1	-1	-1	-1	-1	-1	-1	-1	-1	-1	-1	-1	-1	-1	-1	-1	-1	-1	0	0	0	0	100	100	-1	-1	-1	-1	-1	-1	-1	-1	-1	-1	-1	-1	-1	-1	-1	-1	-1	-1	-1	-1	1	0	1	0	100	100	0	2	24	0	1	36	8	1	iyqla10	-1	-1	-1	-1	-1	-1	Q364312	-1	-1	-1	-1
0B1A0	-1	0	0	0	0	100	100	-1	-1	-1	-1	-1	-1	-1	-1	-1	-1	-1	-1	-1	-1	-1	-1	-1	-1	-1	-1	0	0	0	0	100	100	-1	-1	-1	-1	-1	-1	-1	-1	-1	-1	-1	-1	-1	-1	-1	-1	-1	-1	-1	-1	1	0	1	0	100	100	0	2	24	0	1	36	-1	-1	-1	-1	-1	-1	-1	-1	-1	Q364326	-1	-1	-1	-1
05130	-1	0	0	0	0	100	100	-1	-1	-1	-1	-1	-1	-1	-1	-1	-1	-1	-1	-1	-1	-1	-1	-1	-1	-1	-1	0	0	0	0	100	100	-1	-1	-1	-1	-1	-1	-1	-1	-1	-1	-1	-1	-1	-1	-1	-1	-1	-1	-1	-1	1	1	1	0	100	100	0	2	39	0	1	51	-1	-1	-1	-1	-1	-1	-1	-1	-1	Q364360	-1	-1	-1	-1
051A2	0	0	0	0	0	100	100	-1	-1	-1	-1	-1	-1	-1	-1	-1	-1	-1	-1	-1	-1	-1	-1	-1	-1	-1	-1	0	0	0	0	100	100	-1	-1	-1	-1	-1	-1	-1	-1	-1	-1	-1	-1	-1	-1	-1	-1	-1	-1	-1	-1	1	0	1	0	100	100	0	2	39	0	1	51	-1	-1	-1	-1	-1	-1	-1	-1	-1	Q364363	-1	-1	-1	-1
051A2	1	0	0	0	0	100	100	-1	-1	-1	-1	-1	-1	-1	-1	-1	-1	-1	-1	-1	-1	-1	-1	-1	-1	-1	-1	0	0	0	0	100	100	-1	-1	-1	-1	-1	-1	-1	-1	-1	-1	-1	-1	-1	-1	-1	-1	-1	-1	-1	-1	1	1	1	0	100	100	0	2	19	0	1	31	-1	-1	-1	-1	-1	-1	-1	-1	-1	Q364300	-1	-1	-1	-1
051A2	2	0	0	0	0	100	100	-1	-1	-1	-1	-1	-1	-1	-1	-1	-1	-1	-1	-1	-1	-1	-1	-1	-1	-1	-1	0	0	0	0	100	100	-1	-1	-1	-1	-1	-1	-1	-1	-1	-1	-1	-1	-1	-1	-1	-1	-1	-1	-1	-1	1	0	1	0	100	100	0	2	50	0	1	56	-1	-1	-1	-1	-1	-1	-1	-1	-1	Q364437	-1	-1	-1	-1
051A2	3	0	0	0	0	100	100	-1	-1	-1	-1	-1	-1	-1	-1	-1	-1	-1	-1	-1	-1	-1	-1	-1	-1	-1	-1	0	0	0	0	100	100	-1	-1	-1	-1	-1	-1	-1	-1	-1	-1	-1	-1	-1	-1	-1	-1	-1	-1	-1	-1	1	0	1	0	100	100	0	2	53	0	1	56	-1	-1	-1	-1	-1	-1	-1	-1	-1	Q364480	-1	-1	-1	-1
131A6	-1	0	0	0	0	100	100	-1	-1	-1	-1	-1	-1	-1	-1	-1	-1	-1	-1	-1	-1	-1	-1	-1	-1	-1	-1	0	0	0	0	100	100	-1	-1	-1	-1	-1	-1	-1	-1	-1	-1	-1	-1	-1	-1	-1	-1	-1	-1	-1	-1	1	0	1	0	100	100	0	2	39	0	1	51	8	1	iyqla47	-1	-1	-1	-1	-1	-1	Q364373	-1	-1	-1	-1
0B060	-1	0	0	0	0	100	100	-1	-1	-1	-1	-1	-1	-1	-1	-1	-1	-1	-1	-1	-1	-1	-1	-1	-1	-1	-1	0	0	0	0	100	100	-1	-1	-1	-1	-1	-1	-1	-1	-1	-1	-1	-1	-1	-1	-1	-1	-1	-1	-1	-1	1	0	1	0	100	100	0	2	39	0	1	51	-1	-1	-1	-1	-1	-1	-1	-1	-1	Q364378	-1	-1	-1	-1
05012	-1	0	0	0	0	100	100	-1	-1	-1	-1	-1	-1	-1	-1	-1	-1	-1	-1	-1	-1	-1	-1	-1	-1	-1	-1	0	0	0	0	100	100	-1	-1	-1	-1	-1	-1	-1	-1	-1	-1	-1	-1	-1	-1	-1	-1	-1	-1	-1	-1	1	0	1	0	100	100	0	2	39	0	1	51	-1	-1	-1	-1	-1	-1	-1	-1	-1	Q364386	-1	-1	-1	-1
05010	-1	0	0	0	0	100	100	-1	-1	-1	-1	-1	-1	-1	-1	-1	-1	-1	-1	-1	-1	-1	-1	-1	-1	-1	-1	0	0	0	0	100	100	-1	-1	-1	-1	-1	-1	-1	-1	-1	-1	-1	-1	-1	-1	-1	-1	-1	-1	-1	-1	1	0	1	0	100	100	0	2	39	0	1	56	-1	-1	-1	-1	-1	-1	-1	-1	-1	Q364390	-1	-1	-1	-1
050C0	0	0	0	0	0	100	100	-1	-1	-1	-1	-1	-1	-1	-1	-1	-1	-1	-1	-1	-1	-1	-1	-1	-1	-1	-1	0	0	0	0	100	100	-1	-1	-1	-1	-1	-1	-1	-1	-1	-1	-1	-1	-1	-1	-1	-1	-1	-1	-1	-1	1	0	1	0	100	100	0	2	50	0	1	56	-1	-1	-1	-1	-1	-1	-1	-1	-1	Q364400	-1	-1	-1	-1
050C0	1	0	0	0	0	100	100	-1	-1	-1	-1	-1	-1	-1	-1	-1	-1	-1	-1	-1	-1	-1	-1	-1	-1	-1	-1	0	0	0	0	100	100	-1	-1	-1	-1	-1	-1	-1	-1	-1	-1	-1	-1	-1	-1	-1	-1	-1	-1	-1	-1	1	0	1	0	100	100	0	2	39	0	1	51	-1	-1	-1	-1	-1	-1	-1	-1	-1	Q364380	-1	-1	-1	-1
05061	-1	0	0	0	0	100	100	-1	-1	-1	-1	-1	-1	-1	-1	-1	-1	-1	-1	-1	-1	-1	-1	-1	-1	-1	-1	0	0	0	0	100	100	-1	-1	-1	-1	-1	-1	-1	-1	-1	-1	-1	-1	-1	-1	-1	-1	-1	-1	-1	-1	1	0	1	0	100	100	0	2	50	0	1	56	-1	-1	-1	-1	-1	-1	-1	-1	-1	Q364430	-1	-1	-1	-1
0A060	0	0	0	0	0	100	100	-1	-1	-1	-1	-1	-1	-1	-1	-1	-1	-1	-1	-1	-1	-1	-1	-1	-1	-1	-1	0	0	0	0	100	100	-1	-1	-1	-1	-1	-1	-1	-1	-1	-1	-1	-1	-1	-1	-1	-1	-1	-1	-1	-1	1	0	1	0	100	100	0	2	50	0	1	56	-1	-1	-1	-1	-1	-1	-1	-1	-1	Q364440	-1	-1	-1	-1
0A060	1	0	0	0	0	100	100	-1	-1	-1	-1	-1	-1	-1	-1	-1	-1	-1	-1	-1	-1	-1	-1	-1	-1	-1	-1	0	0	0	0	100	100	-1	-1	-1	-1	-1	-1	-1	-1	-1	-1	-1	-1	-1	-1	-1	-1	-1	-1	-1	-1	1	0	1	0	100	100	0	2	19	0	1	31	-1	-1	-1	-1	-1	-1	-1	-1	-1	Q364305	-1	-1	-1	-1
0A060	2	0	0	0	0	100	100	-1	-1	-1	-1	-1	-1	-1	-1	-1	-1	-1	-1	-1	-1	-1	-1	-1	-1	-1	-1	0	0	0	0	100	100	-1	-1	-1	-1	-1	-1	-1	-1	-1	-1	-1	-1	-1	-1	-1	-1	-1	-1	-1	-1	1	0	1	0	100	100	0	2	29	0	1	41	-1	-1	-1	-1	-1	-1	-1	-1	-1	Q364330	-1	-1	-1	-1
0A060	3	0	0	0	0	100	100	-1	-1	-1	-1	-1	-1	-1	-1	-1	-1	-1	-1	-1	-1	-1	-1	-1	-1	-1	-1	0	0	0	0	100	100	-1	-1	-1	-1	-1	-1	-1	-1	-1	-1	-1	-1	-1	-1	-1	-1	-1	-1	-1	-1	0	0	1	0	100	100	0	2	50	0	1	56	-1	-1	-1	-1	-1	-1	-1	-1	-1	-1	-1	-1	-1	-1
05021	-1	0	0	0	0	100	100	-1	-1	-1	-1	-1	-1	-1	-1	-1	-1	-1	-1	-1	-1	-1	-1	-1	-1	-1	-1	0	0	0	0	100	100	-1	-1	-1	-1	-1	-1	-1	-1	-1	-1	-1	-1	-1	-1	-1	-1	-1	-1	-1	-1	1	0	1	0	100	100	0	2	53	0	1	56	8	1	iyqla78	-1	-1	-1	-1	-1	-1	Q364450	-1	-1	-1	-1
05020	-1	0	0	0	0	100	100	-1	-1	-1	-1	-1	-1	-1	-1	-1	-1	-1	-1	-1	-1	-1	-1	-1	-1	-1	-1	0	0	0	0	100	100	-1	-1	-1	-1	-1	-1	-1	-1	-1	-1	-1	-1	-1	-1	-1	-1	-1	-1	-1	-1	1	0	1	0	100	100	0	2	53	0	1	56	-1	-1	-1	-1	-1	-1	-1	-1	-1	Q364460	-1	-1	-1	-1
051A1	0	1	0	0	0	100	100	-1	-1	-1	-1	-1	-1	-1	-1	-1	-1	-1	-1	-1	-1	-1	-1	-1	-1	-1	-1	0	0	0	0	100	100	-1	-1	-1	-1	-1	-1	-1	-1	-1	-1	-1	-1	-1	-1	-1	-1	-1	-1	-1	-1	1	1	1	0	100	100	0	2	50	0	1	56	-1	-1	-1	-1	-1	-1	-1	-1	-1	Q364490	-1	-1	-1	-1
051A1	1	0	0	0	0	100	100	-1	-1	-1	-1	-1	-1	-1	-1	-1	-1	-1	-1	-1	-1	-1	-1	-1	-1	-1	-1	0	0	0	0	100	100	-1	-1	-1	-1	-1	-1	-1	-1	-1	-1	-1	-1	-1	-1	-1	-1	-1	-1	-1	-1	1	0	1	0	100	100	0	2	29	0	1	41	-1	-1	-1	-1	-1	-1	-1	-1	-1	Q364320	-1	-1	-1	-1
05171	-1	1	0	0	0	100	100	-1	-1	-1	-1	-1	-1	-1	-1	-1	-1	-1	-1	-1	-1	-1	-1	-1	-1	-1	-1	0	0	0	0	100	100	-1	-1	-1	-1	-1	-1	-1	-1	-1	-1	-1	-1	-1	-1	-1	-1	-1	-1	-1	-1	1	1	1	0	100	100	0	2	50	0	1	56	-1	-1	-1	-1	-1	-1	-1	-1	-1	Q364496	-1	-1	-1	-1
05002	-1	0	0	0	0	100	100	-1	-1	-1	-1	-1	-1	-1	-1	-1	-1	-1	-1	-1	-1	-1	-1	-1	-1	-1	-1	0	0	0	0	100	100	-1	-1	-1	-1	-1	-1	-1	-1	-1	-1	-1	-1	-1	-1	-1	-1	-1	-1	-1	-1	1	0	1	0	100	100	0	2	53	0	1	56	-1	-1	-1	-1	-1	-1	-1	-1	-1	Q364460	-1	-1	-1	-1
03012	-1	1	1	1	0	100	100	0	2	30	0	1	41	-1	-1	-1	-1	-1	-1	-1	-1	-1	Q304300	-1	-1	-1	-1	0	0	0	0	100	100	-1	-1	-1	-1	-1	-1	-1	-1	-1	-1	-1	-1	-1	-1	-1	-1	-1	-1	-1	-1	0	0	0	0	100	100	-1	-1	-1	-1	-1	-1	-1	-1	-1	-1	-1	-1	-1	-1	-1	-1	-1	-1	-1	-1
04022	-1	0	0	0	0	100	100	-1	-1	-1	-1	-1	-1	-1	-1	-1	-1	-1	-1	-1	-1	-1	-1	-1	-1	-1	-1	1	1	1	0	100	100	0	2	30	0	1	41	-1	-1	-1	-1	-1	-1	-1	-1	-1	Q334300	-1	-1	-1	-1	0	0	0	0	100	100	-1	-1	-1	-1	-1	-1	-1	-1	-1	-1	-1	-1	-1	-1	-1	-1	-1	-1	-1	-1
05171	-1	0	0	0	0	100	100	-1	-1	-1	-1	-1	-1	-1	-1	-1	-1	-1	-1	-1	-1	-1	-1	-1	-1	-1	-1	0	0	0	0	100	100	-1	-1	-1	-1	-1	-1	-1	-1	-1	-1	-1	-1	-1	-1	-1	-1	-1	-1	-1	-1	1	1	1	0	100	100	0	2	30	0	1	41	-1	-1	-1	-1	-1	-1	-1	-1	-1	Q364300	-1	-1	-1	-1
03010	-1	1	0	1	0	100	100	0	2	19	0	1	31	-1	-1	-1	-1	-1	-1	-1	-1	-1	Q304310	-1	-1	-1	-1	0	0	0	0	100	100	-1	-1	-1	-1	-1	-1	-1	-1	-1	-1	-1	-1	-1	-1	-1	-1	-1	-1	-1	-1	0	0	0	0	100	100	-1	-1	-1	-1	-1	-1	-1	-1	-1	-1	-1	-1	-1	-1	-1	-1	-1	-1	-1	-1
03040	-1	1	0	1	0	100	100	0	2	39	0	1	51	-1	-1	-1	-1	-1	-1	-1	-1	-1	Q304390	-1	-1	-1	-1	0	0	0	0	100	100	-1	-1	-1	-1	-1	-1	-1	-1	-1	-1	-1	-1	-1	-1	-1	-1	-1	-1	-1	-1	0	0	0	0	100	100	-1	-1	-1	-1	-1	-1	-1	-1	-1	-1	-1	-1	-1	-1	-1	-1	-1	-1	-1	-1
221A0	-1	0	1	1	0	100	100	0	2	44	0	1	56	-1	-1	-1	-1	-1	-1	-1	-1	-1	-1	-1	-1	-1	-1	1	1	1	0	100	100	0	2	44	0	1	56	-1	-1	-1	-1	-1	-1	-1	-1	-1	-1	-1	-1	-1	-1	0	0	0	0	100	100	-1	-1	-1	-1	-1	-1	-1	-1	-1	-1	-1	-1	-1	-1	-1	-1	-1	-1	-1	-1
221A1	-1	0	0	0	0	100	100	-1	-1	-1	-1	-1	-1	-1	-1	-1	-1	-1	-1	-1	-1	-1	-1	-1	-1	-1	-1	0	1	1	0	100	100	0	2	44	0	1	56	-1	-1	-1	-1	-1	-1	-1	-1	-1	-1	-1	-1	-1	-1	0	0	0	0	100	100	-1	-1	-1	-1	-1	-1	-1	-1	-1	-1	-1	-1	-1	-1	-1	-1	-1	-1	-1	-1
0A050	-1	0	0	0	0	100	100	-1	-1	-1	-1	-1	-1	-1	-1	-1	-1	-1	-1	-1	-1	-1	-1	-1	-1	-1	-1	0	0	0	0	100	100	-1	-1	-1	-1	-1	-1	-1	-1	-1	-1	-1	-1	-1	-1	-1	-1	-1	-1	-1	-1	1	0	1	0	100	100	0	2	39	0	1	51	-1	-1	-1	-1	-1	-1	-1	-1	-1	Q364375	-1	-1	-1	-1
05050	-1	0	0	0	0	100	100	-1	-1	-1	-1	-1	-1	-1	-1	-1	-1	-1	-1	-1	-1	-1	-1	-1	-1	-1	-1	0	0	0	0	100	100	-1	-1	-1	-1	-1	-1	-1	-1	-1	-1	-1	-1	-1	-1	-1	-1	-1	-1	-1	-1	1	0	1	0	100	100	0	2	44	0	1	56	-1	-1	-1	-1	-1	-1	-1	-1	-1	Q364393	-1	-1	-1	-1
221A2	0	0	0	0	0	100	100	-1	-1	-1	-1	-1	-1	-1	-1	-1	-1	-1	-1	-1	-1	-1	-1	-1	-1	-1	-1	0	0	0	0	100	100	-1	-1	-1	-1	-1	-1	-1	-1	-1	-1	-1	-1	-1	-1	-1	-1	-1	-1	-1	-1	0	1	1	0	100	100	0	2	44	0	1	56	-1	-1	-1	-1	-1	-1	-1	-1	-1	-1	-1	-1	-1	-1
131A7	0	1	1	1	0	100	100	0	2	48	0	1	56	8	1	iyqst01	-1	-1	-1	-1	-1	-1	Q304520	-1	-1	-1	-1	1	1	1	0	100	100	0	2	48	0	1	56	8	1	iyqst01	-1	-1	-1	-1	-1	-1	Q334520	-1	-1	-1	-1	1	1	1	0	100	100	0	2	48	0	1	56	8	1	iyqst01	-1	-1	-1	-1	-1	-1	Q364520	-1	-1	-1	-1
131A7	1	1	1	1	0	100	100	0	2	48	0	1	56	8	1	iyqst02	-1	-1	-1	-1	-1	-1	Q304521	-1	-1	-1	-1	1	1	1	0	100	100	0	2	48	0	1	56	8	1	iyqst02	-1	-1	-1	-1	-1	-1	Q334521	-1	-1	-1	-1	1	1	1	0	100	100	0	2	48	0	1	56	8	1	iyqst02	-1	-1	-1	-1	-1	-1	Q364521	-1	-1	-1	-1
131A7	2	1	1	1	0	100	100	0	2	48	0	1	56	8	1	iyqst03	-1	-1	-1	-1	-1	-1	Q304522	-1	-1	-1	-1	1	1	1	0	100	100	0	2	48	0	1	56	8	1	iyqst03	-1	-1	-1	-1	-1	-1	Q334522	-1	-1	-1	-1	1	1	1	0	100	100	0	2	48	0	1	56	8	1	iyqst03	-1	-1	-1	-1	-1	-1	Q364522	-1	-1	-1	-1
131A7	3	1	1	1	0	100	100	0	2	48	0	1	56	8	1	iyqst04	-1	-1	-1	-1	-1	-1	Q304523	-1	-1	-1	-1	1	1	1	0	100	100	0	2	48	0	1	56	8	1	iyqst04	-1	-1	-1	-1	-1	-1	Q334523	-1	-1	-1	-1	1	1	1	0	100	100	0	2	48	0	1	56	8	1	iyqst04	-1	-1	-1	-1	-1	-1	Q364523	-1	-1	-1	-1
131A7	4	1	1	1	0	100	100	0	2	48	0	1	56	8	1	iyqst05	-1	-1	-1	-1	-1	-1	Q304524	-1	-1	-1	-1	1	1	1	0	100	100	0	2	48	0	1	56	8	1	iyqst05	-1	-1	-1	-1	-1	-1	Q334524	-1	-1	-1	-1	1	1	1	0	100	100	0	2	48	0	1	56	8	1	iyqst05	-1	-1	-1	-1	-1	-1	Q364524	-1	-1	-1	-1
131A7	5	1	1	1	0	100	100	0	2	48	0	1	56	8	1	iyqst06	-1	-1	-1	-1	-1	-1	Q304525	-1	-1	-1	-1	1	1	1	0	100	100	0	2	48	0	1	56	8	1	iyqst06	-1	-1	-1	-1	-1	-1	Q334525	-1	-1	-1	-1	1	1	1	0	100	100	0	2	48	0	1	56	8	1	iyqst06	-1	-1	-1	-1	-1	-1	Q364525	-1	-1	-1	-1
131A7	6	1	1	1	0	100	100	0	2	48	0	1	56	8	1	iyqst07	-1	-1	-1	-1	-1	-1	Q304526	-1	-1	-1	-1	1	1	1	0	100	100	0	2	48	0	1	56	8	1	iyqst07	-1	-1	-1	-1	-1	-1	Q334526	-1	-1	-1	-1	1	1	1	0	100	100	0	2	48	0	1	56	8	1	iyqst07	-1	-1	-1	-1	-1	-1	Q364526	-1	-1	-1	-1
131A7	7	1	1	1	0	100	100	0	2	48	0	1	56	8	1	iyqst08	-1	-1	-1	-1	-1	-1	Q304527	-1	-1	-1	-1	1	1	1	0	100	100	0	2	48	0	1	56	8	1	iyqst08	-1	-1	-1	-1	-1	-1	Q334527	-1	-1	-1	-1	1	1	1	0	100	100	0	2	48	0	1	56	8	1	iyqst08	-1	-1	-1	-1	-1	-1	Q364527	-1	-1	-1	-1
131A7	8	1	1	1	0	100	100	0	2	48	0	1	56	8	1	iyqst09	-1	-1	-1	-1	-1	-1	Q304528	-1	-1	-1	-1	1	1	1	0	100	100	0	2	48	0	1	56	8	1	iyqst09	-1	-1	-1	-1	-1	-1	Q334528	-1	-1	-1	-1	1	1	1	0	100	100	0	2	48	0	1	56	8	1	iyqst09	-1	-1	-1	-1	-1	-1	Q364528	-1	-1	-1	-1
131A7	9	1	1	1	0	100	100	0	2	48	0	1	56	8	1	iyqst10	-1	-1	-1	-1	-1	-1	Q304529	-1	-1	-1	-1	1	1	1	0	100	100	0	2	48	0	1	56	8	1	iyqst10	-1	-1	-1	-1	-1	-1	Q334529	-1	-1	-1	-1	1	1	1	0	100	100	0	2	48	0	1	56	8	1	iyqst10	-1	-1	-1	-1	-1	-1	Q364529	-1	-1	-1	-1