string[64]	dword	dword	dword	dword	dword	dword	dword	dword	dword	string[64]	dword	dword	string[64]	dword	dword	string[64]	dword	dword	string[64]	dword	dword	string[64]	string[64]	string[64]	string[64]	string[64]	string[64]	dword	dword	dword	dword	dword	dword	dword	dword	string[64]	dword	dword	string[64]	dword	dword	string[64]	dword	dword	string[64]	dword	dword	string[64]	string[64]	string[64]	string[64]	string[64]	string[64]	dword	dword	dword	dword	dword	dword	dword	dword	string[64]	dword	dword	string[64]	dword	dword	string[64]	dword	dword	string[64]	dword	dword	string[64]	string[64]	string[64]	string[64]	string[64]	string[64]	END

ei00001	-1	0	0	0	0	100	100	10	15	0	0	0	-1	0	0	0	0	0	0	0	0	0	Q072000	-1	-1	-1	-1	0	0	0	0	0	0	0	0	0	0	0	0	0	0	0	0	0	0	0	0	0	0	0	0	0	0	0	0	0	0	0	0	0	0	0	0	0	0	0	0	0	0	0	0	0	0	0	0	0	0	0	0
ei00002	-1	0	0	0	0	100	100	10	15	0	0	0	-1	0	0	0	0	0	0	0	0	0	-1	-1	-1	-1	-1	0	0	0	0	0	0	0	0	0	0	0	0	0	0	0	0	0	0	0	0	0	0	0	0	0	0	0	0	0	0	0	0	0	0	0	0	0	0	0	0	0	0	0	0	0	0	0	0	0	0	0	0
ei00003	-1	0	0	0	0	100	100	10	15	0	0	0	-1	0	0	0	0	0	0	0	0	0	-1	-1	-1	-1	-1	0	0	0	0	0	0	0	0	0	0	0	0	0	0	0	0	0	0	0	0	0	0	0	0	0	0	0	0	0	0	0	0	0	0	0	0	0	0	0	0	0	0	0	0	0	0	0	0	0	0	0	0
ei00004	-1	0	0	0	0	100	100	10	15	0	0	0	-1	0	0	0	0	0	0	0	0	0	-1	-1	-1	-1	-1	0	0	0	0	0	0	0	0	0	0	0	0	0	0	0	0	0	0	0	0	0	0	0	0	0	0	0	0	0	0	0	0	0	0	0	0	0	0	0	0	0	0	0	0	0	0	0	0	0	0	0	0
ei00005	-1	0	0	0	0	100	100	10	15	0	0	0	-1	0	0	0	0	0	0	0	0	0	Q090001	-1	-1	-1	-1	0	0	0	0	0	0	0	0	0	0	0	0	0	0	0	0	0	0	0	0	0	0	0	0	0	0	0	0	0	0	0	0	0	0	0	0	0	0	0	0	0	0	0	0	0	0	0	0	0	0	0	0
ei00006	-1	0	0	0	0	100	100	10	15	0	0	0	-1	0	0	0	0	0	0	0	0	0	Q090002	-1	-1	-1	-1	0	0	0	0	0	0	0	0	0	0	0	0	0	0	0	0	0	0	0	0	0	0	0	0	0	0	0	0	0	0	0	0	0	0	0	0	0	0	0	0	0	0	0	0	0	0	0	0	0	0	0	0
ei00007	-1	0	0	0	0	100	100	10	15	0	0	0	-1	0	0	0	0	0	0	0	0	0	Q090003	-1	-1	-1	-1	0	0	0	0	0	0	0	0	0	0	0	0	0	0	0	0	0	0	0	0	0	0	0	0	0	0	0	0	0	0	0	0	0	0	0	0	0	0	0	0	0	0	0	0	0	0	0	0	0	0	0	0
ei00008	-1	0	0	0	0	100	100	10	15	0	0	0	-1	0	0	0	0	0	0	0	0	0	Q090004	-1	-1	-1	-1	0	0	0	0	0	0	0	0	0	0	0	0	0	0	0	0	0	0	0	0	0	0	0	0	0	0	0	0	0	0	0	0	0	0	0	0	0	0	0	0	0	0	0	0	0	0	0	0	0	0	0	0
ei00009	-1	0	0	0	0	100	100	10	15	0	0	0	-1	0	0	0	0	0	0	0	0	0	Q090005	-1	-1	-1	-1	0	0	0	0	0	0	0	0	0	0	0	0	0	0	0	0	0	0	0	0	0	0	0	0	0	0	0	0	0	0	0	0	0	0	0	0	0	0	0	0	0	0	0	0	0	0	0	0	0	0	0	0
ei00010	-1	0	0	0	0	100	100	10	15	0	0	0	-1	0	0	0	0	0	0	0	0	0	Q090006	-1	-1	-1	-1	0	0	0	0	0	0	0	0	0	0	0	0	0	0	0	0	0	0	0	0	0	0	0	0	0	0	0	0	0	0	0	0	0	0	0	0	0	0	0	0	0	0	0	0	0	0	0	0	0	0	0	0
ei00011	-1	0	0	0	0	100	100	10	15	0	0	0	-1	0	0	0	0	0	0	0	0	0	Q090007	-1	-1	-1	-1	0	0	0	0	0	0	0	0	0	0	0	0	0	0	0	0	0	0	0	0	0	0	0	0	0	0	0	0	0	0	0	0	0	0	0	0	0	0	0	0	0	0	0	0	0	0	0	0	0	0	0	0
ei00012	-1	0	0	0	0	100	100	10	15	0	0	0	-1	0	0	0	0	0	0	0	0	0	Q090008	-1	-1	-1	-1	0	0	0	0	0	0	0	0	0	0	0	0	0	0	0	0	0	0	0	0	0	0	0	0	0	0	0	0	0	0	0	0	0	0	0	0	0	0	0	0	0	0	0	0	0	0	0	0	0	0	0	0
ei00013	-1	0	0	0	0	100	100	10	15	0	0	0	-1	0	0	0	0	0	0	0	0	0	Q090009	-1	-1	-1	-1	0	0	0	0	0	0	0	0	0	0	0	0	0	0	0	0	0	0	0	0	0	0	0	0	0	0	0	0	0	0	0	0	0	0	0	0	0	0	0	0	0	0	0	0	0	0	0	0	0	0	0	0
ei00014	-1	0	0	0	0	100	100	10	15	0	0	0	-1	0	0	0	0	0	0	0	0	0	Q090020	-1	-1	-1	-1	0	0	0	0	0	0	0	0	0	0	0	0	0	0	0	0	0	0	0	0	0	0	0	0	0	0	0	0	0	0	0	0	0	0	0	0	0	0	0	0	0	0	0	0	0	0	0	0	0	0	0	0
ei00015	-1	0	0	0	0	100	100	10	15	0	0	0	-1	0	0	0	0	0	0	0	0	0	Q090021	-1	-1	-1	-1	0	0	0	0	0	0	0	0	0	0	0	0	0	0	0	0	0	0	0	0	0	0	0	0	0	0	0	0	0	0	0	0	0	0	0	0	0	0	0	0	0	0	0	0	0	0	0	0	0	0	0	0
ei00016	-1	0	0	0	0	100	100	10	15	0	0	0	-1	0	0	0	0	0	0	0	0	0	Q090022	-1	-1	-1	-1	0	0	0	0	0	0	0	0	0	0	0	0	0	0	0	0	0	0	0	0	0	0	0	0	0	0	0	0	0	0	0	0	0	0	0	0	0	0	0	0	0	0	0	0	0	0	0	0	0	0	0	0
ei00017	-1	0	0	0	0	100	100	10	15	0	0	0	-1	0	0	0	0	0	0	0	0	0	Q090023	-1	-1	-1	-1	0	0	0	0	0	0	0	0	0	0	0	0	0	0	0	0	0	0	0	0	0	0	0	0	0	0	0	0	0	0	0	0	0	0	0	0	0	0	0	0	0	0	0	0	0	0	0	0	0	0	0	0
ei00018	-1	0	0	0	0	100	100	10	15	0	0	0	-1	0	0	0	0	0	0	0	0	0	Q090024	-1	-1	-1	-1	0	0	0	0	0	0	0	0	0	0	0	0	0	0	0	0	0	0	0	0	0	0	0	0	0	0	0	0	0	0	0	0	0	0	0	0	0	0	0	0	0	0	0	0	0	0	0	0	0	0	0	0
ei00019	-1	0	0	0	0	100	100	10	15	0	0	0	-1	0	0	0	0	0	0	0	0	0	Q090025	-1	-1	-1	-1	0	0	0	0	0	0	0	0	0	0	0	0	0	0	0	0	0	0	0	0	0	0	0	0	0	0	0	0	0	0	0	0	0	0	0	0	0	0	0	0	0	0	0	0	0	0	0	0	0	0	0	0
ei00020	-1	0	0	0	0	100	100	10	15	0	0	0	-1	0	0	0	0	0	0	0	0	0	Q090026	-1	-1	-1	-1	0	0	0	0	0	0	0	0	0	0	0	0	0	0	0	0	0	0	0	0	0	0	0	0	0	0	0	0	0	0	0	0	0	0	0	0	0	0	0	0	0	0	0	0	0	0	0	0	0	0	0	0
ei00021	-1	0	0	0	0	100	100	10	15	0	0	0	-1	0	0	0	0	0	0	0	0	0	-1	-1	-1	-1	-1	0	0	0	0	0	0	0	0	0	0	0	0	0	0	0	0	0	0	0	0	0	0	0	0	0	0	0	0	0	0	0	0	0	0	0	0	0	0	0	0	0	0	0	0	0	0	0	0	0	0	0	0
ei00022	-1	0	0	0	0	100	100	10	15	0	0	0	-1	0	0	0	0	0	0	0	0	0	-1	-1	-1	-1	-1	0	0	0	0	0	0	0	0	0	0	0	0	0	0	0	0	0	0	0	0	0	0	0	0	0	0	0	0	0	0	0	0	0	0	0	0	0	0	0	0	0	0	0	0	0	0	0	0	0	0	0	0
ei00023	-1	0	0	0	0	100	100	10	15	0	0	0	-1	0	0	0	0	0	0	0	0	0	-1	-1	-1	-1	-1	0	0	0	0	0	0	0	0	0	0	0	0	0	0	0	0	0	0	0	0	0	0	0	0	0	0	0	0	0	0	0	0	0	0	0	0	0	0	0	0	0	0	0	0	0	0	0	0	0	0	0	0
ei00024	-1	0	0	0	0	100	100	10	15	0	0	0	-1	0	0	0	0	0	0	0	0	0	-1	-1	-1	-1	-1	0	0	0	0	0	0	0	0	0	0	0	0	0	0	0	0	0	0	0	0	0	0	0	0	0	0	0	0	0	0	0	0	0	0	0	0	0	0	0	0	0	0	0	0	0	0	0	0	0	0	0	0
ei00025	-1	0	0	0	0	100	100	10	15	0	0	0	-1	0	0	0	0	0	0	0	0	0	-1	-1	-1	-1	-1	0	0	0	0	0	0	0	0	0	0	0	0	0	0	0	0	0	0	0	0	0	0	0	0	0	0	0	0	0	0	0	0	0	0	0	0	0	0	0	0	0	0	0	0	0	0	0	0	0	0	0	0
ei00026	-1	0	0	0	0	100	100	10	15	0	0	0	-1	0	0	0	0	0	0	0	0	0	Q071011	-1	-1	-1	-1	0	0	0	0	0	0	0	0	0	0	0	0	0	0	0	0	0	0	0	0	0	0	0	0	0	0	0	0	0	0	0	0	0	0	0	0	0	0	0	0	0	0	0	0	0	0	0	0	0	0	0	0
ei00027	-1	0	0	0	0	100	100	10	15	0	0	0	-1	0	0	0	0	0	0	0	0	0	Q071012	-1	-1	-1	-1	0	0	0	0	0	0	0	0	0	0	0	0	0	0	0	0	0	0	0	0	0	0	0	0	0	0	0	0	0	0	0	0	0	0	0	0	0	0	0	0	0	0	0	0	0	0	0	0	0	0	0	0
ei00028	-1	0	0	0	0	100	100	10	15	0	0	0	-1	0	0	0	0	0	0	0	0	0	Q071013	-1	-1	-1	-1	0	0	0	0	0	0	0	0	0	0	0	0	0	0	0	0	0	0	0	0	0	0	0	0	0	0	0	0	0	0	0	0	0	0	0	0	0	0	0	0	0	0	0	0	0	0	0	0	0	0	0	0
ei00029	-1	0	0	0	0	100	100	10	15	0	0	0	-1	0	0	0	0	0	0	0	0	0	Q071014	-1	-1	-1	-1	0	0	0	0	0	0	0	0	0	0	0	0	0	0	0	0	0	0	0	0	0	0	0	0	0	0	0	0	0	0	0	0	0	0	0	0	0	0	0	0	0	0	0	0	0	0	0	0	0	0	0	0
ei00030	-1	0	0	0	0	100	100	10	15	0	0	0	-1	0	0	0	0	0	0	0	0	0	Q071005	-1	-1	-1	-1	0	0	0	0	0	0	0	0	0	0	0	0	0	0	0	0	0	0	0	0	0	0	0	0	0	0	0	0	0	0	0	0	0	0	0	0	0	0	0	0	0	0	0	0	0	0	0	0	0	0	0	0
ei00031	-1	0	0	0	0	100	100	10	15	0	0	0	-1	0	0	0	0	0	0	0	0	0	Q071006	-1	-1	-1	-1	0	0	0	0	0	0	0	0	0	0	0	0	0	0	0	0	0	0	0	0	0	0	0	0	0	0	0	0	0	0	0	0	0	0	0	0	0	0	0	0	0	0	0	0	0	0	0	0	0	0	0	0
ei00032	-1	0	0	0	0	100	100	10	15	0	0	0	-1	0	0	0	0	0	0	0	0	0	Q071007	-1	-1	-1	-1	0	0	0	0	0	0	0	0	0	0	0	0	0	0	0	0	0	0	0	0	0	0	0	0	0	0	0	0	0	0	0	0	0	0	0	0	0	0	0	0	0	0	0	0	0	0	0	0	0	0	0	0
ei00033	-1	0	0	0	0	100	100	10	15	0	0	0	-1	0	0	0	0	0	0	0	0	0	Q071008	-1	-1	-1	-1	0	0	0	0	0	0	0	0	0	0	0	0	0	0	0	0	0	0	0	0	0	0	0	0	0	0	0	0	0	0	0	0	0	0	0	0	0	0	0	0	0	0	0	0	0	0	0	0	0	0	0	0
ei00034	-1	0	0	0	0	100	100	10	15	0	0	0	-1	0	0	0	0	0	0	0	0	0	Q071009	-1	-1	-1	-1	0	0	0	0	0	0	0	0	0	0	0	0	0	0	0	0	0	0	0	0	0	0	0	0	0	0	0	0	0	0	0	0	0	0	0	0	0	0	0	0	0	0	0	0	0	0	0	0	0	0	0	0
ei00035	-1	0	0	0	0	100	100	10	15	0	0	0	-1	0	0	0	0	0	0	0	0	0	Q071020	-1	-1	-1	-1	0	0	0	0	0	0	0	0	0	0	0	0	0	0	0	0	0	0	0	0	0	0	0	0	0	0	0	0	0	0	0	0	0	0	0	0	0	0	0	0	0	0	0	0	0	0	0	0	0	0	0	0
ei00036	-1	0	0	0	0	100	100	10	15	0	0	0	-1	0	0	0	0	0	0	0	0	0	Q071021	-1	-1	-1	-1	0	0	0	0	0	0	0	0	0	0	0	0	0	0	0	0	0	0	0	0	0	0	0	0	0	0	0	0	0	0	0	0	0	0	0	0	0	0	0	0	0	0	0	0	0	0	0	0	0	0	0	0
ei00037	-1	0	0	0	0	100	100	10	15	0	0	0	-1	0	0	0	0	0	0	0	0	0	Q071022	-1	-1	-1	-1	0	0	0	0	0	0	0	0	0	0	0	0	0	0	0	0	0	0	0	0	0	0	0	0	0	0	0	0	0	0	0	0	0	0	0	0	0	0	0	0	0	0	0	0	0	0	0	0	0	0	0	0
ei00038	-1	0	0	0	0	100	100	10	15	0	0	0	-1	0	0	0	0	0	0	0	0	0	Q071023	-1	-1	-1	-1	0	0	0	0	0	0	0	0	0	0	0	0	0	0	0	0	0	0	0	0	0	0	0	0	0	0	0	0	0	0	0	0	0	0	0	0	0	0	0	0	0	0	0	0	0	0	0	0	0	0	0	0
ei00039	-1	0	0	0	0	100	100	10	15	0	0	0	-1	0	0	0	0	0	0	0	0	0	Q071024	-1	-1	-1	-1	0	0	0	0	0	0	0	0	0	0	0	0	0	0	0	0	0	0	0	0	0	0	0	0	0	0	0	0	0	0	0	0	0	0	0	0	0	0	0	0	0	0	0	0	0	0	0	0	0	0	0	0
ei00040	-1	0	0	0	0	100	100	10	15	0	0	0	-1	0	0	0	0	0	0	0	0	0	Q071025	-1	-1	-1	-1	0	0	0	0	0	0	0	0	0	0	0	0	0	0	0	0	0	0	0	0	0	0	0	0	0	0	0	0	0	0	0	0	0	0	0	0	0	0	0	0	0	0	0	0	0	0	0	0	0	0	0	0
ei00041	-1	0	0	0	0	100	100	10	15	0	0	0	-1	0	0	0	0	0	0	0	0	0	-1	-1	-1	-1	-1	0	0	0	0	0	0	0	0	0	0	0	0	0	0	0	0	0	0	0	0	0	0	0	0	0	0	0	0	0	0	0	0	0	0	0	0	0	0	0	0	0	0	0	0	0	0	0	0	0	0	0	0
ei00042	-1	0	0	0	0	100	100	10	15	0	0	0	-1	0	0	0	0	0	0	0	0	0	-1	-1	-1	-1	-1	0	0	0	0	0	0	0	0	0	0	0	0	0	0	0	0	0	0	0	0	0	0	0	0	0	0	0	0	0	0	0	0	0	0	0	0	0	0	0	0	0	0	0	0	0	0	0	0	0	0	0	0
ei00043	-1	0	0	0	0	100	100	10	15	0	0	0	-1	0	0	0	0	0	0	0	0	0	-1	-1	-1	-1	-1	0	0	0	0	0	0	0	0	0	0	0	0	0	0	0	0	0	0	0	0	0	0	0	0	0	0	0	0	0	0	0	0	0	0	0	0	0	0	0	0	0	0	0	0	0	0	0	0	0	0	0	0
ei00044	-1	0	0	0	0	100	100	10	15	0	0	0	-1	0	0	0	0	0	0	0	0	0	-1	-1	-1	-1	-1	0	0	0	0	0	0	0	0	0	0	0	0	0	0	0	0	0	0	0	0	0	0	0	0	0	0	0	0	0	0	0	0	0	0	0	0	0	0	0	0	0	0	0	0	0	0	0	0	0	0	0	0
ei00045	-1	0	0	0	0	100	100	10	15	0	0	0	-1	0	0	0	0	0	0	0	0	0	-1	-1	-1	-1	-1	0	0	0	0	0	0	0	0	0	0	0	0	0	0	0	0	0	0	0	0	0	0	0	0	0	0	0	0	0	0	0	0	0	0	0	0	0	0	0	0	0	0	0	0	0	0	0	0	0	0	0	0
ei00046	-1	0	0	0	0	100	100	10	15	0	0	0	-1	0	0	0	0	0	0	0	0	0	Q081011	-1	-1	-1	-1	0	0	0	0	0	0	0	0	0	0	0	0	0	0	0	0	0	0	0	0	0	0	0	0	0	0	0	0	0	0	0	0	0	0	0	0	0	0	0	0	0	0	0	0	0	0	0	0	0	0	0	0
ei00047	-1	0	0	0	0	100	100	10	15	0	0	0	-1	0	0	0	0	0	0	0	0	0	Q081012	-1	-1	-1	-1	0	0	0	0	0	0	0	0	0	0	0	0	0	0	0	0	0	0	0	0	0	0	0	0	0	0	0	0	0	0	0	0	0	0	0	0	0	0	0	0	0	0	0	0	0	0	0	0	0	0	0	0
ei00048	-1	0	0	0	0	100	100	10	15	0	0	0	-1	0	0	0	0	0	0	0	0	0	Q081013	-1	-1	-1	-1	0	0	0	0	0	0	0	0	0	0	0	0	0	0	0	0	0	0	0	0	0	0	0	0	0	0	0	0	0	0	0	0	0	0	0	0	0	0	0	0	0	0	0	0	0	0	0	0	0	0	0	0
ei00049	-1	0	0	0	0	100	100	10	15	0	0	0	-1	0	0	0	0	0	0	0	0	0	Q081014	-1	-1	-1	-1	0	0	0	0	0	0	0	0	0	0	0	0	0	0	0	0	0	0	0	0	0	0	0	0	0	0	0	0	0	0	0	0	0	0	0	0	0	0	0	0	0	0	0	0	0	0	0	0	0	0	0	0
ei00050	-1	0	0	0	0	100	100	10	15	0	0	0	-1	0	0	0	0	0	0	0	0	0	Q081005	-1	-1	-1	-1	0	0	0	0	0	0	0	0	0	0	0	0	0	0	0	0	0	0	0	0	0	0	0	0	0	0	0	0	0	0	0	0	0	0	0	0	0	0	0	0	0	0	0	0	0	0	0	0	0	0	0	0