dword	END
OrderC	
20	
21	
80	
83	
150	
160	
200	
770	
780	
790	
800	
810	
820	
830	
840	
850	
860	
870	
874	
880	
890	
900	
910	
920	
924	
930	
940	
950	
960	
970	
980	
990	
994	
1000	
1010	
1020	
1021	
1030	
1040	
1050	
1060	
1070	
1080	
1090	
1091	
1092	
1093	
1094	
1095	
1100	
1101	
1102	
1103	
1110	
1111	
1112	
1120	
1121	
1122	
1123	
1130	
1131	
1132	
1140	
1141	
1150	
1151	
1152	
1160	
1161	
1170	
1171	
1180	
1181	
1190	
1191	
1192	
1200	
1201	
1202	
1203	
1210	
1211	
1212	
1220	
1221	
1222	
1223	
1230	
1231	
1232	
1238	
1239	
1790	
1791	
1792	
1800	
1801	
1810	
1811	
1820	
1821	
1822	
1830	
1831	
1832	
1900	
1901	
1902	
1903	
1904	
1905	
1906	
1907	
1908	
1909	
2120	
2121	
2122	
2123	
2124	
2125	
2126	
2130	
2131	
2132	
2133	
2134	
2135	
2136	
2137	
2138	
2139	
2140	
2141	
2142	
2143	
2144	
2145	
2146	
2150	
2151	
2152	
2153	
2154	
2155	
2156	
2157	
2160	
2161	
2162	
2163	
2164	
2165	
2166	
2167	
2168	
2170	
2171	
2172	
2173	
2174	
2175	
2176	
2177	
2180	
2181	
2182	
2183	
2184	
2185	
2186	
2187	
2190	
2191	
2192	
2193	
2194	
2195	
2196	
2197	
2198	
2199	
2200	
2201	
2202	
2203	
2204	
2209	
2210	
2211	
2212	
2213	
2214	
2215	
2216	
2217	
2218	
2219	
2220	
2221	
2222	
2223	
2224	
2225	
2226	
2240	
2241	
2242	
2243	
2244	
2245	
2246	
2247	
2250	
2251	
2252	
2253	
2254	
2255	
2256	
2257	
2258	
2259	
2260	
2261	
2262	
2263	
2264	
2265	
2266	
2270	
2271	
2272	
2273	
2274	
2275	
2280	
2281	
2282	
2283	
2284	
2285	
2290	
2291	
2292	
2293	
2294	
2295	
2296	
2300	
2301	
2302	
2303	
2304	
2305	
2306	
2310	
2311	
2312	
2313	
2314	
2315	
2316	
2317	
2318	
2319	
2530	
2560	
2561	
2562	
2563	
2564	
2565	
2566	
2567	
2568	
2569	
2586	
2587	
2588	
2589	
2590	
-268435455	
-268435452	
-268435449	
