string[64]	dword	dword	dword	dword	dword	dword	dword	dword	dword	string[64]	dword	dword	string[64]	dword	dword	string[64]	dword	dword	string[64]	dword	dword	string[64]	string[64]	string[64]	string[64]	string[64]	string[64]	dword	dword	dword	dword	dword	dword	dword	dword	string[64]	dword	dword	string[64]	dword	dword	string[64]	dword	dword	string[64]	dword	dword	string[64]	string[64]	string[64]	string[64]	string[64]	string[64]	dword	dword	dword	dword	dword	dword	dword	dword	string[64]	dword	dword	string[64]	dword	dword	string[64]	dword	dword	string[64]	dword	dword	string[64]	string[64]	string[64]	string[64]	string[64]	string[64]	END

50001	-1	0	0	0	0	100	100	9	0	-1	-1	-1	-1	-1	-1	-1	-1	-1	-1	-1	-1	-1	-1	-1	-1	-1	-1	0	0	0	0	100	100	9	-1	-1	-1	-1	-1	-1	-1	-1	-1	-1	-1	-1	-1	-1	-1	-1	-1	-1	-1	0	0	0	0	100	100	9	0	-1	-1	-1	-1	-1	-1	-1	-1	-1	-1	-1	-1	-1	-1	-1	-1	-1	-1
50002	-1	0	0	0	0	100	100	9	0	-1	12	-1	BSB0	-1	-1	-1	-1	-1	-1	-1	-1	-1	Q203020	-1	-1	-1	-1	0	0	0	0	100	100	9	-1	-1	12	-1	CSB0	-1	-1	-1	-1	-1	-1	-1	-1	-1	Q203020	-1	-1	-1	-1	0	0	0	0	100	100	9	0	-1	12	-1	ASB0	-1	-1	-1	-1	-1	-1	-1	-1	-1	Q203020	-1	-1	-1	-1
50003	-1	0	0	0	0	100	100	9	0	-1	-1	-1	-1	-1	-1	-1	-1	-1	-1	-1	-1	-1	-1	-1	-1	-1	-1	0	0	0	0	100	100	9	-1	-1	-1	-1	-1	-1	-1	-1	-1	-1	-1	-1	-1	-1	-1	-1	-1	-1	-1	0	0	0	0	100	100	9	0	-1	-1	-1	-1	-1	-1	-1	-1	-1	-1	-1	-1	-1	-1	-1	-1	-1	-1
50004	-1	0	0	0	0	100	100	9	0	-1	-1	-1	-1	-1	-1	-1	-1	-1	-1	-1	-1	-1	-1	-1	-1	-1	-1	0	0	0	0	100	100	9	-1	-1	-1	-1	-1	-1	-1	-1	-1	-1	-1	-1	-1	-1	-1	-1	-1	-1	-1	0	0	0	0	100	100	9	0	-1	-1	-1	-1	-1	-1	-1	-1	-1	-1	-1	-1	-1	-1	-1	-1	-1	-1
50005	-1	0	0	0	0	100	100	9	0	-1	-1	-1	-1	-1	-1	-1	-1	-1	-1	-1	-1	-1	-1	-1	-1	-1	-1	0	0	0	0	100	100	9	-1	-1	-1	-1	-1	-1	-1	-1	-1	-1	-1	-1	-1	-1	-1	-1	-1	-1	-1	0	0	0	0	100	100	9	0	-1	-1	-1	-1	-1	-1	-1	-1	-1	-1	-1	-1	-1	-1	-1	-1	-1	-1
50006	-1	0	0	0	0	100	100	9	0	-1	12	-1	BSB0	-1	-1	-1	-1	-1	-1	-1	-1	-1	Q203060	-1	-1	-1	-1	0	0	0	0	100	100	9	-1	-1	12	-1	CSB0	-1	-1	-1	-1	-1	-1	-1	-1	-1	Q203060	-1	-1	-1	-1	0	0	0	0	100	100	9	0	-1	12	-1	ASB0	-1	-1	-1	-1	-1	-1	-1	-1	-1	Q203060	-1	-1	-1	-1
50007	-1	0	0	0	0	100	100	9	0	-1	-1	-1	-1	-1	-1	-1	-1	-1	-1	-1	-1	-1	-1	-1	-1	-1	-1	0	0	0	0	100	100	9	-1	-1	-1	-1	-1	-1	-1	-1	-1	-1	-1	-1	-1	-1	Q203070	-1	-1	-1	-1	0	0	0	0	100	100	9	0	-1	-1	-1	-1	-1	-1	-1	-1	-1	-1	-1	-1	-1	-1	-1	-1	-1	-1
50008	-1	0	0	0	0	100	100	9	0	-1	12	-1	BSB0	-1	-1	-1	-1	-1	-1	-1	-1	-1	Q203080	-1	-1	-1	-1	0	0	0	0	100	100	9	-1	-1	12	-1	CSB0	-1	-1	-1	-1	-1	-1	-1	-1	-1	Q203080	-1	-1	-1	-1	0	0	0	0	100	100	9	0	-1	-1	-1	-1	-1	-1	-1	-1	-1	-1	-1	-1	-1	-1	-1	-1	-1	-1
50009	-1	0	0	0	0	100	100	9	0	-1	-1	-1	-1	-1	-1	-1	-1	-1	-1	-1	-1	-1	-1	-1	-1	-1	-1	0	0	0	0	100	100	9	-1	-1	-1	-1	-1	-1	-1	-1	-1	-1	-1	-1	-1	-1	-1	-1	-1	-1	-1	0	0	0	0	100	100	9	0	-1	-1	-1	-1	-1	-1	-1	-1	-1	-1	-1	-1	-1	-1	-1	-1	-1	-1
50010	-1	0	0	0	0	100	100	9	0	-1	12	-1	BSB0	-1	-1	-1	-1	-1	-1	-1	-1	-1	Q203100	-1	-1	-1	-1	0	0	0	0	100	100	9	-1	-1	12	-1	CSB0	-1	-1	-1	-1	-1	-1	-1	-1	-1	Q203100	-1	-1	-1	-1	0	0	0	0	100	100	9	0	-1	12	-1	ASB0	-1	-1	-1	-1	-1	-1	-1	-1	-1	Q203100	-1	-1	-1	-1
50011	-1	0	0	0	0	100	100	9	0	-1	-1	-1	-1	-1	-1	-1	-1	-1	-1	-1	-1	-1	-1	-1	-1	-1	-1	0	0	0	0	100	100	9	-1	-1	-1	-1	-1	-1	-1	-1	-1	-1	-1	-1	-1	-1	-1	-1	-1	-1	-1	0	0	0	0	100	100	9	0	-1	-1	-1	-1	-1	-1	-1	-1	-1	-1	-1	-1	-1	-1	-1	-1	-1	-1
50012	-1	0	0	0	0	100	100	9	0	-1	12	-1	BSB0	-1	-1	-1	-1	-1	-1	-1	-1	-1	Q203120	-1	-1	-1	-1	0	0	0	0	100	100	9	-1	-1	12	-1	CSB0	-1	-1	-1	-1	-1	-1	-1	-1	-1	Q203120	-1	-1	-1	-1	0	0	0	0	100	100	9	0	-1	12	-1	ASB0	-1	-1	-1	-1	-1	-1	-1	-1	-1	Q203120	-1	-1	-1	-1
50013	-1	0	0	0	0	100	100	9	0	-1	12	-1	BSB0	-1	-1	-1	-1	-1	-1	-1	-1	-1	Q203130	-1	-1	-1	-1	0	0	0	0	100	100	9	-1	-1	-1	-1	-1	-1	-1	-1	-1	-1	-1	-1	-1	-1	Q203130	-1	-1	-1	-1	0	0	0	0	100	100	9	0	-1	-1	-1	-1	-1	-1	-1	-1	-1	-1	-1	-1	-1	-1	-1	-1	-1	-1
50014	-1	0	0	0	0	100	100	9	0	-1	12	-1	BSB0	-1	-1	-1	-1	-1	-1	-1	-1	-1	Q203140	-1	-1	-1	-1	0	0	0	0	100	100	9	-1	-1	12	-1	CSB0	-1	-1	-1	-1	-1	-1	-1	-1	-1	Q203140	-1	-1	-1	-1	0	0	0	0	100	100	9	0	-1	12	-1	ASB0	-1	-1	-1	-1	-1	-1	-1	-1	-1	Q203140	-1	-1	-1	-1
50015	-1	0	0	0	0	100	100	9	0	-1	-1	-1	-1	-1	-1	-1	-1	-1	-1	-1	-1	-1	-1	-1	-1	-1	-1	0	0	0	0	100	100	9	-1	-1	-1	-1	-1	-1	-1	-1	-1	-1	-1	-1	-1	-1	-1	-1	-1	-1	-1	0	0	0	0	100	100	9	0	-1	-1	-1	-1	-1	-1	-1	-1	-1	-1	-1	-1	-1	-1	-1	-1	-1	-1
50016	-1	0	0	0	0	100	100	9	0	-1	12	-1	BSB0	-1	-1	-1	-1	-1	-1	-1	-1	-1	Q203160	-1	-1	-1	-1	0	0	0	0	100	100	9	-1	-1	12	-1	CSB0	-1	-1	-1	-1	-1	-1	-1	-1	-1	Q203160	-1	-1	-1	-1	0	0	0	0	100	100	9	0	-1	12	-1	ASB0	-1	-1	-1	-1	-1	-1	-1	-1	-1	Q203160	-1	-1	-1	-1
50017	-1	0	0	0	0	100	100	9	0	-1	-1	-1	-1	-1	-1	-1	-1	-1	-1	-1	-1	-1	-1	-1	-1	-1	-1	0	0	0	0	100	100	9	-1	-1	-1	-1	-1	-1	-1	-1	-1	-1	-1	-1	-1	-1	-1	-1	-1	-1	-1	0	0	0	0	100	100	9	0	-1	-1	-1	-1	-1	-1	-1	-1	-1	-1	-1	-1	-1	-1	-1	-1	-1	-1
50018	-1	0	0	0	0	100	100	9	0	-1	12	-1	BSB0	-1	-1	-1	-1	-1	-1	-1	-1	-1	Q203180	-1	-1	-1	-1	0	0	0	0	100	100	9	-1	-1	12	-1	CSB0	-1	-1	-1	-1	-1	-1	-1	-1	-1	Q203180	-1	-1	-1	-1	0	0	0	0	100	100	9	0	-1	12	-1	ASB0	-1	-1	-1	-1	-1	-1	-1	-1	-1	Q203180	-1	-1	-1	-1
50019	-1	0	0	0	0	100	100	9	0	-1	-1	-1	-1	-1	-1	-1	-1	-1	-1	-1	-1	-1	-1	-1	-1	-1	-1	0	0	0	0	100	100	9	-1	-1	-1	-1	-1	-1	-1	-1	-1	-1	-1	-1	-1	-1	-1	-1	-1	-1	-1	0	0	0	0	100	100	9	0	-1	-1	-1	-1	-1	-1	-1	-1	-1	-1	-1	-1	-1	-1	-1	-1	-1	-1
50020	-1	0	0	0	0	100	100	9	0	-1	12	-1	BSB0	-1	-1	-1	-1	-1	-1	-1	-1	-1	Q203200	-1	-1	-1	-1	0	0	0	0	100	100	9	-1	-1	12	-1	CSB0	-1	-1	-1	-1	-1	-1	-1	-1	-1	Q203200	-1	-1	-1	-1	0	0	0	0	100	100	9	0	-1	12	-1	ASB0	-1	-1	-1	-1	-1	-1	-1	-1	-1	Q203200	-1	-1	-1	-1
50021	-1	0	0	0	0	100	100	9	0	-1	-1	-1	-1	-1	-1	-1	-1	-1	-1	-1	-1	-1	-1	-1	-1	-1	-1	0	0	0	0	100	100	9	-1	-1	-1	-1	-1	-1	-1	-1	-1	-1	-1	-1	-1	-1	-1	-1	-1	-1	-1	0	0	0	0	100	100	9	0	-1	-1	-1	-1	-1	-1	-1	-1	-1	-1	-1	-1	-1	-1	-1	-1	-1	-1
50022	-1	0	0	0	0	100	100	9	0	-1	12	-1	BSB0	-1	-1	-1	-1	-1	-1	-1	-1	-1	Q203220	-1	-1	-1	-1	0	0	0	0	100	100	9	-1	-1	12	-1	CSB0	-1	-1	-1	-1	-1	-1	-1	-1	-1	Q203220	-1	-1	-1	-1	0	0	0	0	100	100	9	0	-1	12	-1	ASB0	-1	-1	-1	-1	-1	-1	-1	-1	-1	Q203220	-1	-1	-1	-1
50023	-1	0	0	0	0	100	100	9	0	-1	12	-1	BSB0	-1	-1	-1	-1	-1	-1	-1	-1	-1	Q203230	-1	-1	-1	-1	0	0	0	0	100	100	9	-1	-1	12	-1	CSB0	-1	-1	-1	-1	-1	-1	-1	-1	-1	Q203230	-1	-1	-1	-1	0	0	0	0	100	100	9	0	-1	12	-1	ASB0	-1	-1	-1	-1	-1	-1	-1	-1	-1	Q203230	-1	-1	-1	-1
50024	-1	0	0	0	0	100	100	9	0	-1	-1	-1	-1	-1	-1	-1	-1	-1	-1	-1	-1	-1	-1	-1	-1	-1	-1	0	0	0	0	100	100	9	-1	-1	-1	-1	-1	-1	-1	-1	-1	-1	-1	-1	-1	-1	-1	-1	-1	-1	-1	0	0	0	0	100	100	9	0	-1	-1	-1	-1	-1	-1	-1	-1	-1	-1	-1	-1	-1	-1	-1	-1	-1	-1
50025	-1	0	0	0	0	100	100	9	0	-1	12	-1	BSB0	-1	-1	-1	-1	-1	-1	-1	-1	-1	Q203250	-1	-1	-1	-1	0	0	0	0	100	100	9	-1	-1	12	-1	CSB0	-1	-1	-1	-1	-1	-1	-1	-1	-1	Q203250	-1	-1	-1	-1	0	0	0	0	100	100	9	0	-1	12	-1	ASB0	-1	-1	-1	-1	-1	-1	-1	-1	-1	Q203250	-1	-1	-1	-1
50026	-1	0	0	0	0	100	100	9	0	-1	-1	-1	-1	-1	-1	-1	-1	-1	-1	-1	-1	-1	-1	-1	-1	-1	-1	0	0	0	0	100	100	9	-1	-1	-1	-1	-1	-1	-1	-1	-1	-1	-1	-1	-1	-1	-1	-1	-1	-1	-1	0	0	0	0	100	100	9	0	-1	-1	-1	-1	-1	-1	-1	-1	-1	-1	-1	-1	-1	-1	-1	-1	-1	-1
50027	-1	0	0	0	0	100	100	9	0	-1	12	-1	BSB0	-1	-1	-1	-1	-1	-1	-1	-1	-1	Q203270	-1	-1	-1	-1	0	0	0	0	100	100	9	-1	-1	12	-1	CSB0	-1	-1	-1	-1	-1	-1	-1	-1	-1	Q203270	-1	-1	-1	-1	0	0	0	0	100	100	9	0	-1	12	-1	ASB0	-1	-1	-1	-1	-1	-1	-1	-1	-1	Q203270	-1	-1	-1	-1
50028	-1	0	0	0	0	100	100	9	0	-1	-1	-1	-1	-1	-1	-1	-1	-1	-1	-1	-1	-1	-1	-1	-1	-1	-1	0	0	0	0	100	100	9	-1	-1	-1	-1	-1	-1	-1	-1	-1	-1	-1	-1	-1	-1	-1	-1	-1	-1	-1	0	0	0	0	100	100	9	0	-1	-1	-1	-1	-1	-1	-1	-1	-1	-1	-1	-1	-1	-1	-1	-1	-1	-1
50029	-1	0	0	0	0	100	100	9	0	-1	12	-1	BSB0	-1	-1	-1	-1	-1	-1	-1	-1	-1	Q203290	-1	-1	-1	-1	0	0	0	0	100	100	9	-1	-1	12	-1	CSB0	-1	-1	-1	-1	-1	-1	-1	-1	-1	Q203290	-1	-1	-1	-1	0	0	0	0	100	100	9	0	-1	12	-1	ASB0	-1	-1	-1	-1	-1	-1	-1	-1	-1	Q203290	-1	-1	-1	-1
50030	-1	0	0	0	0	100	100	9	0	-1	12	-1	BSB0	-1	-1	-1	-1	-1	-1	-1	-1	-1	Q203300	-1	-1	-1	-1	0	0	0	0	100	100	9	-1	-1	12	-1	CSB0	-1	-1	-1	-1	-1	-1	-1	-1	-1	Q203300	-1	-1	-1	-1	0	0	0	0	100	100	9	0	-1	12	-1	ASB0	-1	-1	-1	-1	-1	-1	-1	-1	-1	Q203300	-1	-1	-1	-1
50031	-1	0	0	0	0	100	100	9	0	-1	-1	-1	-1	-1	-1	-1	-1	-1	-1	-1	-1	-1	-1	-1	-1	-1	-1	0	0	0	0	100	100	9	-1	-1	-1	-1	-1	-1	-1	-1	-1	-1	-1	-1	-1	-1	-1	-1	-1	-1	-1	0	0	0	0	100	100	9	0	-1	-1	-1	-1	-1	-1	-1	-1	-1	-1	-1	-1	-1	-1	-1	-1	-1	-1
50032	-1	0	0	0	0	100	100	9	0	-1	-1	-1	-1	-1	-1	-1	-1	-1	-1	-1	-1	-1	-1	-1	-1	-1	-1	0	0	0	0	100	100	9	-1	-1	-1	-1	-1	-1	-1	-1	-1	-1	-1	-1	-1	-1	-1	-1	-1	-1	-1	0	0	0	0	100	100	9	0	-1	-1	-1	-1	-1	-1	-1	-1	-1	-1	-1	-1	-1	-1	-1	-1	-1	-1
50033	-1	0	0	0	0	100	100	9	0	-1	12	-1	BSB0	-1	-1	-1	-1	-1	-1	-1	-1	-1	Q203330	-1	-1	-1	-1	0	0	0	0	100	100	9	-1	-1	12	-1	CSB0	-1	-1	-1	-1	-1	-1	-1	-1	-1	Q203330	-1	-1	-1	-1	0	0	0	0	100	100	9	0	-1	12	-1	ASB0	-1	-1	-1	-1	-1	-1	-1	-1	-1	Q203330	-1	-1	-1	-1
50034	-1	0	0	0	0	100	100	9	0	-1	-1	-1	-1	-1	-1	-1	-1	-1	-1	-1	-1	-1	-1	-1	-1	-1	-1	0	0	0	0	100	100	9	-1	-1	-1	-1	-1	-1	-1	-1	-1	-1	-1	-1	-1	-1	-1	-1	-1	-1	-1	0	0	0	0	100	100	9	0	-1	-1	-1	-1	-1	-1	-1	-1	-1	-1	-1	-1	-1	-1	-1	-1	-1	-1
50035	-1	0	0	0	0	100	100	9	0	-1	-1	-1	-1	-1	-1	-1	-1	-1	-1	-1	-1	-1	-1	-1	-1	-1	-1	0	0	0	0	100	100	9	-1	-1	-1	-1	-1	-1	-1	-1	-1	-1	-1	-1	-1	-1	-1	-1	-1	-1	-1	0	0	0	0	100	100	9	0	-1	-1	-1	-1	-1	-1	-1	-1	-1	-1	-1	-1	-1	-1	-1	-1	-1	-1
50036	-1	0	0	0	0	100	100	9	0	-1	12	-1	BSB0	-1	-1	-1	-1	-1	-1	-1	-1	-1	Q203360	-1	-1	-1	-1	0	0	0	0	100	100	9	-1	-1	12	-1	CSB0	-1	-1	-1	-1	-1	-1	-1	-1	-1	Q203360	-1	-1	-1	-1	0	0	0	0	100	100	9	0	-1	12	-1	ASB0	-1	-1	-1	-1	-1	-1	-1	-1	-1	Q203360	-1	-1	-1	-1
50037	-1	0	0	0	0	100	100	9	0	-1	12	-1	BSB0	-1	-1	-1	-1	-1	-1	-1	-1	-1	Q203370	-1	-1	-1	-1	0	0	0	0	100	100	9	-1	-1	12	-1	CSB0	-1	-1	-1	-1	-1	-1	-1	-1	-1	Q203370	-1	-1	-1	-1	0	0	0	0	100	100	9	0	-1	12	-1	ASB0	-1	-1	-1	-1	-1	-1	-1	-1	-1	Q203370	-1	-1	-1	-1
50038	-1	0	0	0	0	100	100	9	0	-1	-1	-1	-1	-1	-1	-1	-1	-1	-1	-1	-1	-1	-1	-1	-1	-1	-1	0	0	0	0	100	100	9	-1	-1	-1	-1	-1	-1	-1	-1	-1	-1	-1	-1	-1	-1	-1	-1	-1	-1	-1	0	0	0	0	100	100	9	0	-1	-1	-1	-1	-1	-1	-1	-1	-1	-1	-1	-1	-1	-1	-1	-1	-1	-1
50039	-1	0	0	0	0	100	100	9	0	-1	-1	-1	-1	-1	-1	-1	-1	-1	-1	-1	-1	-1	-1	-1	-1	-1	-1	0	0	0	0	100	100	9	-1	-1	-1	-1	-1	-1	-1	-1	-1	-1	-1	-1	-1	-1	-1	-1	-1	-1	-1	0	0	0	0	100	100	9	0	-1	-1	-1	-1	-1	-1	-1	-1	-1	-1	-1	-1	-1	-1	-1	-1	-1	-1
50040	-1	0	0	0	0	100	100	9	0	-1	-1	-1	-1	-1	-1	-1	-1	-1	-1	-1	-1	-1	-1	-1	-1	-1	-1	0	0	0	0	100	100	9	-1	-1	-1	-1	-1	-1	-1	-1	-1	-1	-1	-1	-1	-1	-1	-1	-1	-1	-1	0	0	0	0	100	100	9	0	-1	-1	-1	-1	-1	-1	-1	-1	-1	-1	-1	-1	-1	-1	-1	-1	-1	-1
50041	-1	0	0	0	0	100	100	9	0	-1	12	-1	BSB0	-1	-1	-1	-1	-1	-1	-1	-1	-1	Q203410	-1	-1	-1	-1	0	0	0	0	100	100	9	-1	-1	12	-1	CSB0	-1	-1	-1	-1	-1	-1	-1	-1	-1	Q203410	-1	-1	-1	-1	0	0	0	0	100	100	9	0	-1	12	-1	ASB0	-1	-1	-1	-1	-1	-1	-1	-1	-1	Q203410	-1	-1	-1	-1
50042	-1	0	0	0	0	100	100	9	0	-1	-1	-1	-1	-1	-1	-1	-1	-1	-1	-1	-1	-1	-1	-1	-1	-1	-1	0	0	0	0	100	100	9	-1	-1	-1	-1	-1	-1	-1	-1	-1	-1	-1	-1	-1	-1	-1	-1	-1	-1	-1	0	0	0	0	100	100	9	0	-1	-1	-1	-1	-1	-1	-1	-1	-1	-1	-1	-1	-1	-1	-1	-1	-1	-1
50043	-1	0	0	0	0	100	100	9	0	-1	12	-1	BSB0	-1	-1	-1	-1	-1	-1	-1	-1	-1	Q203430	-1	-1	-1	-1	0	0	0	0	100	100	9	-1	-1	12	-1	CSB0	-1	-1	-1	-1	-1	-1	-1	-1	-1	Q203430	-1	-1	-1	-1	0	0	0	0	100	100	9	0	-1	12	-1	ASB0	-1	-1	-1	-1	-1	-1	-1	-1	-1	Q203430	-1	-1	-1	-1
50044	-1	0	0	0	0	100	100	9	0	-1	12	-1	BSB0	-1	-1	-1	-1	-1	-1	-1	-1	-1	Q203440	-1	-1	-1	-1	0	0	0	0	100	100	9	-1	-1	12	-1	CSB0	-1	-1	-1	-1	-1	-1	-1	-1	-1	Q203440	-1	-1	-1	-1	0	0	0	0	100	100	9	0	-1	12	-1	ASB0	-1	-1	-1	-1	-1	-1	-1	-1	-1	Q203440	-1	-1	-1	-1
50045	-1	0	0	0	0	100	100	9	0	-1	12	-1	BSB0	-1	-1	-1	-1	-1	-1	-1	-1	-1	Q203450	-1	-1	-1	-1	0	0	0	0	100	100	9	-1	-1	12	-1	CSB0	-1	-1	-1	-1	-1	-1	-1	-1	-1	Q203450	-1	-1	-1	-1	0	0	0	0	100	100	9	0	-1	12	-1	ASB0	-1	-1	-1	-1	-1	-1	-1	-1	-1	Q203450	-1	-1	-1	-1
50046	-1	0	0	0	0	100	100	9	0	-1	-1	-1	-1	-1	-1	-1	-1	-1	-1	-1	-1	-1	-1	-1	-1	-1	-1	0	0	0	0	100	100	9	-1	-1	-1	-1	-1	-1	-1	-1	-1	-1	-1	-1	-1	-1	-1	-1	-1	-1	-1	0	0	0	0	100	100	9	0	-1	-1	-1	-1	-1	-1	-1	-1	-1	-1	-1	-1	-1	-1	-1	-1	-1	-1
50047	-1	0	0	0	0	100	100	9	0	-1	12	-1	BSB0	-1	-1	-1	-1	-1	-1	-1	-1	-1	Q203470	-1	-1	-1	-1	0	0	0	0	100	100	9	-1	-1	12	-1	CSB0	-1	-1	-1	-1	-1	-1	-1	-1	-1	Q203470	-1	-1	-1	-1	0	0	0	0	100	100	9	0	-1	12	-1	ASB0	-1	-1	-1	-1	-1	-1	-1	-1	-1	Q203470	-1	-1	-1	-1
50048	-1	0	0	0	0	100	100	9	0	-1	-1	-1	-1	-1	-1	-1	-1	-1	-1	-1	-1	-1	-1	-1	-1	-1	-1	0	0	0	0	100	100	9	-1	-1	-1	-1	-1	-1	-1	-1	-1	-1	-1	-1	-1	-1	-1	-1	-1	-1	-1	0	0	0	0	100	100	9	0	-1	-1	-1	-1	-1	-1	-1	-1	-1	-1	-1	-1	-1	-1	-1	-1	-1	-1
50049	-1	0	0	0	0	100	100	9	0	-1	-1	-1	-1	-1	-1	-1	-1	-1	-1	-1	-1	-1	-1	-1	-1	-1	-1	0	0	0	0	100	100	9	-1	-1	-1	-1	-1	-1	-1	-1	-1	-1	-1	-1	-1	-1	-1	-1	-1	-1	-1	0	0	0	0	100	100	9	0	-1	-1	-1	-1	-1	-1	-1	-1	-1	-1	-1	-1	-1	-1	-1	-1	-1	-1
50050	-1	0	0	0	0	100	100	9	0	-1	12	-1	BSB0	-1	-1	-1	-1	-1	-1	-1	-1	-1	Q203500	-1	-1	-1	-1	0	0	0	0	100	100	9	-1	-1	12	-1	CSB0	-1	-1	-1	-1	-1	-1	-1	-1	-1	Q203500	-1	-1	-1	-1	0	0	0	0	100	100	9	0	-1	12	-1	ASB0	-1	-1	-1	-1	-1	-1	-1	-1	-1	Q203500	-1	-1	-1	-1
50051	-1	0	0	0	0	100	100	9	0	-1	-1	-1	-1	-1	-1	-1	-1	-1	-1	-1	-1	-1	-1	-1	-1	-1	-1	0	0	0	0	100	100	9	-1	-1	-1	-1	-1	-1	-1	-1	-1	-1	-1	-1	-1	-1	-1	-1	-1	-1	-1	0	0	0	0	100	100	9	0	-1	-1	-1	-1	-1	-1	-1	-1	-1	-1	-1	-1	-1	-1	-1	-1	-1	-1
50052	-1	0	0	0	0	100	100	9	0	-1	-1	-1	-1	-1	-1	-1	-1	-1	-1	-1	-1	-1	-1	-1	-1	-1	-1	0	0	0	0	100	100	9	-1	-1	-1	-1	-1	-1	-1	-1	-1	-1	-1	-1	-1	-1	-1	-1	-1	-1	-1	0	0	0	0	100	100	9	0	-1	-1	-1	-1	-1	-1	-1	-1	-1	-1	-1	-1	-1	-1	-1	-1	-1	-1
50053	-1	0	0	0	0	100	100	9	0	-1	-1	-1	-1	-1	-1	-1	-1	-1	-1	-1	-1	-1	-1	-1	-1	-1	-1	0	0	0	0	100	100	9	-1	-1	-1	-1	-1	-1	-1	-1	-1	-1	-1	-1	-1	-1	-1	-1	-1	-1	-1	0	0	0	0	100	100	9	0	-1	-1	-1	-1	-1	-1	-1	-1	-1	-1	-1	-1	-1	-1	-1	-1	-1	-1
50054	-1	0	0	0	0	100	100	9	0	-1	12	-1	BSB0	-1	-1	-1	-1	-1	-1	-1	-1	-1	Q203540	-1	-1	-1	-1	0	0	0	0	100	100	9	-1	-1	12	-1	CSB0	-1	-1	-1	-1	-1	-1	-1	-1	-1	Q203540	-1	-1	-1	-1	0	0	0	0	100	100	9	0	-1	12	-1	ASB0	-1	-1	-1	-1	-1	-1	-1	-1	-1	Q203540	-1	-1	-1	-1
50055	-1	0	0	0	0	100	100	9	0	-1	-1	-1	-1	-1	-1	-1	-1	-1	-1	-1	-1	-1	-1	-1	-1	-1	-1	0	0	0	0	100	100	9	-1	-1	-1	-1	-1	-1	-1	-1	-1	-1	-1	-1	-1	-1	-1	-1	-1	-1	-1	0	0	0	0	100	100	9	0	-1	-1	-1	-1	-1	-1	-1	-1	-1	-1	-1	-1	-1	-1	-1	-1	-1	-1
50056	-1	0	0	0	0	100	100	9	0	-1	-1	-1	-1	-1	-1	-1	-1	-1	-1	-1	-1	-1	-1	-1	-1	-1	-1	0	0	0	0	100	100	9	-1	-1	-1	-1	-1	-1	-1	-1	-1	-1	-1	-1	-1	-1	-1	-1	-1	-1	-1	0	0	0	0	100	100	9	0	-1	-1	-1	-1	-1	-1	-1	-1	-1	-1	-1	-1	-1	-1	-1	-1	-1	-1
50057	-1	0	0	0	0	100	100	9	0	-1	-1	-1	-1	-1	-1	-1	-1	-1	-1	-1	-1	-1	-1	-1	-1	-1	-1	0	0	0	0	100	100	9	-1	-1	-1	-1	-1	-1	-1	-1	-1	-1	-1	-1	-1	-1	-1	-1	-1	-1	-1	0	0	0	0	100	100	9	0	-1	-1	-1	-1	-1	-1	-1	-1	-1	-1	-1	-1	-1	-1	-1	-1	-1	-1
50058	-1	0	0	0	0	100	100	9	0	-1	-1	-1	-1	-1	-1	-1	-1	-1	-1	-1	-1	-1	-1	-1	-1	-1	-1	0	0	0	0	100	100	9	-1	-1	-1	-1	-1	-1	-1	-1	-1	-1	-1	-1	-1	-1	-1	-1	-1	-1	-1	0	0	0	0	100	100	9	0	-1	-1	-1	-1	-1	-1	-1	-1	-1	-1	-1	-1	-1	-1	-1	-1	-1	-1
50059	-1	0	0	0	0	100	100	9	0	-1	-1	-1	-1	-1	-1	-1	-1	-1	-1	-1	-1	-1	-1	-1	-1	-1	-1	0	0	0	0	100	100	9	-1	-1	-1	-1	-1	-1	-1	-1	-1	-1	-1	-1	-1	-1	-1	-1	-1	-1	-1	0	0	0	0	100	100	9	0	-1	-1	-1	-1	-1	-1	-1	-1	-1	-1	-1	-1	-1	-1	-1	-1	-1	-1
50060	-1	0	0	0	0	100	100	9	0	-1	12	-1	BSB0	-1	-1	-1	-1	-1	-1	-1	-1	-1	Q203600	-1	-1	-1	-1	0	0	0	0	100	100	9	-1	-1	12	-1	CSB0	-1	-1	-1	-1	-1	-1	-1	-1	-1	Q203600	-1	-1	-1	-1	0	0	0	0	100	100	9	0	-1	12	-1	ASB0	-1	-1	-1	-1	-1	-1	-1	-1	-1	Q203600	-1	-1	-1	-1
50061	-1	0	0	0	0	100	100	9	0	-1	12	-1	BSB0	-1	-1	-1	-1	-1	-1	-1	-1	-1	Q203610	-1	-1	-1	-1	0	0	0	0	100	100	9	-1	-1	12	-1	CSB0	-1	-1	-1	-1	-1	-1	-1	-1	-1	Q203610	-1	-1	-1	-1	0	0	0	0	100	100	9	0	-1	12	-1	ASB0	-1	-1	-1	-1	-1	-1	-1	-1	-1	Q203610	-1	-1	-1	-1
50062	-1	0	0	0	0	100	100	9	0	-1	-1	-1	-1	-1	-1	-1	-1	-1	-1	-1	-1	-1	-1	-1	-1	-1	-1	0	0	0	0	100	100	9	-1	-1	-1	-1	-1	-1	-1	-1	-1	-1	-1	-1	-1	-1	-1	-1	-1	-1	-1	0	0	0	0	100	100	9	0	-1	-1	-1	-1	-1	-1	-1	-1	-1	-1	-1	-1	-1	-1	-1	-1	-1	-1
50063	-1	0	0	0	0	100	100	9	0	-1	-1	-1	-1	-1	-1	-1	-1	-1	-1	-1	-1	-1	-1	-1	-1	-1	-1	0	0	0	0	100	100	9	-1	-1	-1	-1	-1	-1	-1	-1	-1	-1	-1	-1	-1	-1	-1	-1	-1	-1	-1	0	0	0	0	100	100	9	0	-1	-1	-1	-1	-1	-1	-1	-1	-1	-1	-1	-1	-1	-1	-1	-1	-1	-1
50064	-1	0	0	0	0	100	100	9	0	-1	-1	-1	-1	-1	-1	-1	-1	-1	-1	-1	-1	-1	-1	-1	-1	-1	-1	0	0	0	0	100	100	9	-1	-1	-1	-1	-1	-1	-1	-1	-1	-1	-1	-1	-1	-1	-1	-1	-1	-1	-1	0	0	0	0	100	100	9	0	-1	-1	-1	-1	-1	-1	-1	-1	-1	-1	-1	-1	-1	-1	-1	-1	-1	-1
50065	-1	0	0	0	0	100	100	9	0	-1	12	-1	BSB0	-1	-1	-1	-1	-1	-1	-1	-1	-1	Q203650	-1	-1	-1	-1	0	0	0	0	100	100	9	-1	-1	12	-1	CSB0	-1	-1	-1	-1	-1	-1	-1	-1	-1	Q203650	-1	-1	-1	-1	0	0	0	0	100	100	9	0	-1	12	-1	ASB0	-1	-1	-1	-1	-1	-1	-1	-1	-1	Q203650	-1	-1	-1	-1
50066	-1	0	0	0	0	100	100	9	0	-1	12	-1	BSB0	-1	-1	-1	-1	-1	-1	-1	-1	-1	Q203660	-1	-1	-1	-1	0	0	0	0	100	100	9	-1	-1	12	-1	CSB0	-1	-1	-1	-1	-1	-1	-1	-1	-1	Q203660	-1	-1	-1	-1	0	0	0	0	100	100	9	0	-1	12	-1	ASB0	-1	-1	-1	-1	-1	-1	-1	-1	-1	Q203660	-1	-1	-1	-1
50067	-1	0	0	0	0	100	100	9	0	-1	-1	-1	-1	-1	-1	-1	-1	-1	-1	-1	-1	-1	-1	-1	-1	-1	-1	0	0	0	0	100	100	9	-1	-1	-1	-1	-1	-1	-1	-1	-1	-1	-1	-1	-1	-1	-1	-1	-1	-1	-1	0	0	0	0	100	100	9	0	-1	-1	-1	-1	-1	-1	-1	-1	-1	-1	-1	-1	-1	-1	-1	-1	-1	-1
50068	-1	0	0	0	0	100	100	9	0	-1	-1	-1	-1	-1	-1	-1	-1	-1	-1	-1	-1	-1	-1	-1	-1	-1	-1	0	0	0	0	100	100	9	-1	-1	-1	-1	-1	-1	-1	-1	-1	-1	-1	-1	-1	-1	-1	-1	-1	-1	-1	0	0	0	0	100	100	9	0	-1	-1	-1	-1	-1	-1	-1	-1	-1	-1	-1	-1	-1	-1	-1	-1	-1	-1
50069	-1	0	0	0	0	100	100	9	0	-1	-1	-1	-1	-1	-1	-1	-1	-1	-1	-1	-1	-1	-1	-1	-1	-1	-1	0	0	0	0	100	100	9	-1	-1	-1	-1	-1	-1	-1	-1	-1	-1	-1	-1	-1	-1	-1	-1	-1	-1	-1	0	0	0	0	100	100	9	0	-1	-1	-1	-1	-1	-1	-1	-1	-1	-1	-1	-1	-1	-1	-1	-1	-1	-1
50070	-1	0	0	0	0	100	100	9	0	-1	12	-1	BSB0	-1	-1	-1	-1	-1	-1	-1	-1	-1	Q203700	-1	-1	-1	-1	0	0	0	0	100	100	9	-1	-1	12	-1	CSB0	-1	-1	-1	-1	-1	-1	-1	-1	-1	Q203700	-1	-1	-1	-1	0	0	0	0	100	100	9	0	-1	12	-1	ASB0	-1	-1	-1	-1	-1	-1	-1	-1	-1	Q203700	-1	-1	-1	-1
50071	-1	0	0	0	0	100	100	9	0	-1	-1	-1	-1	-1	-1	-1	-1	-1	-1	-1	-1	-1	-1	-1	-1	-1	-1	0	0	0	0	100	100	9	-1	-1	-1	-1	-1	-1	-1	-1	-1	-1	-1	-1	-1	-1	-1	-1	-1	-1	-1	0	0	0	0	100	100	9	0	-1	-1	-1	-1	-1	-1	-1	-1	-1	-1	-1	-1	-1	-1	-1	-1	-1	-1
50072	-1	0	0	0	0	100	100	9	0	-1	-1	-1	-1	-1	-1	-1	-1	-1	-1	-1	-1	-1	-1	-1	-1	-1	-1	0	0	0	0	100	100	9	-1	-1	-1	-1	-1	-1	-1	-1	-1	-1	-1	-1	-1	-1	-1	-1	-1	-1	-1	0	0	0	0	100	100	9	0	-1	-1	-1	-1	-1	-1	-1	-1	-1	-1	-1	-1	-1	-1	-1	-1	-1	-1
50073	-1	0	0	0	0	100	100	9	0	-1	12	-1	BSB0	-1	-1	-1	-1	-1	-1	-1	-1	-1	Q203730	-1	-1	-1	-1	0	0	0	0	100	100	9	-1	-1	12	-1	CSB0	-1	-1	-1	-1	-1	-1	-1	-1	-1	Q203730	-1	-1	-1	-1	0	0	0	0	100	100	9	0	-1	12	-1	ASB0	-1	-1	-1	-1	-1	-1	-1	-1	-1	Q203730	-1	-1	-1	-1
50074	-1	0	0	0	0	100	100	9	0	-1	12	-1	BSB0	-1	-1	-1	-1	-1	-1	-1	-1	-1	Q203740	-1	-1	-1	-1	0	0	0	0	100	100	9	-1	-1	12	-1	CSB0	-1	-1	-1	-1	-1	-1	-1	-1	-1	Q203740	-1	-1	-1	-1	0	0	0	0	100	100	9	0	-1	12	-1	ASB0	-1	-1	-1	-1	-1	-1	-1	-1	-1	Q203740	-1	-1	-1	-1
50075	-1	0	0	0	0	100	100	9	0	-1	-1	-1	-1	-1	-1	-1	-1	-1	-1	-1	-1	-1	-1	-1	-1	-1	-1	0	0	0	0	100	100	9	-1	-1	-1	-1	-1	-1	-1	-1	-1	-1	-1	-1	-1	-1	-1	-1	-1	-1	-1	0	0	0	0	100	100	9	0	-1	-1	-1	-1	-1	-1	-1	-1	-1	-1	-1	-1	-1	-1	-1	-1	-1	-1
50076	-1	0	0	0	0	100	100	9	0	-1	12	-1	BSB0	-1	-1	-1	-1	-1	-1	-1	-1	-1	Q203760	-1	-1	-1	-1	0	0	0	0	100	100	9	-1	-1	12	-1	CSB0	-1	-1	-1	-1	-1	-1	-1	-1	-1	Q203760	-1	-1	-1	-1	0	0	0	0	100	100	9	0	-1	12	-1	ASB0	-1	-1	-1	-1	-1	-1	-1	-1	-1	Q203760	-1	-1	-1	-1
50077	-1	0	0	0	0	100	100	9	0	-1	-1	-1	-1	-1	-1	-1	-1	-1	-1	-1	-1	-1	-1	-1	-1	-1	-1	0	0	0	0	100	100	9	-1	-1	-1	-1	-1	-1	-1	-1	-1	-1	-1	-1	-1	-1	-1	-1	-1	-1	-1	0	0	0	0	100	100	9	0	-1	-1	-1	-1	-1	-1	-1	-1	-1	-1	-1	-1	-1	-1	-1	-1	-1	-1
50078	-1	0	0	0	0	100	100	9	0	-1	-1	-1	-1	-1	-1	-1	-1	-1	-1	-1	-1	-1	-1	-1	-1	-1	-1	0	0	0	0	100	100	9	-1	-1	-1	-1	-1	-1	-1	-1	-1	-1	-1	-1	-1	-1	-1	-1	-1	-1	-1	0	0	0	0	100	100	9	0	-1	-1	-1	-1	-1	-1	-1	-1	-1	-1	-1	-1	-1	-1	-1	-1	-1	-1
50079	-1	0	0	0	0	100	100	9	0	-1	-1	-1	-1	-1	-1	-1	-1	-1	-1	-1	-1	-1	-1	-1	-1	-1	-1	0	0	0	0	100	100	9	-1	-1	-1	-1	-1	-1	-1	-1	-1	-1	-1	-1	-1	-1	-1	-1	-1	-1	-1	0	0	0	0	100	100	9	0	-1	-1	-1	-1	-1	-1	-1	-1	-1	-1	-1	-1	-1	-1	-1	-1	-1	-1
50080	-1	0	0	0	0	100	100	9	0	-1	-1	-1	-1	-1	-1	-1	-1	-1	-1	-1	-1	-1	-1	-1	-1	-1	-1	0	0	0	0	100	100	9	-1	-1	-1	-1	-1	-1	-1	-1	-1	-1	-1	-1	-1	-1	-1	-1	-1	-1	-1	0	0	0	0	100	100	9	0	-1	-1	-1	-1	-1	-1	-1	-1	-1	-1	-1	-1	-1	-1	-1	-1	-1	-1
50081	-1	0	0	0	0	100	100	9	0	-1	-1	-1	-1	-1	-1	-1	-1	-1	-1	-1	-1	-1	-1	-1	-1	-1	-1	0	0	0	0	100	100	9	-1	-1	-1	-1	-1	-1	-1	-1	-1	-1	-1	-1	-1	-1	-1	-1	-1	-1	-1	0	0	0	0	100	100	9	0	-1	-1	-1	-1	-1	-1	-1	-1	-1	-1	-1	-1	-1	-1	-1	-1	-1	-1
50082	-1	0	0	0	0	100	100	9	0	-1	12	-1	BSB0	-1	-1	-1	-1	-1	-1	-1	-1	-1	Q203820	-1	-1	-1	-1	0	0	0	0	100	100	9	-1	-1	12	-1	CSB0	-1	-1	-1	-1	-1	-1	-1	-1	-1	Q203820	-1	-1	-1	-1	0	0	0	0	100	100	9	0	-1	12	-1	ASB0	-1	-1	-1	-1	-1	-1	-1	-1	-1	Q203820	-1	-1	-1	-1
50083	-1	0	0	0	0	100	100	9	0	-1	-1	-1	-1	-1	-1	-1	-1	-1	-1	-1	-1	-1	-1	-1	-1	-1	-1	0	0	0	0	100	100	9	-1	-1	-1	-1	-1	-1	-1	-1	-1	-1	-1	-1	-1	-1	-1	-1	-1	-1	-1	0	0	0	0	100	100	9	0	-1	-1	-1	-1	-1	-1	-1	-1	-1	-1	-1	-1	-1	-1	-1	-1	-1	-1
50084	-1	0	0	0	0	100	100	9	0	-1	-1	-1	-1	-1	-1	-1	-1	-1	-1	-1	-1	-1	-1	-1	-1	-1	-1	0	0	0	0	100	100	9	-1	-1	-1	-1	-1	-1	-1	-1	-1	-1	-1	-1	-1	-1	-1	-1	-1	-1	-1	0	0	0	0	100	100	9	0	-1	-1	-1	-1	-1	-1	-1	-1	-1	-1	-1	-1	-1	-1	-1	-1	-1	-1
50085	-1	0	0	0	0	100	100	9	0	-1	-1	-1	-1	-1	-1	-1	-1	-1	-1	-1	-1	-1	-1	-1	-1	-1	-1	0	0	0	0	100	100	9	-1	-1	-1	-1	-1	-1	-1	-1	-1	-1	-1	-1	-1	-1	-1	-1	-1	-1	-1	0	0	0	0	100	100	9	0	-1	-1	-1	-1	-1	-1	-1	-1	-1	-1	-1	-1	-1	-1	-1	-1	-1	-1
50086	-1	0	0	0	0	100	100	9	0	-1	-1	-1	-1	-1	-1	-1	-1	-1	-1	-1	-1	-1	-1	-1	-1	-1	-1	0	0	0	0	100	100	9	-1	-1	-1	-1	-1	-1	-1	-1	-1	-1	-1	-1	-1	-1	-1	-1	-1	-1	-1	0	0	0	0	100	100	9	0	-1	-1	-1	-1	-1	-1	-1	-1	-1	-1	-1	-1	-1	-1	-1	-1	-1	-1
50087	-1	0	0	0	0	100	100	9	0	-1	-1	-1	-1	-1	-1	-1	-1	-1	-1	-1	-1	-1	-1	-1	-1	-1	-1	0	0	0	0	100	100	9	-1	-1	-1	-1	-1	-1	-1	-1	-1	-1	-1	-1	-1	-1	-1	-1	-1	-1	-1	0	0	0	0	100	100	9	0	-1	-1	-1	-1	-1	-1	-1	-1	-1	-1	-1	-1	-1	-1	-1	-1	-1	-1
50088	-1	0	0	0	0	100	100	9	0	-1	12	-1	BSB0	-1	-1	-1	-1	-1	-1	-1	-1	-1	Q203880	-1	-1	-1	-1	0	0	0	0	100	100	9	-1	-1	12	-1	CSB0	-1	-1	-1	-1	-1	-1	-1	-1	-1	Q203880	-1	-1	-1	-1	0	0	0	0	100	100	9	0	-1	12	-1	ASB0	-1	-1	-1	-1	-1	-1	-1	-1	-1	Q203880	-1	-1	-1	-1
50089	-1	0	0	0	0	100	100	9	0	-1	12	-1	BSB0	-1	-1	-1	-1	-1	-1	-1	-1	-1	Q203890	-1	-1	-1	-1	0	0	0	0	100	100	9	-1	-1	12	-1	CSB0	-1	-1	-1	-1	-1	-1	-1	-1	-1	Q203890	-1	-1	-1	-1	0	0	0	0	100	100	9	0	-1	12	-1	ASB0	-1	-1	-1	-1	-1	-1	-1	-1	-1	Q203890	-1	-1	-1	-1
50090	-1	0	0	0	0	100	100	9	0	-1	-1	-1	-1	-1	-1	-1	-1	-1	-1	-1	-1	-1	-1	-1	-1	-1	-1	0	0	0	0	100	100	9	-1	-1	-1	-1	-1	-1	-1	-1	-1	-1	-1	-1	-1	-1	-1	-1	-1	-1	-1	0	0	0	0	100	100	9	0	-1	-1	-1	-1	-1	-1	-1	-1	-1	-1	-1	-1	-1	-1	-1	-1	-1	-1
50091	-1	0	0	0	0	100	100	9	0	-1	-1	-1	-1	-1	-1	-1	-1	-1	-1	-1	-1	-1	-1	-1	-1	-1	-1	0	0	0	0	100	100	9	-1	-1	-1	-1	-1	-1	-1	-1	-1	-1	-1	-1	-1	-1	-1	-1	-1	-1	-1	0	0	0	0	100	100	9	0	-1	-1	-1	-1	-1	-1	-1	-1	-1	-1	-1	-1	-1	-1	-1	-1	-1	-1
50092	-1	0	0	0	0	100	100	9	0	-1	-1	-1	-1	-1	-1	-1	-1	-1	-1	-1	-1	-1	-1	-1	-1	-1	-1	0	0	0	0	100	100	9	-1	-1	-1	-1	-1	-1	-1	-1	-1	-1	-1	-1	-1	-1	-1	-1	-1	-1	-1	0	0	0	0	100	100	9	0	-1	-1	-1	-1	-1	-1	-1	-1	-1	-1	-1	-1	-1	-1	-1	-1	-1	-1
50093	-1	0	0	0	0	100	100	9	0	-1	-1	-1	-1	-1	-1	-1	-1	-1	-1	-1	-1	-1	-1	-1	-1	-1	-1	0	0	0	0	100	100	9	-1	-1	-1	-1	-1	-1	-1	-1	-1	-1	-1	-1	-1	-1	-1	-1	-1	-1	-1	0	0	0	0	100	100	9	0	-1	-1	-1	-1	-1	-1	-1	-1	-1	-1	-1	-1	-1	-1	-1	-1	-1	-1
50094	-1	0	0	0	0	100	100	9	0	-1	12	-1	BSB0	-1	-1	-1	-1	-1	-1	-1	-1	-1	Q203940	-1	-1	-1	-1	0	0	0	0	100	100	9	-1	-1	12	-1	CSB0	-1	-1	-1	-1	-1	-1	-1	-1	-1	Q203940	-1	-1	-1	-1	0	0	0	0	100	100	9	0	-1	-1	-1	-1	-1	-1	-1	-1	-1	-1	-1	-1	-1	Q203940	-1	-1	-1	-1
50095	-1	0	0	0	0	100	100	9	0	-1	-1	-1	-1	-1	-1	-1	-1	-1	-1	-1	-1	-1	-1	-1	-1	-1	-1	0	0	0	0	100	100	9	-1	-1	-1	-1	-1	-1	-1	-1	-1	-1	-1	-1	-1	-1	-1	-1	-1	-1	-1	0	0	0	0	100	100	9	0	-1	-1	-1	-1	-1	-1	-1	-1	-1	-1	-1	-1	-1	-1	-1	-1	-1	-1
50096	-1	0	0	0	0	100	100	9	0	-1	-1	-1	-1	-1	-1	-1	-1	-1	-1	-1	-1	-1	-1	-1	-1	-1	-1	0	0	0	0	100	100	9	-1	-1	-1	-1	-1	-1	-1	-1	-1	-1	-1	-1	-1	-1	-1	-1	-1	-1	-1	0	0	0	0	100	100	9	0	-1	-1	-1	-1	-1	-1	-1	-1	-1	-1	-1	-1	-1	-1	-1	-1	-1	-1
50097	-1	0	0	0	0	100	100	9	0	-1	-1	-1	-1	-1	-1	-1	-1	-1	-1	-1	-1	-1	-1	-1	-1	-1	-1	0	0	0	0	100	100	9	-1	-1	-1	-1	-1	-1	-1	-1	-1	-1	-1	-1	-1	-1	-1	-1	-1	-1	-1	0	0	0	0	100	100	9	0	-1	-1	-1	-1	-1	-1	-1	-1	-1	-1	-1	-1	-1	-1	-1	-1	-1	-1
50098	-1	0	0	0	0	100	100	9	0	-1	-1	-1	-1	-1	-1	-1	-1	-1	-1	-1	-1	-1	-1	-1	-1	-1	-1	0	0	0	0	100	100	9	-1	-1	-1	-1	-1	-1	-1	-1	-1	-1	-1	-1	-1	-1	-1	-1	-1	-1	-1	0	0	0	0	100	100	9	0	-1	-1	-1	-1	-1	-1	-1	-1	-1	-1	-1	-1	-1	-1	-1	-1	-1	-1
50099	-1	0	0	0	0	100	100	9	0	-1	12	-1	BSB0	-1	-1	-1	-1	-1	-1	-1	-1	-1	Q203990	-1	-1	-1	-1	0	0	0	0	100	100	9	-1	-1	12	-1	CSB0	-1	-1	-1	-1	-1	-1	-1	-1	-1	Q203990	-1	-1	-1	-1	0	0	0	0	100	100	9	0	-1	-1	-1	-1	-1	-1	-1	-1	-1	-1	-1	-1	-1	Q203990	-1	-1	-1	-1
50101	-1	0	0	0	0	100	100	9	0	-1	-1	-1	-1	-1	-1	-1	-1	-1	-1	-1	-1	-1	-1	-1	-1	-1	-1	0	0	0	0	100	100	9	-1	-1	-1	-1	-1	-1	-1	-1	-1	-1	-1	-1	-1	-1	-1	-1	-1	-1	-1	0	0	0	0	100	100	9	0	-1	-1	-1	-1	-1	-1	-1	-1	-1	-1	-1	-1	-1	-1	-1	-1	-1	-1
50102	-1	0	0	0	0	100	100	9	0	-1	12	-1	BSB0	-1	-1	-1	-1	-1	-1	-1	-1	-1	Q213020	-1	-1	-1	-1	0	0	0	0	100	100	9	-1	-1	12	-1	CSB0	-1	-1	-1	-1	-1	-1	-1	-1	-1	Q213020	-1	-1	-1	-1	0	0	0	0	100	100	9	0	-1	12	-1	ASB0	-1	-1	-1	-1	-1	-1	-1	-1	-1	Q213020	-1	-1	-1	-1
50103	-1	0	0	0	0	100	100	9	0	-1	-1	-1	-1	-1	-1	-1	-1	-1	-1	-1	-1	-1	-1	-1	-1	-1	-1	0	0	0	0	100	100	9	-1	-1	-1	-1	-1	-1	-1	-1	-1	-1	-1	-1	-1	-1	-1	-1	-1	-1	-1	0	0	0	0	100	100	9	0	-1	-1	-1	-1	-1	-1	-1	-1	-1	-1	-1	-1	-1	-1	-1	-1	-1	-1
50104	-1	0	0	0	0	100	100	9	0	-1	-1	-1	-1	-1	-1	-1	-1	-1	-1	-1	-1	-1	-1	-1	-1	-1	-1	0	0	0	0	100	100	9	-1	-1	-1	-1	-1	-1	-1	-1	-1	-1	-1	-1	-1	-1	-1	-1	-1	-1	-1	0	0	0	0	100	100	9	0	-1	-1	-1	-1	-1	-1	-1	-1	-1	-1	-1	-1	-1	-1	-1	-1	-1	-1
50105	-1	0	0	0	0	100	100	9	0	-1	-1	-1	-1	-1	-1	-1	-1	-1	-1	-1	-1	-1	-1	-1	-1	-1	-1	0	0	0	0	100	100	9	-1	-1	-1	-1	-1	-1	-1	-1	-1	-1	-1	-1	-1	-1	-1	-1	-1	-1	-1	0	0	0	0	100	100	9	0	-1	-1	-1	-1	-1	-1	-1	-1	-1	-1	-1	-1	-1	-1	-1	-1	-1	-1
50106	-1	0	0	0	0	100	100	9	0	-1	12	-1	BSB0	-1	-1	-1	-1	-1	-1	-1	-1	-1	Q213060	-1	-1	-1	-1	0	0	0	0	100	100	9	-1	-1	12	-1	CSB0	-1	-1	-1	-1	-1	-1	-1	-1	-1	Q213060	-1	-1	-1	-1	0	0	0	0	100	100	9	0	-1	12	-1	ASB0	-1	-1	-1	-1	-1	-1	-1	-1	-1	Q213060	-1	-1	-1	-1
50107	-1	0	0	0	0	100	100	9	0	-1	-1	-1	-1	-1	-1	-1	-1	-1	-1	-1	-1	-1	-1	-1	-1	-1	-1	0	0	0	0	100	100	9	-1	-1	-1	-1	-1	-1	-1	-1	-1	-1	-1	-1	-1	-1	Q213070	-1	-1	-1	-1	0	0	0	0	100	100	9	0	-1	-1	-1	-1	-1	-1	-1	-1	-1	-1	-1	-1	-1	Q213070	-1	-1	-1	-1
50108	-1	0	0	0	0	100	100	9	0	-1	12	-1	BSB0	-1	-1	-1	-1	-1	-1	-1	-1	-1	Q213080	-1	-1	-1	-1	0	0	0	0	100	100	9	-1	-1	12	-1	CSB0	-1	-1	-1	-1	-1	-1	-1	-1	-1	Q213080	-1	-1	-1	-1	0	0	0	0	100	100	9	0	-1	12	-1	ASB0	-1	-1	-1	-1	-1	-1	-1	-1	-1	Q213080	-1	-1	-1	-1
50109	-1	0	0	0	0	100	100	9	0	-1	-1	-1	-1	-1	-1	-1	-1	-1	-1	-1	-1	-1	-1	-1	-1	-1	-1	0	0	0	0	100	100	9	-1	-1	-1	-1	-1	-1	-1	-1	-1	-1	-1	-1	-1	-1	-1	-1	-1	-1	-1	0	0	0	0	100	100	9	0	-1	-1	-1	-1	-1	-1	-1	-1	-1	-1	-1	-1	-1	-1	-1	-1	-1	-1
50110	-1	0	0	0	0	100	100	9	0	-1	-1	-1	-1	-1	-1	-1	-1	-1	-1	-1	-1	-1	-1	-1	-1	-1	-1	0	0	0	0	100	100	9	-1	-1	-1	-1	-1	-1	-1	-1	-1	-1	-1	-1	-1	-1	-1	-1	-1	-1	-1	0	0	0	0	100	100	9	0	-1	-1	-1	-1	-1	-1	-1	-1	-1	-1	-1	-1	-1	-1	-1	-1	-1	-1
50111	-1	0	0	0	0	100	100	9	0	-1	-1	-1	-1	-1	-1	-1	-1	-1	-1	-1	-1	-1	-1	-1	-1	-1	-1	0	0	0	0	100	100	9	-1	-1	-1	-1	-1	-1	-1	-1	-1	-1	-1	-1	-1	-1	-1	-1	-1	-1	-1	0	0	0	0	100	100	9	0	-1	-1	-1	-1	-1	-1	-1	-1	-1	-1	-1	-1	-1	Q213110	-1	-1	-1	-1
50112	-1	0	0	0	0	100	100	9	0	-1	12	-1	BSB0	-1	-1	-1	-1	-1	-1	-1	-1	-1	Q213120	-1	-1	-1	-1	0	0	0	0	100	100	9	-1	-1	12	-1	CSB0	-1	-1	-1	-1	-1	-1	-1	-1	-1	Q213120	-1	-1	-1	-1	0	0	0	0	100	100	9	0	-1	12	-1	ASB0	-1	-1	-1	-1	-1	-1	-1	-1	-1	Q213120	-1	-1	-1	-1
50113	-1	0	0	0	0	100	100	9	0	-1	-1	-1	-1	-1	-1	-1	-1	-1	-1	-1	-1	-1	-1	-1	-1	-1	-1	0	0	0	0	100	100	9	-1	-1	-1	-1	-1	-1	-1	-1	-1	-1	-1	-1	-1	-1	-1	-1	-1	-1	-1	0	0	0	0	100	100	9	0	-1	-1	-1	-1	-1	-1	-1	-1	-1	-1	-1	-1	-1	-1	-1	-1	-1	-1
50114	-1	0	0	0	0	100	100	9	0	-1	-1	-1	-1	-1	-1	-1	-1	-1	-1	-1	-1	-1	-1	-1	-1	-1	-1	0	0	0	0	100	100	9	-1	-1	-1	-1	-1	-1	-1	-1	-1	-1	-1	-1	-1	-1	-1	-1	-1	-1	-1	0	0	0	0	100	100	9	0	-1	-1	-1	-1	-1	-1	-1	-1	-1	-1	-1	-1	-1	-1	-1	-1	-1	-1
50115	-1	0	0	0	0	100	100	9	0	-1	-1	-1	-1	-1	-1	-1	-1	-1	-1	-1	-1	-1	-1	-1	-1	-1	-1	0	0	0	0	100	100	9	-1	-1	-1	-1	-1	-1	-1	-1	-1	-1	-1	-1	-1	-1	-1	-1	-1	-1	-1	0	0	0	0	100	100	9	0	-1	-1	-1	-1	-1	-1	-1	-1	-1	-1	-1	-1	-1	Q213150	-1	-1	-1	-1
50116	-1	0	0	0	0	100	100	9	0	-1	12	-1	BSB0	-1	-1	-1	-1	-1	-1	-1	-1	-1	Q213160	-1	-1	-1	-1	0	0	0	0	100	100	9	-1	-1	12	-1	CSB0	-1	-1	-1	-1	-1	-1	-1	-1	-1	Q213160	-1	-1	-1	-1	0	0	0	0	100	100	9	0	-1	12	-1	ASB0	-1	-1	-1	-1	-1	-1	-1	-1	-1	Q213160	-1	-1	-1	-1
50117	-1	0	0	0	0	100	100	9	0	-1	-1	-1	-1	-1	-1	-1	-1	-1	-1	-1	-1	-1	-1	-1	-1	-1	-1	0	0	0	0	100	100	9	-1	-1	-1	-1	-1	-1	-1	-1	-1	-1	-1	-1	-1	-1	-1	-1	-1	-1	-1	0	0	0	0	100	100	9	0	-1	-1	-1	-1	-1	-1	-1	-1	-1	-1	-1	-1	-1	-1	-1	-1	-1	-1
50118	-1	0	0	0	0	100	100	9	0	-1	-1	-1	-1	-1	-1	-1	-1	-1	-1	-1	-1	-1	-1	-1	-1	-1	-1	0	0	0	0	100	100	9	-1	-1	-1	-1	-1	-1	-1	-1	-1	-1	-1	-1	-1	-1	-1	-1	-1	-1	-1	0	0	0	0	100	100	9	0	-1	-1	-1	-1	-1	-1	-1	-1	-1	-1	-1	-1	-1	-1	-1	-1	-1	-1
50119	-1	0	0	0	0	100	100	9	0	-1	-1	-1	-1	-1	-1	-1	-1	-1	-1	-1	-1	-1	-1	-1	-1	-1	-1	0	0	0	0	100	100	9	-1	-1	-1	-1	-1	-1	-1	-1	-1	-1	-1	-1	-1	-1	-1	-1	-1	-1	-1	0	0	0	0	100	100	9	0	-1	-1	-1	-1	-1	-1	-1	-1	-1	-1	-1	-1	-1	-1	-1	-1	-1	-1
50120	-1	0	0	0	0	100	100	9	0	-1	12	-1	BSB0	-1	-1	-1	-1	-1	-1	-1	-1	-1	Q213200	-1	-1	-1	-1	0	0	0	0	100	100	9	-1	-1	12	-1	CSB0	-1	-1	-1	-1	-1	-1	-1	-1	-1	Q213200	-1	-1	-1	-1	0	0	0	0	100	100	9	0	-1	12	-1	ASB0	-1	-1	-1	-1	-1	-1	-1	-1	-1	Q213200	-1	-1	-1	-1
50121	-1	0	0	0	0	100	100	9	0	-1	-1	-1	-1	-1	-1	-1	-1	-1	-1	-1	-1	-1	-1	-1	-1	-1	-1	0	0	0	0	100	100	9	-1	-1	-1	-1	-1	-1	-1	-1	-1	-1	-1	-1	-1	-1	-1	-1	-1	-1	-1	0	0	0	0	100	100	9	0	-1	-1	-1	-1	-1	-1	-1	-1	-1	-1	-1	-1	-1	-1	-1	-1	-1	-1
50122	-1	0	0	0	0	100	100	9	0	-1	-1	-1	-1	-1	-1	-1	-1	-1	-1	-1	-1	-1	-1	-1	-1	-1	-1	0	0	0	0	100	100	9	-1	-1	-1	-1	-1	-1	-1	-1	-1	-1	-1	-1	-1	-1	-1	-1	-1	-1	-1	0	0	0	0	100	100	9	0	-1	-1	-1	-1	-1	-1	-1	-1	-1	-1	-1	-1	-1	-1	-1	-1	-1	-1
50123	-1	0	0	0	0	100	100	9	0	-1	-1	-1	-1	-1	-1	-1	-1	-1	-1	-1	-1	-1	-1	-1	-1	-1	-1	0	0	0	0	100	100	9	-1	-1	-1	-1	-1	-1	-1	-1	-1	-1	-1	-1	-1	-1	-1	-1	-1	-1	-1	0	0	0	0	100	100	9	0	-1	-1	-1	-1	-1	-1	-1	-1	-1	-1	-1	-1	-1	-1	-1	-1	-1	-1
50124	-1	0	0	0	0	100	100	9	0	-1	-1	-1	-1	-1	-1	-1	-1	-1	-1	-1	-1	-1	-1	-1	-1	-1	-1	0	0	0	0	100	100	9	-1	-1	-1	-1	-1	-1	-1	-1	-1	-1	-1	-1	-1	-1	-1	-1	-1	-1	-1	0	0	0	0	100	100	9	0	-1	-1	-1	-1	-1	-1	-1	-1	-1	-1	-1	-1	-1	-1	-1	-1	-1	-1
50125	-1	0	0	0	0	100	100	9	0	-1	12	-1	BSB0	-1	-1	-1	-1	-1	-1	-1	-1	-1	Q213250	-1	-1	-1	-1	0	0	0	0	100	100	9	-1	-1	12	-1	CSB0	-1	-1	-1	-1	-1	-1	-1	-1	-1	Q213250	-1	-1	-1	-1	0	0	0	0	100	100	9	0	-1	12	-1	ASB0	-1	-1	-1	-1	-1	-1	-1	-1	-1	Q213250	-1	-1	-1	-1
50126	-1	0	0	0	0	100	100	9	0	-1	-1	-1	-1	-1	-1	-1	-1	-1	-1	-1	-1	-1	-1	-1	-1	-1	-1	0	0	0	0	100	100	9	-1	-1	-1	-1	-1	-1	-1	-1	-1	-1	-1	-1	-1	-1	-1	-1	-1	-1	-1	0	0	0	0	100	100	9	0	-1	-1	-1	-1	-1	-1	-1	-1	-1	-1	-1	-1	-1	-1	-1	-1	-1	-1
50127	-1	0	0	0	0	100	100	9	0	-1	-1	-1	-1	-1	-1	-1	-1	-1	-1	-1	-1	-1	-1	-1	-1	-1	-1	0	0	0	0	100	100	9	-1	-1	-1	-1	-1	-1	-1	-1	-1	-1	-1	-1	-1	-1	-1	-1	-1	-1	-1	0	0	0	0	100	100	9	0	-1	-1	-1	-1	-1	-1	-1	-1	-1	-1	-1	-1	-1	-1	-1	-1	-1	-1
50128	-1	0	0	0	0	100	100	9	0	-1	-1	-1	-1	-1	-1	-1	-1	-1	-1	-1	-1	-1	-1	-1	-1	-1	-1	0	0	0	0	100	100	9	-1	-1	-1	-1	-1	-1	-1	-1	-1	-1	-1	-1	-1	-1	-1	-1	-1	-1	-1	0	0	0	0	100	100	9	0	-1	-1	-1	-1	-1	-1	-1	-1	-1	-1	-1	-1	-1	-1	-1	-1	-1	-1
50129	-1	0	0	0	0	100	100	9	0	-1	12	-1	BSB0	-1	-1	-1	-1	-1	-1	-1	-1	-1	Q213290	-1	-1	-1	-1	0	0	0	0	100	100	9	-1	-1	12	-1	CSB0	-1	-1	-1	-1	-1	-1	-1	-1	-1	Q213290	-1	-1	-1	-1	0	0	0	0	100	100	9	0	-1	12	-1	ASB0	-1	-1	-1	-1	-1	-1	-1	-1	-1	Q213290	-1	-1	-1	-1
50130	-1	0	0	0	0	100	100	9	0	-1	-1	-1	-1	-1	-1	-1	-1	-1	-1	-1	-1	-1	-1	-1	-1	-1	-1	0	0	0	0	100	100	9	-1	-1	-1	-1	-1	-1	-1	-1	-1	-1	-1	-1	-1	-1	-1	-1	-1	-1	-1	0	0	0	0	100	100	9	0	-1	-1	-1	-1	-1	-1	-1	-1	-1	-1	-1	-1	-1	-1	-1	-1	-1	-1
50131	-1	0	0	0	0	100	100	9	0	-1	-1	-1	-1	-1	-1	-1	-1	-1	-1	-1	-1	-1	-1	-1	-1	-1	-1	0	0	0	0	100	100	9	-1	-1	-1	-1	-1	-1	-1	-1	-1	-1	-1	-1	-1	-1	-1	-1	-1	-1	-1	0	0	0	0	100	100	9	0	-1	-1	-1	-1	-1	-1	-1	-1	-1	-1	-1	-1	-1	-1	-1	-1	-1	-1
50132	-1	0	0	0	0	100	100	9	0	-1	12	-1	BSB0	-1	-1	-1	-1	-1	-1	-1	-1	-1	Q213320	-1	-1	-1	-1	0	0	0	0	100	100	9	-1	-1	12	-1	CSB0	-1	-1	-1	-1	-1	-1	-1	-1	-1	Q213320	-1	-1	-1	-1	0	0	0	0	100	100	9	0	-1	12	-1	ASB0	-1	-1	-1	-1	-1	-1	-1	-1	-1	Q213320	-1	-1	-1	-1
50133	-1	0	0	0	0	100	100	9	0	-1	-1	-1	-1	-1	-1	-1	-1	-1	-1	-1	-1	-1	-1	-1	-1	-1	-1	0	0	0	0	100	100	9	-1	-1	-1	-1	-1	-1	-1	-1	-1	-1	-1	-1	-1	-1	-1	-1	-1	-1	-1	0	0	0	0	100	100	9	0	-1	-1	-1	-1	-1	-1	-1	-1	-1	-1	-1	-1	-1	-1	-1	-1	-1	-1
50134	-1	0	0	0	0	100	100	9	0	-1	-1	-1	-1	-1	-1	-1	-1	-1	-1	-1	-1	-1	-1	-1	-1	-1	-1	0	0	0	0	100	100	9	-1	-1	-1	-1	-1	-1	-1	-1	-1	-1	-1	-1	-1	-1	-1	-1	-1	-1	-1	0	0	0	0	100	100	9	0	-1	-1	-1	-1	-1	-1	-1	-1	-1	-1	-1	-1	-1	-1	-1	-1	-1	-1
50135	-1	0	0	0	0	100	100	9	0	-1	-1	-1	-1	-1	-1	-1	-1	-1	-1	-1	-1	-1	-1	-1	-1	-1	-1	0	0	0	0	100	100	9	-1	-1	-1	-1	-1	-1	-1	-1	-1	-1	-1	-1	-1	-1	-1	-1	-1	-1	-1	0	0	0	0	100	100	9	0	-1	-1	-1	-1	-1	-1	-1	-1	-1	-1	-1	-1	-1	-1	-1	-1	-1	-1
50136	-1	0	0	0	0	100	100	9	0	-1	12	-1	BSB0	-1	-1	-1	-1	-1	-1	-1	-1	-1	Q213360	-1	-1	-1	-1	0	0	0	0	100	100	9	-1	-1	12	-1	CSB0	-1	-1	-1	-1	-1	-1	-1	-1	-1	Q213360	-1	-1	-1	-1	0	0	0	0	100	100	9	0	-1	12	-1	ASB0	-1	-1	-1	-1	-1	-1	-1	-1	-1	Q213360	-1	-1	-1	-1
50137	-1	0	0	0	0	100	100	9	0	-1	-1	-1	-1	-1	-1	-1	-1	-1	-1	-1	-1	-1	-1	-1	-1	-1	-1	0	0	0	0	100	100	9	-1	-1	-1	-1	-1	-1	-1	-1	-1	-1	-1	-1	-1	-1	-1	-1	-1	-1	-1	0	0	0	0	100	100	9	0	-1	-1	-1	-1	-1	-1	-1	-1	-1	-1	-1	-1	-1	-1	-1	-1	-1	-1
50138	-1	0	0	0	0	100	100	9	0	-1	-1	-1	-1	-1	-1	-1	-1	-1	-1	-1	-1	-1	-1	-1	-1	-1	-1	0	0	0	0	100	100	9	-1	-1	-1	-1	-1	-1	-1	-1	-1	-1	-1	-1	-1	-1	-1	-1	-1	-1	-1	0	0	0	0	100	100	9	0	-1	-1	-1	-1	-1	-1	-1	-1	-1	-1	-1	-1	-1	-1	-1	-1	-1	-1
50139	-1	0	0	0	0	100	100	9	0	-1	-1	-1	-1	-1	-1	-1	-1	-1	-1	-1	-1	-1	-1	-1	-1	-1	-1	0	0	0	0	100	100	9	-1	-1	-1	-1	-1	-1	-1	-1	-1	-1	-1	-1	-1	-1	-1	-1	-1	-1	-1	0	0	0	0	100	100	9	0	-1	-1	-1	-1	-1	-1	-1	-1	-1	-1	-1	-1	-1	-1	-1	-1	-1	-1
50140	-1	0	0	0	0	100	100	9	0	-1	-1	-1	-1	-1	-1	-1	-1	-1	-1	-1	-1	-1	-1	-1	-1	-1	-1	0	0	0	0	100	100	9	-1	-1	-1	-1	-1	-1	-1	-1	-1	-1	-1	-1	-1	-1	-1	-1	-1	-1	-1	0	0	0	0	100	100	9	0	-1	-1	-1	-1	-1	-1	-1	-1	-1	-1	-1	-1	-1	-1	-1	-1	-1	-1
50141	-1	0	0	0	0	100	100	9	0	-1	12	-1	BSB0	-1	-1	-1	-1	-1	-1	-1	-1	-1	Q213410	-1	-1	-1	-1	0	0	0	0	100	100	9	-1	-1	12	-1	CSB0	-1	-1	-1	-1	-1	-1	-1	-1	-1	Q213410	-1	-1	-1	-1	0	0	0	0	100	100	9	0	-1	12	-1	ASB0	-1	-1	-1	-1	-1	-1	-1	-1	-1	Q213410	-1	-1	-1	-1
50142	-1	0	0	0	0	100	100	9	0	-1	-1	-1	-1	-1	-1	-1	-1	-1	-1	-1	-1	-1	-1	-1	-1	-1	-1	0	0	0	0	100	100	9	-1	-1	-1	-1	-1	-1	-1	-1	-1	-1	-1	-1	-1	-1	-1	-1	-1	-1	-1	0	0	0	0	100	100	9	0	-1	-1	-1	-1	-1	-1	-1	-1	-1	-1	-1	-1	-1	-1	-1	-1	-1	-1
50143	-1	0	0	0	0	100	100	9	0	-1	-1	-1	-1	-1	-1	-1	-1	-1	-1	-1	-1	-1	-1	-1	-1	-1	-1	0	0	0	0	100	100	9	-1	-1	-1	-1	-1	-1	-1	-1	-1	-1	-1	-1	-1	-1	-1	-1	-1	-1	-1	0	0	0	0	100	100	9	0	-1	-1	-1	-1	-1	-1	-1	-1	-1	-1	-1	-1	-1	-1	-1	-1	-1	-1
50144	-1	0	0	0	0	100	100	9	0	-1	-1	-1	-1	-1	-1	-1	-1	-1	-1	-1	-1	-1	-1	-1	-1	-1	-1	0	0	0	0	100	100	9	-1	-1	-1	-1	-1	-1	-1	-1	-1	-1	-1	-1	-1	-1	-1	-1	-1	-1	-1	0	0	0	0	100	100	9	0	-1	-1	-1	-1	-1	-1	-1	-1	-1	-1	-1	-1	-1	-1	-1	-1	-1	-1
50145	-1	0	0	0	0	100	100	9	0	-1	12	-1	BSB0	-1	-1	-1	-1	-1	-1	-1	-1	-1	Q213450	-1	-1	-1	-1	0	0	0	0	100	100	9	-1	-1	12	-1	CSB0	-1	-1	-1	-1	-1	-1	-1	-1	-1	Q213450	-1	-1	-1	-1	0	0	0	0	100	100	9	0	-1	12	-1	ASB0	-1	-1	-1	-1	-1	-1	-1	-1	-1	Q213450	-1	-1	-1	-1
50146	-1	0	0	0	0	100	100	9	0	-1	-1	-1	-1	-1	-1	-1	-1	-1	-1	-1	-1	-1	-1	-1	-1	-1	-1	0	0	0	0	100	100	9	-1	-1	-1	-1	-1	-1	-1	-1	-1	-1	-1	-1	-1	-1	-1	-1	-1	-1	-1	0	0	0	0	100	100	9	0	-1	-1	-1	-1	-1	-1	-1	-1	-1	-1	-1	-1	-1	-1	-1	-1	-1	-1
50147	-1	0	0	0	0	100	100	9	0	-1	-1	-1	-1	-1	-1	-1	-1	-1	-1	-1	-1	-1	-1	-1	-1	-1	-1	0	0	0	0	100	100	9	-1	-1	-1	-1	-1	-1	-1	-1	-1	-1	-1	-1	-1	-1	-1	-1	-1	-1	-1	0	0	0	0	100	100	9	0	-1	-1	-1	-1	-1	-1	-1	-1	-1	-1	-1	-1	-1	-1	-1	-1	-1	-1
50148	-1	0	0	0	0	100	100	9	0	-1	-1	-1	-1	-1	-1	-1	-1	-1	-1	-1	-1	-1	-1	-1	-1	-1	-1	0	0	0	0	100	100	9	-1	-1	-1	-1	-1	-1	-1	-1	-1	-1	-1	-1	-1	-1	-1	-1	-1	-1	-1	0	0	0	0	100	100	9	0	-1	-1	-1	-1	-1	-1	-1	-1	-1	-1	-1	-1	-1	-1	-1	-1	-1	-1
50149	-1	0	0	0	0	100	100	9	0	-1	-1	-1	-1	-1	-1	-1	-1	-1	-1	-1	-1	-1	-1	-1	-1	-1	-1	0	0	0	0	100	100	9	-1	-1	-1	-1	-1	-1	-1	-1	-1	-1	-1	-1	-1	-1	-1	-1	-1	-1	-1	0	0	0	0	100	100	9	0	-1	-1	-1	-1	-1	-1	-1	-1	-1	-1	-1	-1	-1	-1	-1	-1	-1	-1
50150	-1	0	0	0	0	100	100	9	0	-1	12	-1	BSB0	-1	-1	-1	-1	-1	-1	-1	-1	-1	Q213500	-1	-1	-1	-1	0	0	0	0	100	100	9	-1	-1	12	-1	CSB0	-1	-1	-1	-1	-1	-1	-1	-1	-1	Q213500	-1	-1	-1	-1	0	0	0	0	100	100	9	0	-1	12	-1	ASB0	-1	-1	-1	-1	-1	-1	-1	-1	-1	Q213500	-1	-1	-1	-1
50151	-1	0	0	0	0	100	100	9	0	-1	-1	-1	-1	-1	-1	-1	-1	-1	-1	-1	-1	-1	-1	-1	-1	-1	-1	0	0	0	0	100	100	9	-1	-1	-1	-1	-1	-1	-1	-1	-1	-1	-1	-1	-1	-1	-1	-1	-1	-1	-1	0	0	0	0	100	100	9	0	-1	-1	-1	-1	-1	-1	-1	-1	-1	-1	-1	-1	-1	-1	-1	-1	-1	-1
50152	-1	0	0	0	0	100	100	9	0	-1	-1	-1	-1	-1	-1	-1	-1	-1	-1	-1	-1	-1	-1	-1	-1	-1	-1	0	0	0	0	100	100	9	-1	-1	-1	-1	-1	-1	-1	-1	-1	-1	-1	-1	-1	-1	-1	-1	-1	-1	-1	0	0	0	0	100	100	9	0	-1	-1	-1	-1	-1	-1	-1	-1	-1	-1	-1	-1	-1	-1	-1	-1	-1	-1
50153	-1	0	0	0	0	100	100	9	0	-1	-1	-1	-1	-1	-1	-1	-1	-1	-1	-1	-1	-1	-1	-1	-1	-1	-1	0	0	0	0	100	100	9	-1	-1	-1	-1	-1	-1	-1	-1	-1	-1	-1	-1	-1	-1	-1	-1	-1	-1	-1	0	0	0	0	100	100	9	0	-1	-1	-1	-1	-1	-1	-1	-1	-1	-1	-1	-1	-1	-1	-1	-1	-1	-1
50154	-1	0	0	0	0	100	100	9	0	-1	12	-1	BSB0	-1	-1	-1	-1	-1	-1	-1	-1	-1	Q213540	-1	-1	-1	-1	0	0	0	0	100	100	9	-1	-1	12	-1	CSB0	-1	-1	-1	-1	-1	-1	-1	-1	-1	Q213540	-1	-1	-1	-1	0	0	0	0	100	100	9	0	-1	12	-1	ASB0	-1	-1	-1	-1	-1	-1	-1	-1	-1	Q213540	-1	-1	-1	-1
50155	-1	0	0	0	0	100	100	9	0	-1	-1	-1	-1	-1	-1	-1	-1	-1	-1	-1	-1	-1	-1	-1	-1	-1	-1	0	0	0	0	100	100	9	-1	-1	-1	-1	-1	-1	-1	-1	-1	-1	-1	-1	-1	-1	-1	-1	-1	-1	-1	0	0	0	0	100	100	9	0	-1	-1	-1	-1	-1	-1	-1	-1	-1	-1	-1	-1	-1	-1	-1	-1	-1	-1
50156	-1	0	0	0	0	100	100	9	0	-1	-1	-1	-1	-1	-1	-1	-1	-1	-1	-1	-1	-1	-1	-1	-1	-1	-1	0	0	0	0	100	100	9	-1	-1	-1	-1	-1	-1	-1	-1	-1	-1	-1	-1	-1	-1	-1	-1	-1	-1	-1	0	0	0	0	100	100	9	0	-1	-1	-1	-1	-1	-1	-1	-1	-1	-1	-1	-1	-1	-1	-1	-1	-1	-1
50157	-1	0	0	0	0	100	100	9	0	-1	-1	-1	-1	-1	-1	-1	-1	-1	-1	-1	-1	-1	-1	-1	-1	-1	-1	0	0	0	0	100	100	9	-1	-1	-1	-1	-1	-1	-1	-1	-1	-1	-1	-1	-1	-1	-1	-1	-1	-1	-1	0	0	0	0	100	100	9	0	-1	-1	-1	-1	-1	-1	-1	-1	-1	-1	-1	-1	-1	-1	-1	-1	-1	-1
50158	-1	0	0	0	0	100	100	9	0	-1	-1	-1	-1	-1	-1	-1	-1	-1	-1	-1	-1	-1	-1	-1	-1	-1	-1	0	0	0	0	100	100	9	-1	-1	-1	-1	-1	-1	-1	-1	-1	-1	-1	-1	-1	-1	-1	-1	-1	-1	-1	0	0	0	0	100	100	9	0	-1	-1	-1	-1	-1	-1	-1	-1	-1	-1	-1	-1	-1	-1	-1	-1	-1	-1
50159	-1	0	0	0	0	100	100	9	0	-1	-1	-1	-1	-1	-1	-1	-1	-1	-1	-1	-1	-1	-1	-1	-1	-1	-1	0	0	0	0	100	100	9	-1	-1	-1	-1	-1	-1	-1	-1	-1	-1	-1	-1	-1	-1	-1	-1	-1	-1	-1	0	0	0	0	100	100	9	0	-1	-1	-1	-1	-1	-1	-1	-1	-1	-1	-1	-1	-1	-1	-1	-1	-1	-1
50160	-1	0	0	0	0	100	100	9	0	-1	12	-1	BSB0	-1	-1	-1	-1	-1	-1	-1	-1	-1	Q213600	-1	-1	-1	-1	0	0	0	0	100	100	9	-1	-1	12	-1	CSB0	-1	-1	-1	-1	-1	-1	-1	-1	-1	Q213600	-1	-1	-1	-1	0	0	0	0	100	100	9	0	-1	12	-1	ASB0	-1	-1	-1	-1	-1	-1	-1	-1	-1	Q213600	-1	-1	-1	-1
50161	-1	0	0	0	0	100	100	9	0	-1	-1	-1	-1	-1	-1	-1	-1	-1	-1	-1	-1	-1	-1	-1	-1	-1	-1	0	0	0	0	100	100	9	-1	-1	-1	-1	-1	-1	-1	-1	-1	-1	-1	-1	-1	-1	-1	-1	-1	-1	-1	0	0	0	0	100	100	9	0	-1	-1	-1	-1	-1	-1	-1	-1	-1	-1	-1	-1	-1	-1	-1	-1	-1	-1
50162	-1	0	0	0	0	100	100	9	0	-1	-1	-1	-1	-1	-1	-1	-1	-1	-1	-1	-1	-1	-1	-1	-1	-1	-1	0	0	0	0	100	100	9	-1	-1	-1	-1	-1	-1	-1	-1	-1	-1	-1	-1	-1	-1	-1	-1	-1	-1	-1	0	0	0	0	100	100	9	0	-1	-1	-1	-1	-1	-1	-1	-1	-1	-1	-1	-1	-1	-1	-1	-1	-1	-1
50163	-1	0	0	0	0	100	100	9	0	-1	-1	-1	-1	-1	-1	-1	-1	-1	-1	-1	-1	-1	-1	-1	-1	-1	-1	0	0	0	0	100	100	9	-1	-1	-1	-1	-1	-1	-1	-1	-1	-1	-1	-1	-1	-1	-1	-1	-1	-1	-1	0	0	0	0	100	100	9	0	-1	-1	-1	-1	-1	-1	-1	-1	-1	-1	-1	-1	-1	-1	-1	-1	-1	-1
50164	-1	0	0	0	0	100	100	9	0	-1	-1	-1	-1	-1	-1	-1	-1	-1	-1	-1	-1	-1	-1	-1	-1	-1	-1	0	0	0	0	100	100	9	-1	-1	-1	-1	-1	-1	-1	-1	-1	-1	-1	-1	-1	-1	-1	-1	-1	-1	-1	0	0	0	0	100	100	9	0	-1	-1	-1	-1	-1	-1	-1	-1	-1	-1	-1	-1	-1	-1	-1	-1	-1	-1
50165	-1	0	0	0	0	100	100	9	0	-1	12	-1	BSB0	-1	-1	-1	-1	-1	-1	-1	-1	-1	Q213650	-1	-1	-1	-1	0	0	0	0	100	100	9	-1	-1	12	-1	CSB0	-1	-1	-1	-1	-1	-1	-1	-1	-1	Q213650	-1	-1	-1	-1	0	0	0	0	100	100	9	0	-1	12	-1	ASB0	-1	-1	-1	-1	-1	-1	-1	-1	-1	Q213650	-1	-1	-1	-1
50166	-1	0	0	0	0	100	100	9	0	-1	-1	-1	-1	-1	-1	-1	-1	-1	-1	-1	-1	-1	-1	-1	-1	-1	-1	0	0	0	0	100	100	9	-1	-1	-1	-1	-1	-1	-1	-1	-1	-1	-1	-1	-1	-1	-1	-1	-1	-1	-1	0	0	0	0	100	100	9	0	-1	-1	-1	-1	-1	-1	-1	-1	-1	-1	-1	-1	-1	-1	-1	-1	-1	-1
50167	-1	0	0	0	0	100	100	9	0	-1	-1	-1	-1	-1	-1	-1	-1	-1	-1	-1	-1	-1	-1	-1	-1	-1	-1	0	0	0	0	100	100	9	-1	-1	-1	-1	-1	-1	-1	-1	-1	-1	-1	-1	-1	-1	-1	-1	-1	-1	-1	0	0	0	0	100	100	9	0	-1	-1	-1	-1	-1	-1	-1	-1	-1	-1	-1	-1	-1	-1	-1	-1	-1	-1
50168	-1	0	0	0	0	100	100	9	0	-1	-1	-1	-1	-1	-1	-1	-1	-1	-1	-1	-1	-1	-1	-1	-1	-1	-1	0	0	0	0	100	100	9	-1	-1	-1	-1	-1	-1	-1	-1	-1	-1	-1	-1	-1	-1	-1	-1	-1	-1	-1	0	0	0	0	100	100	9	0	-1	-1	-1	-1	-1	-1	-1	-1	-1	-1	-1	-1	-1	-1	-1	-1	-1	-1
50169	-1	0	0	0	0	100	100	9	0	-1	-1	-1	-1	-1	-1	-1	-1	-1	-1	-1	-1	-1	-1	-1	-1	-1	-1	0	0	0	0	100	100	9	-1	-1	-1	-1	-1	-1	-1	-1	-1	-1	-1	-1	-1	-1	-1	-1	-1	-1	-1	0	0	0	0	100	100	9	0	-1	-1	-1	-1	-1	-1	-1	-1	-1	-1	-1	-1	-1	-1	-1	-1	-1	-1
50170	-1	0	0	0	0	100	100	9	0	-1	12	-1	BSB0	-1	-1	-1	-1	-1	-1	-1	-1	-1	Q213700	-1	-1	-1	-1	0	0	0	0	100	100	9	-1	-1	12	-1	CSB0	-1	-1	-1	-1	-1	-1	-1	-1	-1	Q213700	-1	-1	-1	-1	0	0	0	0	100	100	9	0	-1	12	-1	ASB0	-1	-1	-1	-1	-1	-1	-1	-1	-1	Q213700	-1	-1	-1	-1
50171	-1	0	0	0	0	100	100	9	0	-1	-1	-1	-1	-1	-1	-1	-1	-1	-1	-1	-1	-1	-1	-1	-1	-1	-1	0	0	0	0	100	100	9	-1	-1	-1	-1	-1	-1	-1	-1	-1	-1	-1	-1	-1	-1	-1	-1	-1	-1	-1	0	0	0	0	100	100	9	0	-1	-1	-1	-1	-1	-1	-1	-1	-1	-1	-1	-1	-1	-1	-1	-1	-1	-1
50172	-1	0	0	0	0	100	100	9	0	-1	-1	-1	-1	-1	-1	-1	-1	-1	-1	-1	-1	-1	-1	-1	-1	-1	-1	0	0	0	0	100	100	9	-1	-1	-1	-1	-1	-1	-1	-1	-1	-1	-1	-1	-1	-1	-1	-1	-1	-1	-1	0	0	0	0	100	100	9	0	-1	-1	-1	-1	-1	-1	-1	-1	-1	-1	-1	-1	-1	-1	-1	-1	-1	-1
50173	-1	0	0	0	0	100	100	9	0	-1	-1	-1	-1	-1	-1	-1	-1	-1	-1	-1	-1	-1	-1	-1	-1	-1	-1	0	0	0	0	100	100	9	-1	-1	-1	-1	-1	-1	-1	-1	-1	-1	-1	-1	-1	-1	-1	-1	-1	-1	-1	0	0	0	0	100	100	9	0	-1	-1	-1	-1	-1	-1	-1	-1	-1	-1	-1	-1	-1	-1	-1	-1	-1	-1
50174	-1	0	0	0	0	100	100	9	0	-1	-1	-1	-1	-1	-1	-1	-1	-1	-1	-1	-1	-1	-1	-1	-1	-1	-1	0	0	0	0	100	100	9	-1	-1	-1	-1	-1	-1	-1	-1	-1	-1	-1	-1	-1	-1	-1	-1	-1	-1	-1	0	0	0	0	100	100	9	0	-1	-1	-1	-1	-1	-1	-1	-1	-1	-1	-1	-1	-1	-1	-1	-1	-1	-1
50175	-1	0	0	0	0	100	100	9	0	-1	-1	-1	-1	-1	-1	-1	-1	-1	-1	-1	-1	-1	-1	-1	-1	-1	-1	0	0	0	0	100	100	9	-1	-1	-1	-1	-1	-1	-1	-1	-1	-1	-1	-1	-1	-1	-1	-1	-1	-1	-1	0	0	0	0	100	100	9	0	-1	-1	-1	-1	-1	-1	-1	-1	-1	-1	-1	-1	-1	-1	-1	-1	-1	-1
50176	-1	0	0	0	0	100	100	9	0	-1	12	-1	BSB0	-1	-1	-1	-1	-1	-1	-1	-1	-1	Q213760	-1	-1	-1	-1	0	0	0	0	100	100	9	-1	-1	12	-1	CSB0	-1	-1	-1	-1	-1	-1	-1	-1	-1	Q213760	-1	-1	-1	-1	0	0	0	0	100	100	9	0	-1	12	-1	ASB0	-1	-1	-1	-1	-1	-1	-1	-1	-1	Q213760	-1	-1	-1	-1
50177	-1	0	0	0	0	100	100	9	0	-1	-1	-1	-1	-1	-1	-1	-1	-1	-1	-1	-1	-1	-1	-1	-1	-1	-1	0	0	0	0	100	100	9	-1	-1	-1	-1	-1	-1	-1	-1	-1	-1	-1	-1	-1	-1	-1	-1	-1	-1	-1	0	0	0	0	100	100	9	0	-1	-1	-1	-1	-1	-1	-1	-1	-1	-1	-1	-1	-1	-1	-1	-1	-1	-1
50178	-1	0	0	0	0	100	100	9	0	-1	-1	-1	-1	-1	-1	-1	-1	-1	-1	-1	-1	-1	-1	-1	-1	-1	-1	0	0	0	0	100	100	9	-1	-1	-1	-1	-1	-1	-1	-1	-1	-1	-1	-1	-1	-1	-1	-1	-1	-1	-1	0	0	0	0	100	100	9	0	-1	-1	-1	-1	-1	-1	-1	-1	-1	-1	-1	-1	-1	-1	-1	-1	-1	-1
50179	-1	0	0	0	0	100	100	9	0	-1	-1	-1	-1	-1	-1	-1	-1	-1	-1	-1	-1	-1	-1	-1	-1	-1	-1	0	0	0	0	100	100	9	-1	-1	-1	-1	-1	-1	-1	-1	-1	-1	-1	-1	-1	-1	-1	-1	-1	-1	-1	0	0	0	0	100	100	9	0	-1	-1	-1	-1	-1	-1	-1	-1	-1	-1	-1	-1	-1	-1	-1	-1	-1	-1
50180	-1	0	0	0	0	100	100	9	0	-1	-1	-1	-1	-1	-1	-1	-1	-1	-1	-1	-1	-1	-1	-1	-1	-1	-1	0	0	0	0	100	100	9	-1	-1	-1	-1	-1	-1	-1	-1	-1	-1	-1	-1	-1	-1	-1	-1	-1	-1	-1	0	0	0	0	100	100	9	0	-1	-1	-1	-1	-1	-1	-1	-1	-1	-1	-1	-1	-1	-1	-1	-1	-1	-1
50181	-1	0	0	0	0	100	100	9	0	-1	-1	-1	-1	-1	-1	-1	-1	-1	-1	-1	-1	-1	-1	-1	-1	-1	-1	0	0	0	0	100	100	9	-1	-1	-1	-1	-1	-1	-1	-1	-1	-1	-1	-1	-1	-1	-1	-1	-1	-1	-1	0	0	0	0	100	100	9	0	-1	-1	-1	-1	-1	-1	-1	-1	-1	-1	-1	-1	-1	-1	-1	-1	-1	-1
50182	-1	0	0	0	0	100	100	9	0	-1	12	-1	BSB0	-1	-1	-1	-1	-1	-1	-1	-1	-1	Q213820	-1	-1	-1	-1	0	0	0	0	100	100	9	-1	-1	12	-1	CSB0	-1	-1	-1	-1	-1	-1	-1	-1	-1	Q213820	-1	-1	-1	-1	0	0	0	0	100	100	9	0	-1	12	-1	ASB0	-1	-1	-1	-1	-1	-1	-1	-1	-1	Q213820	-1	-1	-1	-1
50183	-1	0	0	0	0	100	100	9	0	-1	-1	-1	-1	-1	-1	-1	-1	-1	-1	-1	-1	-1	-1	-1	-1	-1	-1	0	0	0	0	100	100	9	-1	-1	-1	-1	-1	-1	-1	-1	-1	-1	-1	-1	-1	-1	-1	-1	-1	-1	-1	0	0	0	0	100	100	9	0	-1	-1	-1	-1	-1	-1	-1	-1	-1	-1	-1	-1	-1	-1	-1	-1	-1	-1
50184	-1	0	0	0	0	100	100	9	0	-1	-1	-1	-1	-1	-1	-1	-1	-1	-1	-1	-1	-1	-1	-1	-1	-1	-1	0	0	0	0	100	100	9	-1	-1	-1	-1	-1	-1	-1	-1	-1	-1	-1	-1	-1	-1	-1	-1	-1	-1	-1	0	0	0	0	100	100	9	0	-1	-1	-1	-1	-1	-1	-1	-1	-1	-1	-1	-1	-1	-1	-1	-1	-1	-1
50185	-1	0	0	0	0	100	100	9	0	-1	-1	-1	-1	-1	-1	-1	-1	-1	-1	-1	-1	-1	-1	-1	-1	-1	-1	0	0	0	0	100	100	9	-1	-1	-1	-1	-1	-1	-1	-1	-1	-1	-1	-1	-1	-1	-1	-1	-1	-1	-1	0	0	0	0	100	100	9	0	-1	-1	-1	-1	-1	-1	-1	-1	-1	-1	-1	-1	-1	-1	-1	-1	-1	-1
50186	-1	0	0	0	0	100	100	9	0	-1	-1	-1	-1	-1	-1	-1	-1	-1	-1	-1	-1	-1	-1	-1	-1	-1	-1	0	0	0	0	100	100	9	-1	-1	-1	-1	-1	-1	-1	-1	-1	-1	-1	-1	-1	-1	-1	-1	-1	-1	-1	0	0	0	0	100	100	9	0	-1	-1	-1	-1	-1	-1	-1	-1	-1	-1	-1	-1	-1	-1	-1	-1	-1	-1
50187	-1	0	0	0	0	100	100	9	0	-1	-1	-1	-1	-1	-1	-1	-1	-1	-1	-1	-1	-1	-1	-1	-1	-1	-1	0	0	0	0	100	100	9	-1	-1	-1	-1	-1	-1	-1	-1	-1	-1	-1	-1	-1	-1	-1	-1	-1	-1	-1	0	0	0	0	100	100	9	0	-1	-1	-1	-1	-1	-1	-1	-1	-1	-1	-1	-1	-1	-1	-1	-1	-1	-1
50188	-1	0	0	0	0	100	100	9	0	-1	12	-1	BSB0	-1	-1	-1	-1	-1	-1	-1	-1	-1	Q213880	-1	-1	-1	-1	0	0	0	0	100	100	9	-1	-1	12	-1	CSB0	-1	-1	-1	-1	-1	-1	-1	-1	-1	Q213880	-1	-1	-1	-1	0	0	0	0	100	100	9	0	-1	12	-1	ASB0	-1	-1	-1	-1	-1	-1	-1	-1	-1	Q213880	-1	-1	-1	-1
50189	-1	0	0	0	0	100	100	9	0	-1	-1	-1	-1	-1	-1	-1	-1	-1	-1	-1	-1	-1	-1	-1	-1	-1	-1	0	0	0	0	100	100	9	-1	-1	-1	-1	-1	-1	-1	-1	-1	-1	-1	-1	-1	-1	-1	-1	-1	-1	-1	0	0	0	0	100	100	9	0	-1	-1	-1	-1	-1	-1	-1	-1	-1	-1	-1	-1	-1	-1	-1	-1	-1	-1
50190	-1	0	0	0	0	100	100	9	0	-1	-1	-1	-1	-1	-1	-1	-1	-1	-1	-1	-1	-1	-1	-1	-1	-1	-1	0	0	0	0	100	100	9	-1	-1	-1	-1	-1	-1	-1	-1	-1	-1	-1	-1	-1	-1	-1	-1	-1	-1	-1	0	0	0	0	100	100	9	0	-1	-1	-1	-1	-1	-1	-1	-1	-1	-1	-1	-1	-1	-1	-1	-1	-1	-1
50191	-1	0	0	0	0	100	100	9	0	-1	-1	-1	-1	-1	-1	-1	-1	-1	-1	-1	-1	-1	-1	-1	-1	-1	-1	0	0	0	0	100	100	9	-1	-1	-1	-1	-1	-1	-1	-1	-1	-1	-1	-1	-1	-1	-1	-1	-1	-1	-1	0	0	0	0	100	100	9	0	-1	-1	-1	-1	-1	-1	-1	-1	-1	-1	-1	-1	-1	-1	-1	-1	-1	-1
50192	-1	0	0	0	0	100	100	9	0	-1	-1	-1	-1	-1	-1	-1	-1	-1	-1	-1	-1	-1	-1	-1	-1	-1	-1	0	0	0	0	100	100	9	-1	-1	-1	-1	-1	-1	-1	-1	-1	-1	-1	-1	-1	-1	-1	-1	-1	-1	-1	0	0	0	0	100	100	9	0	-1	-1	-1	-1	-1	-1	-1	-1	-1	-1	-1	-1	-1	-1	-1	-1	-1	-1
50193	-1	0	0	0	0	100	100	9	0	-1	-1	-1	-1	-1	-1	-1	-1	-1	-1	-1	-1	-1	-1	-1	-1	-1	-1	0	0	0	0	100	100	9	-1	-1	-1	-1	-1	-1	-1	-1	-1	-1	-1	-1	-1	-1	-1	-1	-1	-1	-1	0	0	0	0	100	100	9	0	-1	-1	-1	-1	-1	-1	-1	-1	-1	-1	-1	-1	-1	-1	-1	-1	-1	-1
50194	-1	0	0	0	0	100	100	9	0	-1	12	-1	BSB0	-1	-1	-1	-1	-1	-1	-1	-1	-1	Q213940	-1	-1	-1	-1	0	0	0	0	100	100	9	-1	-1	12	-1	CSB0	-1	-1	-1	-1	-1	-1	-1	-1	-1	Q213940	-1	-1	-1	-1	0	0	0	0	100	100	9	0	-1	12	-1	ASB0	-1	-1	-1	-1	-1	-1	-1	-1	-1	Q213940	-1	-1	-1	-1
50195	-1	0	0	0	0	100	100	9	0	-1	-1	-1	-1	-1	-1	-1	-1	-1	-1	-1	-1	-1	-1	-1	-1	-1	-1	0	0	0	0	100	100	9	-1	-1	-1	-1	-1	-1	-1	-1	-1	-1	-1	-1	-1	-1	-1	-1	-1	-1	-1	0	0	0	0	100	100	9	0	-1	-1	-1	-1	-1	-1	-1	-1	-1	-1	-1	-1	-1	-1	-1	-1	-1	-1
50196	-1	0	0	0	0	100	100	9	0	-1	-1	-1	-1	-1	-1	-1	-1	-1	-1	-1	-1	-1	-1	-1	-1	-1	-1	0	0	0	0	100	100	9	-1	-1	-1	-1	-1	-1	-1	-1	-1	-1	-1	-1	-1	-1	-1	-1	-1	-1	-1	0	0	0	0	100	100	9	0	-1	-1	-1	-1	-1	-1	-1	-1	-1	-1	-1	-1	-1	-1	-1	-1	-1	-1
50197	-1	0	0	0	0	100	100	9	0	-1	-1	-1	-1	-1	-1	-1	-1	-1	-1	-1	-1	-1	-1	-1	-1	-1	-1	0	0	0	0	100	100	9	-1	-1	-1	-1	-1	-1	-1	-1	-1	-1	-1	-1	-1	-1	-1	-1	-1	-1	-1	0	0	0	0	100	100	9	0	-1	-1	-1	-1	-1	-1	-1	-1	-1	-1	-1	-1	-1	-1	-1	-1	-1	-1
50198	-1	0	0	0	0	100	100	9	0	-1	-1	-1	-1	-1	-1	-1	-1	-1	-1	-1	-1	-1	-1	-1	-1	-1	-1	0	0	0	0	100	100	9	-1	-1	-1	-1	-1	-1	-1	-1	-1	-1	-1	-1	-1	-1	-1	-1	-1	-1	-1	0	0	0	0	100	100	9	0	-1	-1	-1	-1	-1	-1	-1	-1	-1	-1	-1	-1	-1	-1	-1	-1	-1	-1
50199	-1	0	0	0	0	100	100	9	0	-1	12	-1	BSB0	-1	-1	-1	-1	-1	-1	-1	-1	-1	Q213990	-1	-1	-1	-1	0	0	0	0	100	100	9	-1	-1	12	-1	CSB0	-1	-1	-1	-1	-1	-1	-1	-1	-1	Q213990	-1	-1	-1	-1	0	0	0	0	100	100	9	0	-1	12	-1	ASB0	-1	-1	-1	-1	-1	-1	-1	-1	-1	Q213990	-1	-1	-1	-1
50201	-1	0	0	0	0	100	100	9	0	-1	-1	-1	-1	-1	-1	-1	-1	-1	-1	-1	-1	-1	-1	-1	-1	-1	-1	0	0	0	0	100	100	9	-1	-1	-1	-1	-1	-1	-1	-1	-1	-1	-1	-1	-1	-1	-1	-1	-1	-1	-1	0	0	0	0	100	100	9	0	-1	-1	-1	-1	-1	-1	-1	-1	-1	-1	-1	-1	-1	-1	-1	-1	-1	-1
50202	-1	0	0	0	0	100	100	9	0	-1	12	-1	BSB0	-1	-1	-1	-1	-1	-1	-1	-1	-1	Q223020	-1	-1	-1	-1	0	0	0	0	100	100	9	-1	-1	12	-1	CSB0	-1	-1	-1	-1	-1	-1	-1	-1	-1	Q223020	-1	-1	-1	-1	0	0	0	0	100	100	9	0	-1	12	-1	ASB0	-1	-1	-1	-1	-1	-1	-1	-1	-1	Q223020	-1	-1	-1	-1
50203	-1	0	0	0	0	100	100	9	0	-1	-1	-1	-1	-1	-1	-1	-1	-1	-1	-1	-1	-1	-1	-1	-1	-1	-1	0	0	0	0	100	100	9	-1	-1	-1	-1	-1	-1	-1	-1	-1	-1	-1	-1	-1	-1	-1	-1	-1	-1	-1	0	0	0	0	100	100	9	0	-1	-1	-1	-1	-1	-1	-1	-1	-1	-1	-1	-1	-1	-1	-1	-1	-1	-1
50204	-1	0	0	0	0	100	100	9	0	-1	-1	-1	-1	-1	-1	-1	-1	-1	-1	-1	-1	-1	-1	-1	-1	-1	-1	0	0	0	0	100	100	9	-1	-1	-1	-1	-1	-1	-1	-1	-1	-1	-1	-1	-1	-1	-1	-1	-1	-1	-1	0	0	0	0	100	100	9	0	-1	-1	-1	-1	-1	-1	-1	-1	-1	-1	-1	-1	-1	-1	-1	-1	-1	-1
50205	-1	0	0	0	0	100	100	9	0	-1	12	-1	BSB0	-1	-1	-1	-1	-1	-1	-1	-1	-1	Q223050	-1	-1	-1	-1	0	0	0	0	100	100	9	-1	-1	12	-1	CSB0	-1	-1	-1	-1	-1	-1	-1	-1	-1	Q223050	-1	-1	-1	-1	0	0	0	0	100	100	9	0	-1	12	-1	ASB0	-1	-1	-1	-1	-1	-1	-1	-1	-1	Q223050	-1	-1	-1	-1
50206	-1	0	0	0	0	100	100	9	0	-1	-1	-1	-1	-1	-1	-1	-1	-1	-1	-1	-1	-1	-1	-1	-1	-1	-1	0	0	0	0	100	100	9	-1	-1	-1	-1	-1	-1	-1	-1	-1	-1	-1	-1	-1	-1	-1	-1	-1	-1	-1	0	0	0	0	100	100	9	0	-1	-1	-1	-1	-1	-1	-1	-1	-1	-1	-1	-1	-1	-1	-1	-1	-1	-1
50207	-1	0	0	0	0	100	100	9	0	-1	-1	-1	-1	-1	-1	-1	-1	-1	-1	-1	-1	-1	-1	-1	-1	-1	-1	0	0	0	0	100	100	9	-1	-1	-1	-1	-1	-1	-1	-1	-1	-1	-1	-1	-1	-1	-1	-1	-1	-1	-1	0	0	0	0	100	100	9	0	-1	-1	-1	-1	-1	-1	-1	-1	-1	-1	-1	-1	-1	-1	-1	-1	-1	-1
50208	-1	0	0	0	0	100	100	9	0	-1	-1	-1	-1	-1	-1	-1	-1	-1	-1	-1	-1	-1	-1	-1	-1	-1	-1	0	0	0	0	100	100	9	-1	-1	-1	-1	-1	-1	-1	-1	-1	-1	-1	-1	-1	-1	-1	-1	-1	-1	-1	0	0	0	0	100	100	9	0	-1	-1	-1	-1	-1	-1	-1	-1	-1	-1	-1	-1	-1	-1	-1	-1	-1	-1
50209	-1	0	0	0	0	100	100	9	0	-1	-1	-1	-1	-1	-1	-1	-1	-1	-1	-1	-1	-1	-1	-1	-1	-1	-1	0	0	0	0	100	100	9	-1	-1	-1	-1	-1	-1	-1	-1	-1	-1	-1	-1	-1	-1	-1	-1	-1	-1	-1	0	0	0	0	100	100	9	0	-1	-1	-1	-1	-1	-1	-1	-1	-1	-1	-1	-1	-1	-1	-1	-1	-1	-1
50210	-1	0	0	0	0	100	100	9	0	-1	12	-1	BSB0	-1	-1	-1	-1	-1	-1	-1	-1	-1	Q223100	-1	-1	-1	-1	0	0	0	0	100	100	9	-1	-1	12	-1	CSB0	-1	-1	-1	-1	-1	-1	-1	-1	-1	Q223100	-1	-1	-1	-1	0	0	0	0	100	100	9	0	-1	12	-1	ASB0	-1	-1	-1	-1	-1	-1	-1	-1	-1	Q223100	-1	-1	-1	-1
50211	-1	0	0	0	0	100	100	9	0	-1	-1	-1	-1	-1	-1	-1	-1	-1	-1	-1	-1	-1	-1	-1	-1	-1	-1	0	0	0	0	100	100	9	-1	-1	-1	-1	-1	-1	-1	-1	-1	-1	-1	-1	-1	-1	-1	-1	-1	-1	-1	0	0	0	0	100	100	9	0	-1	-1	-1	-1	-1	-1	-1	-1	-1	-1	-1	-1	-1	-1	-1	-1	-1	-1
50212	-1	0	0	0	0	100	100	9	0	-1	-1	-1	-1	-1	-1	-1	-1	-1	-1	-1	-1	-1	-1	-1	-1	-1	-1	0	0	0	0	100	100	9	-1	-1	-1	-1	-1	-1	-1	-1	-1	-1	-1	-1	-1	-1	-1	-1	-1	-1	-1	0	0	0	0	100	100	9	0	-1	-1	-1	-1	-1	-1	-1	-1	-1	-1	-1	-1	-1	-1	-1	-1	-1	-1
50213	-1	0	0	0	0	100	100	9	0	-1	-1	-1	-1	-1	-1	-1	-1	-1	-1	-1	-1	-1	-1	-1	-1	-1	-1	0	0	0	0	100	100	9	-1	-1	-1	-1	-1	-1	-1	-1	-1	-1	-1	-1	-1	-1	-1	-1	-1	-1	-1	0	0	0	0	100	100	9	0	-1	-1	-1	-1	-1	-1	-1	-1	-1	-1	-1	-1	-1	-1	-1	-1	-1	-1
50214	-1	0	0	0	0	100	100	9	0	-1	-1	-1	-1	-1	-1	-1	-1	-1	-1	-1	-1	-1	-1	-1	-1	-1	-1	0	0	0	0	100	100	9	-1	-1	-1	-1	-1	-1	-1	-1	-1	-1	-1	-1	-1	-1	-1	-1	-1	-1	-1	0	0	0	0	100	100	9	0	-1	-1	-1	-1	-1	-1	-1	-1	-1	-1	-1	-1	-1	-1	-1	-1	-1	-1
50215	-1	0	0	0	0	100	100	9	0	-1	12	-1	BSB0	-1	-1	-1	-1	-1	-1	-1	-1	-1	Q223150	-1	-1	-1	-1	0	0	0	0	100	100	9	-1	-1	12	-1	CSB0	-1	-1	-1	-1	-1	-1	-1	-1	-1	Q223150	-1	-1	-1	-1	0	0	0	0	100	100	9	0	-1	12	-1	ASB0	-1	-1	-1	-1	-1	-1	-1	-1	-1	Q223150	-1	-1	-1	-1
50216	-1	0	0	0	0	100	100	9	0	-1	-1	-1	-1	-1	-1	-1	-1	-1	-1	-1	-1	-1	-1	-1	-1	-1	-1	0	0	0	0	100	100	9	-1	-1	-1	-1	-1	-1	-1	-1	-1	-1	-1	-1	-1	-1	-1	-1	-1	-1	-1	0	0	0	0	100	100	9	0	-1	-1	-1	-1	-1	-1	-1	-1	-1	-1	-1	-1	-1	-1	-1	-1	-1	-1
50217	-1	0	0	0	0	100	100	9	0	-1	-1	-1	-1	-1	-1	-1	-1	-1	-1	-1	-1	-1	-1	-1	-1	-1	-1	0	0	0	0	100	100	9	-1	-1	-1	-1	-1	-1	-1	-1	-1	-1	-1	-1	-1	-1	-1	-1	-1	-1	-1	0	0	0	0	100	100	9	0	-1	-1	-1	-1	-1	-1	-1	-1	-1	-1	-1	-1	-1	-1	-1	-1	-1	-1
50218	-1	0	0	0	0	100	100	9	0	-1	-1	-1	-1	-1	-1	-1	-1	-1	-1	-1	-1	-1	-1	-1	-1	-1	-1	0	0	0	0	100	100	9	-1	-1	-1	-1	-1	-1	-1	-1	-1	-1	-1	-1	-1	-1	-1	-1	-1	-1	-1	0	0	0	0	100	100	9	0	-1	-1	-1	-1	-1	-1	-1	-1	-1	-1	-1	-1	-1	-1	-1	-1	-1	-1
50219	-1	0	0	0	0	100	100	9	0	-1	-1	-1	-1	-1	-1	-1	-1	-1	-1	-1	-1	-1	-1	-1	-1	-1	-1	0	0	0	0	100	100	9	-1	-1	-1	-1	-1	-1	-1	-1	-1	-1	-1	-1	-1	-1	-1	-1	-1	-1	-1	0	0	0	0	100	100	9	0	-1	-1	-1	-1	-1	-1	-1	-1	-1	-1	-1	-1	-1	-1	-1	-1	-1	-1
50220	-1	0	0	0	0	100	100	9	0	-1	12	-1	BSB0	-1	-1	-1	-1	-1	-1	-1	-1	-1	Q223200	-1	-1	-1	-1	0	0	0	0	100	100	9	-1	-1	12	-1	CSB0	-1	-1	-1	-1	-1	-1	-1	-1	-1	Q223200	-1	-1	-1	-1	0	0	0	0	100	100	9	0	-1	12	-1	ASB0	-1	-1	-1	-1	-1	-1	-1	-1	-1	Q223200	-1	-1	-1	-1
50221	-1	0	0	0	0	100	100	9	0	-1	-1	-1	-1	-1	-1	-1	-1	-1	-1	-1	-1	-1	-1	-1	-1	-1	-1	0	0	0	0	100	100	9	-1	-1	-1	-1	-1	-1	-1	-1	-1	-1	-1	-1	-1	-1	-1	-1	-1	-1	-1	0	0	0	0	100	100	9	0	-1	-1	-1	-1	-1	-1	-1	-1	-1	-1	-1	-1	-1	-1	-1	-1	-1	-1
50222	-1	0	0	0	0	100	100	9	0	-1	-1	-1	-1	-1	-1	-1	-1	-1	-1	-1	-1	-1	-1	-1	-1	-1	-1	0	0	0	0	100	100	9	-1	-1	-1	-1	-1	-1	-1	-1	-1	-1	-1	-1	-1	-1	-1	-1	-1	-1	-1	0	0	0	0	100	100	9	0	-1	-1	-1	-1	-1	-1	-1	-1	-1	-1	-1	-1	-1	-1	-1	-1	-1	-1
50223	-1	0	0	0	0	100	100	9	0	-1	-1	-1	-1	-1	-1	-1	-1	-1	-1	-1	-1	-1	-1	-1	-1	-1	-1	0	0	0	0	100	100	9	-1	-1	-1	-1	-1	-1	-1	-1	-1	-1	-1	-1	-1	-1	-1	-1	-1	-1	-1	0	0	0	0	100	100	9	0	-1	-1	-1	-1	-1	-1	-1	-1	-1	-1	-1	-1	-1	-1	-1	-1	-1	-1
50224	-1	0	0	0	0	100	100	9	0	-1	-1	-1	-1	-1	-1	-1	-1	-1	-1	-1	-1	-1	-1	-1	-1	-1	-1	0	0	0	0	100	100	9	-1	-1	-1	-1	-1	-1	-1	-1	-1	-1	-1	-1	-1	-1	-1	-1	-1	-1	-1	0	0	0	0	100	100	9	0	-1	-1	-1	-1	-1	-1	-1	-1	-1	-1	-1	-1	-1	-1	-1	-1	-1	-1
50225	-1	0	0	0	0	100	100	9	0	-1	12	-1	BSB0	-1	-1	-1	-1	-1	-1	-1	-1	-1	Q223250	-1	-1	-1	-1	0	0	0	0	100	100	9	-1	-1	12	-1	CSB0	-1	-1	-1	-1	-1	-1	-1	-1	-1	Q223250	-1	-1	-1	-1	0	0	0	0	100	100	9	0	-1	12	-1	ASB0	-1	-1	-1	-1	-1	-1	-1	-1	-1	Q223250	-1	-1	-1	-1
50226	-1	0	0	0	0	100	100	9	0	-1	-1	-1	-1	-1	-1	-1	-1	-1	-1	-1	-1	-1	-1	-1	-1	-1	-1	0	0	0	0	100	100	9	-1	-1	-1	-1	-1	-1	-1	-1	-1	-1	-1	-1	-1	-1	-1	-1	-1	-1	-1	0	0	0	0	100	100	9	0	-1	-1	-1	-1	-1	-1	-1	-1	-1	-1	-1	-1	-1	-1	-1	-1	-1	-1
50227	-1	0	0	0	0	100	100	9	0	-1	-1	-1	-1	-1	-1	-1	-1	-1	-1	-1	-1	-1	-1	-1	-1	-1	-1	0	0	0	0	100	100	9	-1	-1	-1	-1	-1	-1	-1	-1	-1	-1	-1	-1	-1	-1	-1	-1	-1	-1	-1	0	0	0	0	100	100	9	0	-1	-1	-1	-1	-1	-1	-1	-1	-1	-1	-1	-1	-1	-1	-1	-1	-1	-1
50228	-1	0	0	0	0	100	100	9	0	-1	-1	-1	-1	-1	-1	-1	-1	-1	-1	-1	-1	-1	-1	-1	-1	-1	-1	0	0	0	0	100	100	9	-1	-1	-1	-1	-1	-1	-1	-1	-1	-1	-1	-1	-1	-1	-1	-1	-1	-1	-1	0	0	0	0	100	100	9	0	-1	-1	-1	-1	-1	-1	-1	-1	-1	-1	-1	-1	-1	-1	-1	-1	-1	-1
50229	-1	0	0	0	0	100	100	9	0	-1	-1	-1	-1	-1	-1	-1	-1	-1	-1	-1	-1	-1	-1	-1	-1	-1	-1	0	0	0	0	100	100	9	-1	-1	-1	-1	-1	-1	-1	-1	-1	-1	-1	-1	-1	-1	-1	-1	-1	-1	-1	0	0	0	0	100	100	9	0	-1	-1	-1	-1	-1	-1	-1	-1	-1	-1	-1	-1	-1	-1	-1	-1	-1	-1
50230	-1	0	0	0	0	100	100	9	0	-1	12	-1	BSB0	-1	-1	-1	-1	-1	-1	-1	-1	-1	Q223300	-1	-1	-1	-1	0	0	0	0	100	100	9	-1	-1	12	-1	CSB0	-1	-1	-1	-1	-1	-1	-1	-1	-1	Q223300	-1	-1	-1	-1	0	0	0	0	100	100	9	0	-1	12	-1	ASB0	-1	-1	-1	-1	-1	-1	-1	-1	-1	Q223300	-1	-1	-1	-1
50231	-1	0	0	0	0	100	100	9	0	-1	-1	-1	-1	-1	-1	-1	-1	-1	-1	-1	-1	-1	-1	-1	-1	-1	-1	0	0	0	0	100	100	9	-1	-1	-1	-1	-1	-1	-1	-1	-1	-1	-1	-1	-1	-1	-1	-1	-1	-1	-1	0	0	0	0	100	100	9	0	-1	-1	-1	-1	-1	-1	-1	-1	-1	-1	-1	-1	-1	-1	-1	-1	-1	-1
50232	-1	0	0	0	0	100	100	9	0	-1	-1	-1	-1	-1	-1	-1	-1	-1	-1	-1	-1	-1	-1	-1	-1	-1	-1	0	0	0	0	100	100	9	-1	-1	-1	-1	-1	-1	-1	-1	-1	-1	-1	-1	-1	-1	-1	-1	-1	-1	-1	0	0	0	0	100	100	9	0	-1	-1	-1	-1	-1	-1	-1	-1	-1	-1	-1	-1	-1	-1	-1	-1	-1	-1
50233	-1	0	0	0	0	100	100	9	0	-1	-1	-1	-1	-1	-1	-1	-1	-1	-1	-1	-1	-1	-1	-1	-1	-1	-1	0	0	0	0	100	100	9	-1	-1	-1	-1	-1	-1	-1	-1	-1	-1	-1	-1	-1	-1	-1	-1	-1	-1	-1	0	0	0	0	100	100	9	0	-1	-1	-1	-1	-1	-1	-1	-1	-1	-1	-1	-1	-1	-1	-1	-1	-1	-1
50234	-1	0	0	0	0	100	100	9	0	-1	-1	-1	-1	-1	-1	-1	-1	-1	-1	-1	-1	-1	-1	-1	-1	-1	-1	0	0	0	0	100	100	9	-1	-1	-1	-1	-1	-1	-1	-1	-1	-1	-1	-1	-1	-1	-1	-1	-1	-1	-1	0	0	0	0	100	100	9	0	-1	-1	-1	-1	-1	-1	-1	-1	-1	-1	-1	-1	-1	-1	-1	-1	-1	-1
50235	-1	0	0	0	0	100	100	9	0	-1	12	-1	BSB0	-1	-1	-1	-1	-1	-1	-1	-1	-1	Q223350	-1	-1	-1	-1	0	0	0	0	100	100	9	-1	-1	12	-1	CSB0	-1	-1	-1	-1	-1	-1	-1	-1	-1	Q223350	-1	-1	-1	-1	0	0	0	0	100	100	9	0	-1	12	-1	ASB0	-1	-1	-1	-1	-1	-1	-1	-1	-1	Q223350	-1	-1	-1	-1
50236	-1	0	0	0	0	100	100	9	0	-1	-1	-1	-1	-1	-1	-1	-1	-1	-1	-1	-1	-1	-1	-1	-1	-1	-1	0	0	0	0	100	100	9	-1	-1	-1	-1	-1	-1	-1	-1	-1	-1	-1	-1	-1	-1	-1	-1	-1	-1	-1	0	0	0	0	100	100	9	0	-1	-1	-1	-1	-1	-1	-1	-1	-1	-1	-1	-1	-1	-1	-1	-1	-1	-1
50237	-1	0	0	0	0	100	100	9	0	-1	-1	-1	-1	-1	-1	-1	-1	-1	-1	-1	-1	-1	-1	-1	-1	-1	-1	0	0	0	0	100	100	9	-1	-1	-1	-1	-1	-1	-1	-1	-1	-1	-1	-1	-1	-1	-1	-1	-1	-1	-1	0	0	0	0	100	100	9	0	-1	-1	-1	-1	-1	-1	-1	-1	-1	-1	-1	-1	-1	-1	-1	-1	-1	-1
50238	-1	0	0	0	0	100	100	9	0	-1	-1	-1	-1	-1	-1	-1	-1	-1	-1	-1	-1	-1	-1	-1	-1	-1	-1	0	0	0	0	100	100	9	-1	-1	-1	-1	-1	-1	-1	-1	-1	-1	-1	-1	-1	-1	-1	-1	-1	-1	-1	0	0	0	0	100	100	9	0	-1	-1	-1	-1	-1	-1	-1	-1	-1	-1	-1	-1	-1	-1	-1	-1	-1	-1
50239	-1	0	0	0	0	100	100	9	0	-1	-1	-1	-1	-1	-1	-1	-1	-1	-1	-1	-1	-1	-1	-1	-1	-1	-1	0	0	0	0	100	100	9	-1	-1	-1	-1	-1	-1	-1	-1	-1	-1	-1	-1	-1	-1	-1	-1	-1	-1	-1	0	0	0	0	100	100	9	0	-1	-1	-1	-1	-1	-1	-1	-1	-1	-1	-1	-1	-1	-1	-1	-1	-1	-1
50240	-1	0	0	0	0	100	100	9	0	-1	12	-1	BSB0	-1	-1	-1	-1	-1	-1	-1	-1	-1	Q223400	-1	-1	-1	-1	0	0	0	0	100	100	9	-1	-1	12	-1	CSB0	-1	-1	-1	-1	-1	-1	-1	-1	-1	Q223400	-1	-1	-1	-1	0	0	0	0	100	100	9	0	-1	12	-1	ASB0	-1	-1	-1	-1	-1	-1	-1	-1	-1	Q223400	-1	-1	-1	-1
50241	-1	0	0	0	0	100	100	9	0	-1	-1	-1	-1	-1	-1	-1	-1	-1	-1	-1	-1	-1	-1	-1	-1	-1	-1	0	0	0	0	100	100	9	-1	-1	-1	-1	-1	-1	-1	-1	-1	-1	-1	-1	-1	-1	-1	-1	-1	-1	-1	0	0	0	0	100	100	9	0	-1	-1	-1	-1	-1	-1	-1	-1	-1	-1	-1	-1	-1	-1	-1	-1	-1	-1
50242	-1	0	0	0	0	100	100	9	0	-1	-1	-1	-1	-1	-1	-1	-1	-1	-1	-1	-1	-1	-1	-1	-1	-1	-1	0	0	0	0	100	100	9	-1	-1	-1	-1	-1	-1	-1	-1	-1	-1	-1	-1	-1	-1	-1	-1	-1	-1	-1	0	0	0	0	100	100	9	0	-1	-1	-1	-1	-1	-1	-1	-1	-1	-1	-1	-1	-1	-1	-1	-1	-1	-1
50243	-1	0	0	0	0	100	100	9	0	-1	-1	-1	-1	-1	-1	-1	-1	-1	-1	-1	-1	-1	-1	-1	-1	-1	-1	0	0	0	0	100	100	9	-1	-1	-1	-1	-1	-1	-1	-1	-1	-1	-1	-1	-1	-1	-1	-1	-1	-1	-1	0	0	0	0	100	100	9	0	-1	-1	-1	-1	-1	-1	-1	-1	-1	-1	-1	-1	-1	-1	-1	-1	-1	-1
50244	-1	0	0	0	0	100	100	9	0	-1	-1	-1	-1	-1	-1	-1	-1	-1	-1	-1	-1	-1	-1	-1	-1	-1	-1	0	0	0	0	100	100	9	-1	-1	-1	-1	-1	-1	-1	-1	-1	-1	-1	-1	-1	-1	-1	-1	-1	-1	-1	0	0	0	0	100	100	9	0	-1	-1	-1	-1	-1	-1	-1	-1	-1	-1	-1	-1	-1	-1	-1	-1	-1	-1
50245	-1	0	0	0	0	100	100	9	0	-1	12	-1	BSB0	-1	-1	-1	-1	-1	-1	-1	-1	-1	Q223450	-1	-1	-1	-1	0	0	0	0	100	100	9	-1	-1	12	-1	CSB0	-1	-1	-1	-1	-1	-1	-1	-1	-1	Q223450	-1	-1	-1	-1	0	0	0	0	100	100	9	0	-1	12	-1	ASB0	-1	-1	-1	-1	-1	-1	-1	-1	-1	Q223450	-1	-1	-1	-1
50246	-1	0	0	0	0	100	100	9	0	-1	-1	-1	-1	-1	-1	-1	-1	-1	-1	-1	-1	-1	-1	-1	-1	-1	-1	0	0	0	0	100	100	9	-1	-1	-1	-1	-1	-1	-1	-1	-1	-1	-1	-1	-1	-1	-1	-1	-1	-1	-1	0	0	0	0	100	100	9	0	-1	-1	-1	-1	-1	-1	-1	-1	-1	-1	-1	-1	-1	-1	-1	-1	-1	-1
50247	-1	0	0	0	0	100	100	9	0	-1	-1	-1	-1	-1	-1	-1	-1	-1	-1	-1	-1	-1	-1	-1	-1	-1	-1	0	0	0	0	100	100	9	-1	-1	-1	-1	-1	-1	-1	-1	-1	-1	-1	-1	-1	-1	-1	-1	-1	-1	-1	0	0	0	0	100	100	9	0	-1	-1	-1	-1	-1	-1	-1	-1	-1	-1	-1	-1	-1	-1	-1	-1	-1	-1
50248	-1	0	0	0	0	100	100	9	0	-1	-1	-1	-1	-1	-1	-1	-1	-1	-1	-1	-1	-1	-1	-1	-1	-1	-1	0	0	0	0	100	100	9	-1	-1	-1	-1	-1	-1	-1	-1	-1	-1	-1	-1	-1	-1	-1	-1	-1	-1	-1	0	0	0	0	100	100	9	0	-1	-1	-1	-1	-1	-1	-1	-1	-1	-1	-1	-1	-1	-1	-1	-1	-1	-1
50249	-1	0	0	0	0	100	100	9	0	-1	-1	-1	-1	-1	-1	-1	-1	-1	-1	-1	-1	-1	-1	-1	-1	-1	-1	0	0	0	0	100	100	9	-1	-1	-1	-1	-1	-1	-1	-1	-1	-1	-1	-1	-1	-1	-1	-1	-1	-1	-1	0	0	0	0	100	100	9	0	-1	-1	-1	-1	-1	-1	-1	-1	-1	-1	-1	-1	-1	-1	-1	-1	-1	-1
50250	-1	0	0	0	0	100	100	9	0	-1	12	-1	BSB0	-1	-1	-1	-1	-1	-1	-1	-1	-1	Q223500	-1	-1	-1	-1	0	0	0	0	100	100	9	-1	-1	12	-1	CSB0	-1	-1	-1	-1	-1	-1	-1	-1	-1	Q223500	-1	-1	-1	-1	0	0	0	0	100	100	9	0	-1	12	-1	ASB0	-1	-1	-1	-1	-1	-1	-1	-1	-1	Q223500	-1	-1	-1	-1
50251	-1	0	0	0	0	100	100	9	0	-1	-1	-1	-1	-1	-1	-1	-1	-1	-1	-1	-1	-1	-1	-1	-1	-1	-1	0	0	0	0	100	100	9	-1	-1	-1	-1	-1	-1	-1	-1	-1	-1	-1	-1	-1	-1	-1	-1	-1	-1	-1	0	0	0	0	100	100	9	0	-1	-1	-1	-1	-1	-1	-1	-1	-1	-1	-1	-1	-1	-1	-1	-1	-1	-1
50252	-1	0	0	0	0	100	100	9	0	-1	-1	-1	-1	-1	-1	-1	-1	-1	-1	-1	-1	-1	-1	-1	-1	-1	-1	0	0	0	0	100	100	9	-1	-1	-1	-1	-1	-1	-1	-1	-1	-1	-1	-1	-1	-1	-1	-1	-1	-1	-1	0	0	0	0	100	100	9	0	-1	-1	-1	-1	-1	-1	-1	-1	-1	-1	-1	-1	-1	-1	-1	-1	-1	-1
50253	-1	0	0	0	0	100	100	9	0	-1	-1	-1	-1	-1	-1	-1	-1	-1	-1	-1	-1	-1	-1	-1	-1	-1	-1	0	0	0	0	100	100	9	-1	-1	-1	-1	-1	-1	-1	-1	-1	-1	-1	-1	-1	-1	-1	-1	-1	-1	-1	0	0	0	0	100	100	9	0	-1	-1	-1	-1	-1	-1	-1	-1	-1	-1	-1	-1	-1	-1	-1	-1	-1	-1
50254	-1	0	0	0	0	100	100	9	0	-1	-1	-1	-1	-1	-1	-1	-1	-1	-1	-1	-1	-1	-1	-1	-1	-1	-1	0	0	0	0	100	100	9	-1	-1	-1	-1	-1	-1	-1	-1	-1	-1	-1	-1	-1	-1	-1	-1	-1	-1	-1	0	0	0	0	100	100	9	0	-1	-1	-1	-1	-1	-1	-1	-1	-1	-1	-1	-1	-1	-1	-1	-1	-1	-1
50255	-1	0	0	0	0	100	100	9	0	-1	12	-1	BSB0	-1	-1	-1	-1	-1	-1	-1	-1	-1	Q223550	-1	-1	-1	-1	0	0	0	0	100	100	9	-1	-1	12	-1	CSB0	-1	-1	-1	-1	-1	-1	-1	-1	-1	Q223550	-1	-1	-1	-1	0	0	0	0	100	100	9	0	-1	12	-1	ASB0	-1	-1	-1	-1	-1	-1	-1	-1	-1	Q223550	-1	-1	-1	-1
50256	-1	0	0	0	0	100	100	9	0	-1	-1	-1	-1	-1	-1	-1	-1	-1	-1	-1	-1	-1	-1	-1	-1	-1	-1	0	0	0	0	100	100	9	-1	-1	-1	-1	-1	-1	-1	-1	-1	-1	-1	-1	-1	-1	-1	-1	-1	-1	-1	0	0	0	0	100	100	9	0	-1	-1	-1	-1	-1	-1	-1	-1	-1	-1	-1	-1	-1	-1	-1	-1	-1	-1
50257	-1	0	0	0	0	100	100	9	0	-1	-1	-1	-1	-1	-1	-1	-1	-1	-1	-1	-1	-1	-1	-1	-1	-1	-1	0	0	0	0	100	100	9	-1	-1	-1	-1	-1	-1	-1	-1	-1	-1	-1	-1	-1	-1	-1	-1	-1	-1	-1	0	0	0	0	100	100	9	0	-1	-1	-1	-1	-1	-1	-1	-1	-1	-1	-1	-1	-1	-1	-1	-1	-1	-1
50258	-1	0	0	0	0	100	100	9	0	-1	-1	-1	-1	-1	-1	-1	-1	-1	-1	-1	-1	-1	-1	-1	-1	-1	-1	0	0	0	0	100	100	9	-1	-1	-1	-1	-1	-1	-1	-1	-1	-1	-1	-1	-1	-1	-1	-1	-1	-1	-1	0	0	0	0	100	100	9	0	-1	-1	-1	-1	-1	-1	-1	-1	-1	-1	-1	-1	-1	-1	-1	-1	-1	-1
50259	-1	0	0	0	0	100	100	9	0	-1	-1	-1	-1	-1	-1	-1	-1	-1	-1	-1	-1	-1	-1	-1	-1	-1	-1	0	0	0	0	100	100	9	-1	-1	-1	-1	-1	-1	-1	-1	-1	-1	-1	-1	-1	-1	-1	-1	-1	-1	-1	0	0	0	0	100	100	9	0	-1	-1	-1	-1	-1	-1	-1	-1	-1	-1	-1	-1	-1	-1	-1	-1	-1	-1
50260	-1	0	0	0	0	100	100	9	0	-1	12	-1	BSB0	-1	-1	-1	-1	-1	-1	-1	-1	-1	Q223600	-1	-1	-1	-1	0	0	0	0	100	100	9	-1	-1	12	-1	CSB0	-1	-1	-1	-1	-1	-1	-1	-1	-1	Q223600	-1	-1	-1	-1	0	0	0	0	100	100	9	0	-1	12	-1	ASB0	-1	-1	-1	-1	-1	-1	-1	-1	-1	Q223600	-1	-1	-1	-1
50261	-1	0	0	0	0	100	100	9	0	-1	-1	-1	-1	-1	-1	-1	-1	-1	-1	-1	-1	-1	-1	-1	-1	-1	-1	0	0	0	0	100	100	9	-1	-1	-1	-1	-1	-1	-1	-1	-1	-1	-1	-1	-1	-1	-1	-1	-1	-1	-1	0	0	0	0	100	100	9	0	-1	-1	-1	-1	-1	-1	-1	-1	-1	-1	-1	-1	-1	-1	-1	-1	-1	-1
50262	-1	0	0	0	0	100	100	9	0	-1	-1	-1	-1	-1	-1	-1	-1	-1	-1	-1	-1	-1	-1	-1	-1	-1	-1	0	0	0	0	100	100	9	-1	-1	-1	-1	-1	-1	-1	-1	-1	-1	-1	-1	-1	-1	-1	-1	-1	-1	-1	0	0	0	0	100	100	9	0	-1	-1	-1	-1	-1	-1	-1	-1	-1	-1	-1	-1	-1	-1	-1	-1	-1	-1
50263	-1	0	0	0	0	100	100	9	0	-1	-1	-1	-1	-1	-1	-1	-1	-1	-1	-1	-1	-1	-1	-1	-1	-1	-1	0	0	0	0	100	100	9	-1	-1	-1	-1	-1	-1	-1	-1	-1	-1	-1	-1	-1	-1	-1	-1	-1	-1	-1	0	0	0	0	100	100	9	0	-1	-1	-1	-1	-1	-1	-1	-1	-1	-1	-1	-1	-1	-1	-1	-1	-1	-1
50264	-1	0	0	0	0	100	100	9	0	-1	-1	-1	-1	-1	-1	-1	-1	-1	-1	-1	-1	-1	-1	-1	-1	-1	-1	0	0	0	0	100	100	9	-1	-1	-1	-1	-1	-1	-1	-1	-1	-1	-1	-1	-1	-1	-1	-1	-1	-1	-1	0	0	0	0	100	100	9	0	-1	-1	-1	-1	-1	-1	-1	-1	-1	-1	-1	-1	-1	-1	-1	-1	-1	-1
50265	-1	0	0	0	0	100	100	9	0	-1	12	-1	BSB0	-1	-1	-1	-1	-1	-1	-1	-1	-1	Q223650	-1	-1	-1	-1	0	0	0	0	100	100	9	-1	-1	12	-1	CSB0	-1	-1	-1	-1	-1	-1	-1	-1	-1	Q223650	-1	-1	-1	-1	0	0	0	0	100	100	9	0	-1	12	-1	ASB0	-1	-1	-1	-1	-1	-1	-1	-1	-1	Q223650	-1	-1	-1	-1
50266	-1	0	0	0	0	100	100	9	0	-1	-1	-1	-1	-1	-1	-1	-1	-1	-1	-1	-1	-1	-1	-1	-1	-1	-1	0	0	0	0	100	100	9	-1	-1	-1	-1	-1	-1	-1	-1	-1	-1	-1	-1	-1	-1	-1	-1	-1	-1	-1	0	0	0	0	100	100	9	0	-1	-1	-1	-1	-1	-1	-1	-1	-1	-1	-1	-1	-1	-1	-1	-1	-1	-1
50267	-1	0	0	0	0	100	100	9	0	-1	-1	-1	-1	-1	-1	-1	-1	-1	-1	-1	-1	-1	-1	-1	-1	-1	-1	0	0	0	0	100	100	9	-1	-1	-1	-1	-1	-1	-1	-1	-1	-1	-1	-1	-1	-1	-1	-1	-1	-1	-1	0	0	0	0	100	100	9	0	-1	-1	-1	-1	-1	-1	-1	-1	-1	-1	-1	-1	-1	-1	-1	-1	-1	-1
50268	-1	0	0	0	0	100	100	9	0	-1	-1	-1	-1	-1	-1	-1	-1	-1	-1	-1	-1	-1	-1	-1	-1	-1	-1	0	0	0	0	100	100	9	-1	-1	-1	-1	-1	-1	-1	-1	-1	-1	-1	-1	-1	-1	-1	-1	-1	-1	-1	0	0	0	0	100	100	9	0	-1	-1	-1	-1	-1	-1	-1	-1	-1	-1	-1	-1	-1	-1	-1	-1	-1	-1
50269	-1	0	0	0	0	100	100	9	0	-1	-1	-1	-1	-1	-1	-1	-1	-1	-1	-1	-1	-1	-1	-1	-1	-1	-1	0	0	0	0	100	100	9	-1	-1	-1	-1	-1	-1	-1	-1	-1	-1	-1	-1	-1	-1	-1	-1	-1	-1	-1	0	0	0	0	100	100	9	0	-1	-1	-1	-1	-1	-1	-1	-1	-1	-1	-1	-1	-1	-1	-1	-1	-1	-1
50270	-1	0	0	0	0	100	100	9	0	-1	12	-1	BSB0	-1	-1	-1	-1	-1	-1	-1	-1	-1	Q223700	-1	-1	-1	-1	0	0	0	0	100	100	9	-1	-1	12	-1	CSB0	-1	-1	-1	-1	-1	-1	-1	-1	-1	Q223700	-1	-1	-1	-1	0	0	0	0	100	100	9	0	-1	12	-1	ASB0	-1	-1	-1	-1	-1	-1	-1	-1	-1	Q223700	-1	-1	-1	-1
50271	-1	0	0	0	0	100	100	9	0	-1	-1	-1	-1	-1	-1	-1	-1	-1	-1	-1	-1	-1	-1	-1	-1	-1	-1	0	0	0	0	100	100	9	-1	-1	-1	-1	-1	-1	-1	-1	-1	-1	-1	-1	-1	-1	-1	-1	-1	-1	-1	0	0	0	0	100	100	9	0	-1	-1	-1	-1	-1	-1	-1	-1	-1	-1	-1	-1	-1	-1	-1	-1	-1	-1
50272	-1	0	0	0	0	100	100	9	0	-1	-1	-1	-1	-1	-1	-1	-1	-1	-1	-1	-1	-1	-1	-1	-1	-1	-1	0	0	0	0	100	100	9	-1	-1	-1	-1	-1	-1	-1	-1	-1	-1	-1	-1	-1	-1	-1	-1	-1	-1	-1	0	0	0	0	100	100	9	0	-1	-1	-1	-1	-1	-1	-1	-1	-1	-1	-1	-1	-1	-1	-1	-1	-1	-1
50273	-1	0	0	0	0	100	100	9	0	-1	-1	-1	-1	-1	-1	-1	-1	-1	-1	-1	-1	-1	-1	-1	-1	-1	-1	0	0	0	0	100	100	9	-1	-1	-1	-1	-1	-1	-1	-1	-1	-1	-1	-1	-1	-1	-1	-1	-1	-1	-1	0	0	0	0	100	100	9	0	-1	-1	-1	-1	-1	-1	-1	-1	-1	-1	-1	-1	-1	-1	-1	-1	-1	-1
50274	-1	0	0	0	0	100	100	9	0	-1	-1	-1	-1	-1	-1	-1	-1	-1	-1	-1	-1	-1	-1	-1	-1	-1	-1	0	0	0	0	100	100	9	-1	-1	-1	-1	-1	-1	-1	-1	-1	-1	-1	-1	-1	-1	-1	-1	-1	-1	-1	0	0	0	0	100	100	9	0	-1	-1	-1	-1	-1	-1	-1	-1	-1	-1	-1	-1	-1	-1	-1	-1	-1	-1
50275	-1	0	0	0	0	100	100	9	0	-1	12	-1	BSB0	-1	-1	-1	-1	-1	-1	-1	-1	-1	Q223750	-1	-1	-1	-1	0	0	0	0	100	100	9	-1	-1	12	-1	CSB0	-1	-1	-1	-1	-1	-1	-1	-1	-1	Q223750	-1	-1	-1	-1	0	0	0	0	100	100	9	0	-1	12	-1	ASB0	-1	-1	-1	-1	-1	-1	-1	-1	-1	Q223750	-1	-1	-1	-1
50276	-1	0	0	0	0	100	100	9	0	-1	-1	-1	-1	-1	-1	-1	-1	-1	-1	-1	-1	-1	-1	-1	-1	-1	-1	0	0	0	0	100	100	9	-1	-1	-1	-1	-1	-1	-1	-1	-1	-1	-1	-1	-1	-1	-1	-1	-1	-1	-1	0	0	0	0	100	100	9	0	-1	-1	-1	-1	-1	-1	-1	-1	-1	-1	-1	-1	-1	-1	-1	-1	-1	-1
50277	-1	0	0	0	0	100	100	9	0	-1	-1	-1	-1	-1	-1	-1	-1	-1	-1	-1	-1	-1	-1	-1	-1	-1	-1	0	0	0	0	100	100	9	-1	-1	-1	-1	-1	-1	-1	-1	-1	-1	-1	-1	-1	-1	-1	-1	-1	-1	-1	0	0	0	0	100	100	9	0	-1	-1	-1	-1	-1	-1	-1	-1	-1	-1	-1	-1	-1	-1	-1	-1	-1	-1
50278	-1	0	0	0	0	100	100	9	0	-1	-1	-1	-1	-1	-1	-1	-1	-1	-1	-1	-1	-1	-1	-1	-1	-1	-1	0	0	0	0	100	100	9	-1	-1	-1	-1	-1	-1	-1	-1	-1	-1	-1	-1	-1	-1	-1	-1	-1	-1	-1	0	0	0	0	100	100	9	0	-1	-1	-1	-1	-1	-1	-1	-1	-1	-1	-1	-1	-1	-1	-1	-1	-1	-1
50279	-1	0	0	0	0	100	100	9	0	-1	-1	-1	-1	-1	-1	-1	-1	-1	-1	-1	-1	-1	-1	-1	-1	-1	-1	0	0	0	0	100	100	9	-1	-1	-1	-1	-1	-1	-1	-1	-1	-1	-1	-1	-1	-1	-1	-1	-1	-1	-1	0	0	0	0	100	100	9	0	-1	-1	-1	-1	-1	-1	-1	-1	-1	-1	-1	-1	-1	-1	-1	-1	-1	-1
50280	-1	0	0	0	0	100	100	9	0	-1	12	-1	BSB0	-1	-1	-1	-1	-1	-1	-1	-1	-1	Q223800	-1	-1	-1	-1	0	0	0	0	100	100	9	-1	-1	12	-1	CSB0	-1	-1	-1	-1	-1	-1	-1	-1	-1	Q223800	-1	-1	-1	-1	0	0	0	0	100	100	9	0	-1	12	-1	ASB0	-1	-1	-1	-1	-1	-1	-1	-1	-1	Q223800	-1	-1	-1	-1
50281	-1	0	0	0	0	100	100	9	0	-1	-1	-1	-1	-1	-1	-1	-1	-1	-1	-1	-1	-1	-1	-1	-1	-1	-1	0	0	0	0	100	100	9	-1	-1	-1	-1	-1	-1	-1	-1	-1	-1	-1	-1	-1	-1	-1	-1	-1	-1	-1	0	0	0	0	100	100	9	0	-1	-1	-1	-1	-1	-1	-1	-1	-1	-1	-1	-1	-1	-1	-1	-1	-1	-1
50282	-1	0	0	0	0	100	100	9	0	-1	-1	-1	-1	-1	-1	-1	-1	-1	-1	-1	-1	-1	-1	-1	-1	-1	-1	0	0	0	0	100	100	9	-1	-1	-1	-1	-1	-1	-1	-1	-1	-1	-1	-1	-1	-1	-1	-1	-1	-1	-1	0	0	0	0	100	100	9	0	-1	-1	-1	-1	-1	-1	-1	-1	-1	-1	-1	-1	-1	-1	-1	-1	-1	-1
50283	-1	0	0	0	0	100	100	9	0	-1	-1	-1	-1	-1	-1	-1	-1	-1	-1	-1	-1	-1	-1	-1	-1	-1	-1	0	0	0	0	100	100	9	-1	-1	-1	-1	-1	-1	-1	-1	-1	-1	-1	-1	-1	-1	-1	-1	-1	-1	-1	0	0	0	0	100	100	9	0	-1	-1	-1	-1	-1	-1	-1	-1	-1	-1	-1	-1	-1	-1	-1	-1	-1	-1
50284	-1	0	0	0	0	100	100	9	0	-1	-1	-1	-1	-1	-1	-1	-1	-1	-1	-1	-1	-1	-1	-1	-1	-1	-1	0	0	0	0	100	100	9	-1	-1	-1	-1	-1	-1	-1	-1	-1	-1	-1	-1	-1	-1	-1	-1	-1	-1	-1	0	0	0	0	100	100	9	0	-1	-1	-1	-1	-1	-1	-1	-1	-1	-1	-1	-1	-1	-1	-1	-1	-1	-1
50285	-1	0	0	0	0	100	100	9	0	-1	12	-1	BSB0	-1	-1	-1	-1	-1	-1	-1	-1	-1	Q223850	-1	-1	-1	-1	0	0	0	0	100	100	9	-1	-1	12	-1	CSB0	-1	-1	-1	-1	-1	-1	-1	-1	-1	Q223850	-1	-1	-1	-1	0	0	0	0	100	100	9	0	-1	12	-1	ASB0	-1	-1	-1	-1	-1	-1	-1	-1	-1	Q223850	-1	-1	-1	-1
50286	-1	0	0	0	0	100	100	9	0	-1	-1	-1	-1	-1	-1	-1	-1	-1	-1	-1	-1	-1	-1	-1	-1	-1	-1	0	0	0	0	100	100	9	-1	-1	-1	-1	-1	-1	-1	-1	-1	-1	-1	-1	-1	-1	-1	-1	-1	-1	-1	0	0	0	0	100	100	9	0	-1	-1	-1	-1	-1	-1	-1	-1	-1	-1	-1	-1	-1	-1	-1	-1	-1	-1
50287	-1	0	0	0	0	100	100	9	0	-1	-1	-1	-1	-1	-1	-1	-1	-1	-1	-1	-1	-1	-1	-1	-1	-1	-1	0	0	0	0	100	100	9	-1	-1	-1	-1	-1	-1	-1	-1	-1	-1	-1	-1	-1	-1	-1	-1	-1	-1	-1	0	0	0	0	100	100	9	0	-1	-1	-1	-1	-1	-1	-1	-1	-1	-1	-1	-1	-1	-1	-1	-1	-1	-1
50288	-1	0	0	0	0	100	100	9	0	-1	-1	-1	-1	-1	-1	-1	-1	-1	-1	-1	-1	-1	-1	-1	-1	-1	-1	0	0	0	0	100	100	9	-1	-1	-1	-1	-1	-1	-1	-1	-1	-1	-1	-1	-1	-1	-1	-1	-1	-1	-1	0	0	0	0	100	100	9	0	-1	-1	-1	-1	-1	-1	-1	-1	-1	-1	-1	-1	-1	-1	-1	-1	-1	-1
50289	-1	0	0	0	0	100	100	9	0	-1	-1	-1	-1	-1	-1	-1	-1	-1	-1	-1	-1	-1	-1	-1	-1	-1	-1	0	0	0	0	100	100	9	-1	-1	-1	-1	-1	-1	-1	-1	-1	-1	-1	-1	-1	-1	-1	-1	-1	-1	-1	0	0	0	0	100	100	9	0	-1	-1	-1	-1	-1	-1	-1	-1	-1	-1	-1	-1	-1	-1	-1	-1	-1	-1
50290	-1	0	0	0	0	100	100	9	0	-1	12	-1	BSB0	-1	-1	-1	-1	-1	-1	-1	-1	-1	Q223900	-1	-1	-1	-1	0	0	0	0	100	100	9	-1	-1	12	-1	CSB0	-1	-1	-1	-1	-1	-1	-1	-1	-1	Q223900	-1	-1	-1	-1	0	0	0	0	100	100	9	0	-1	12	-1	ASB0	-1	-1	-1	-1	-1	-1	-1	-1	-1	Q223900	-1	-1	-1	-1
50291	-1	0	0	0	0	100	100	9	0	-1	-1	-1	-1	-1	-1	-1	-1	-1	-1	-1	-1	-1	-1	-1	-1	-1	-1	0	0	0	0	100	100	9	-1	-1	-1	-1	-1	-1	-1	-1	-1	-1	-1	-1	-1	-1	-1	-1	-1	-1	-1	0	0	0	0	100	100	9	0	-1	-1	-1	-1	-1	-1	-1	-1	-1	-1	-1	-1	-1	-1	-1	-1	-1	-1
50292	-1	0	0	0	0	100	100	9	0	-1	-1	-1	-1	-1	-1	-1	-1	-1	-1	-1	-1	-1	-1	-1	-1	-1	-1	0	0	0	0	100	100	9	-1	-1	-1	-1	-1	-1	-1	-1	-1	-1	-1	-1	-1	-1	-1	-1	-1	-1	-1	0	0	0	0	100	100	9	0	-1	-1	-1	-1	-1	-1	-1	-1	-1	-1	-1	-1	-1	-1	-1	-1	-1	-1
50293	-1	0	0	0	0	100	100	9	0	-1	-1	-1	-1	-1	-1	-1	-1	-1	-1	-1	-1	-1	-1	-1	-1	-1	-1	0	0	0	0	100	100	9	-1	-1	-1	-1	-1	-1	-1	-1	-1	-1	-1	-1	-1	-1	-1	-1	-1	-1	-1	0	0	0	0	100	100	9	0	-1	-1	-1	-1	-1	-1	-1	-1	-1	-1	-1	-1	-1	-1	-1	-1	-1	-1
50294	-1	0	0	0	0	100	100	9	0	-1	-1	-1	-1	-1	-1	-1	-1	-1	-1	-1	-1	-1	-1	-1	-1	-1	-1	0	0	0	0	100	100	9	-1	-1	-1	-1	-1	-1	-1	-1	-1	-1	-1	-1	-1	-1	-1	-1	-1	-1	-1	0	0	0	0	100	100	9	0	-1	-1	-1	-1	-1	-1	-1	-1	-1	-1	-1	-1	-1	-1	-1	-1	-1	-1
50295	-1	0	0	0	0	100	100	9	0	-1	12	-1	BSB0	-1	-1	-1	-1	-1	-1	-1	-1	-1	Q223950	-1	-1	-1	-1	0	0	0	0	100	100	9	-1	-1	12	-1	CSB0	-1	-1	-1	-1	-1	-1	-1	-1	-1	Q223950	-1	-1	-1	-1	0	0	0	0	100	100	9	0	-1	12	-1	ASB0	-1	-1	-1	-1	-1	-1	-1	-1	-1	Q223950	-1	-1	-1	-1
50296	-1	0	0	0	0	100	100	9	0	-1	-1	-1	-1	-1	-1	-1	-1	-1	-1	-1	-1	-1	-1	-1	-1	-1	-1	0	0	0	0	100	100	9	-1	-1	-1	-1	-1	-1	-1	-1	-1	-1	-1	-1	-1	-1	-1	-1	-1	-1	-1	0	0	0	0	100	100	9	0	-1	-1	-1	-1	-1	-1	-1	-1	-1	-1	-1	-1	-1	-1	-1	-1	-1	-1
50297	-1	0	0	0	0	100	100	9	0	-1	-1	-1	-1	-1	-1	-1	-1	-1	-1	-1	-1	-1	-1	-1	-1	-1	-1	0	0	0	0	100	100	9	-1	-1	-1	-1	-1	-1	-1	-1	-1	-1	-1	-1	-1	-1	-1	-1	-1	-1	-1	0	0	0	0	100	100	9	0	-1	-1	-1	-1	-1	-1	-1	-1	-1	-1	-1	-1	-1	-1	-1	-1	-1	-1
50298	-1	0	0	0	0	100	100	9	0	-1	-1	-1	-1	-1	-1	-1	-1	-1	-1	-1	-1	-1	-1	-1	-1	-1	-1	0	0	0	0	100	100	9	-1	-1	-1	-1	-1	-1	-1	-1	-1	-1	-1	-1	-1	-1	-1	-1	-1	-1	-1	0	0	0	0	100	100	9	0	-1	-1	-1	-1	-1	-1	-1	-1	-1	-1	-1	-1	-1	-1	-1	-1	-1	-1
50299	-1	0	0	0	0	100	100	9	0	-1	12	-1	BSB0	-1	-1	-1	-1	-1	-1	-1	-1	-1	Q223990	-1	-1	-1	-1	0	0	0	0	100	100	9	-1	-1	12	-1	CSB0	-1	-1	-1	-1	-1	-1	-1	-1	-1	Q223990	-1	-1	-1	-1	0	0	0	0	100	100	9	0	-1	12	-1	ASB0	-1	-1	-1	-1	-1	-1	-1	-1	-1	Q223990	-1	-1	-1	-1