dword	END
OderB	
0	
1	
60	
63	
120	
130	
180	
270	
280	
290	
300	
310	
320	
330	
340	
350	
360	
370	
374	
380	
390	
400	
410	
420	
424	
430	
440	
450	
460	
470	
480	
490	
494	
500	
510	
520	
521	
530	
540	
550	
560	
570	
580	
590	
591	
592	
593	
594	
595	
600	
601	
602	
603	
610	
611	
612	
620	
621	
622	
623	
630	
631	
632	
640	
641	
650	
651	
652	
660	
661	
670	
671	
680	
681	
690	
691	
692	
700	
701	
702	
703	
710	
711	
712	
720	
721	
722	
723	
730	
731	
732	
738	
739	
1740	
1741	
1742	
1750	
1751	
1760	
1761	
1770	
1771	
1772	
1780	
1781	
1782	
1890	
1891	
1892	
1893	
1894	
1895	
1896	
1897	
1898	
1899	
1920	
1921	
1922	
1923	
1924	
1925	
1926	
1930	
1931	
1932	
1933	
1934	
1935	
1936	
1937	
1940	
1941	
1942	
1943	
1944	
1945	
1950	
1951	
1952	
1953	
1954	
1955	
1956	
1957	
1958	
1959	
1960	
1961	
1962	
1963	
1964	
1965	
1966	
1970	
1971	
1972	
1973	
1980	
1981	
1982	
1983	
1984	
1985	
1986	
1987	
1990	
1991	
1992	
1993	
1994	
1995	
1996	
1997	
2000	
2001	
2002	
2003	
2004	
2005	
2006	
2007	
2008	
2010	
2011	
2012	
2013	
2014	
2015	
2019	
2020	
2021	
2022	
2023	
2024	
2025	
2026	
2027	
2028	
2029	
2030	
2031	
2032	
2033	
2034	
2035	
2036	
2040	
2041	
2042	
2043	
2044	
2045	
2046	
2047	
2050	
2051	
2052	
2053	
2054	
2055	
2056	
2057	
2058	
2059	
2060	
2061	
2062	
2063	
2064	
2065	
2066	
2070	
2071	
2072	
2073	
2074	
2075	
2080	
2081	
2082	
2083	
2084	
2085	
2090	
2091	
2092	
2093	
2094	
2095	
2096	
2100	
2101	
2102	
2103	
2104	
2105	
2106	
2110	
2111	
2112	
2113	
2114	
2115	
2116	
2117	
2118	
2119	
2520	
2550	
2551	
2552	
2553	
2554	
2555	
2556	
2557	
2558	
2559	
2580	
2581	
2582	
2583	
2584	
2585	
-268435456	
-268435453	
-268435450	
