string[64]	dword	dword	dword	dword	dword	dword	dword	dword	dword	string[64]	dword	dword	string[64]	dword	dword	string[64]	dword	dword	string[64]	dword	dword	string[64]	string[64]	string[64]	string[64]	string[64]	string[64]	dword	dword	dword	dword	dword	dword	dword	dword	string[64]	dword	dword	string[64]	dword	dword	string[64]	dword	dword	string[64]	dword	dword	string[64]	string[64]	string[64]	string[64]	string[64]	string[64]	dword	dword	dword	dword	dword	dword	dword	dword	string[64]	dword	dword	string[64]	dword	dword	string[64]	dword	dword	string[64]	dword	dword	string[64]	string[64]	string[64]	string[64]	string[64]	string[64]	END

1	-1	1	0	0	0	100	100	0	0	1	12	-1	BWB0	-1	-1	-1	-1	-1	-1	-1	-1	-1	Q070000	-1	-1	-1	-1	1	0	0	0	100	100	0	0	1	12	-1	CWB0	-1	-1	-1	-1	-1	-1	-1	-1	-1	Q080000	-1	-1	-1	-1	1	0	0	0	100	100	0	0	1	12	-1	AWB0	-1	-1	-1	-1	-1	-1	-1	-1	-1	Q090000	-1	-1	-1	-1
1	-1	1	0	0	0	100	100	0	0	1	12	-1	BRB0	-1	-1	-1	-1	-1	-1	-1	-1	-1	Q071010	-1	-1	-1	-1	1	0	0	0	100	100	0	0	1	12	-1	CRB0	-1	-1	-1	-1	-1	-1	-1	-1	-1	Q081010	-1	-1	-1	-1	1	0	0	0	100	100	0	0	1	12	-1	ARB0	-1	-1	-1	-1	-1	-1	-1	-1	-1	Q091010	-1	-1	-1	-1
1	-1	1	0	0	0	100	100	0	0	1	12	-1	BFB0	-1	-1	-1	-1	-1	-1	-1	-1	-1	Q072000	-1	-1	-1	-1	1	0	0	0	100	100	0	0	1	12	-1	CFB0	-1	-1	-1	-1	-1	-1	-1	-1	-1	Q082000	-1	-1	-1	-1	1	0	0	0	100	100	0	0	1	12	-1	ASB0	-1	-1	-1	-1	-1	-1	-1	-1	-1	Q093000	-1	-1	-1	-1
1	-1	1	0	0	0	100	100	0	0	1	12	-1	BSB0	-1	-1	-1	-1	-1	-1	-1	-1	-1	Q073000	-1	-1	-1	-1	1	0	0	0	100	100	0	0	1	12	-1	CSB0	-1	-1	-1	-1	-1	-1	-1	-1	-1	Q083000	-1	-1	-1	-1	0	0	0	0	100	100	0	0	1	-1	-1	-1	-1	-1	-1	-1	-1	-1	-1	-1	-1	-1	-1	-1	-1	-1
4	-1	1	0	0	0	100	100	0	0	4	-1	-1	-1	-1	-1	-1	-1	-1	-1	-1	-1	-1	Q004040	-1	-1	-1	-1	1	0	0	0	100	100	0	0	4	-1	-1	-1	-1	-1	-1	-1	-1	-1	-1	-1	-1	Q034040	-1	-1	-1	-1	1	0	0	0	100	100	0	0	4	-1	-1	-1	-1	-1	-1	-1	-1	-1	-1	-1	-1	Q064040	-1	-1	-1	-1
5	-1	1	0	0	0	100	100	0	0	5	-1	-1	-1	-1	-1	-1	-1	-1	-1	-1	-1	-1	Q004050	-1	-1	-1	-1	1	0	0	0	100	100	0	0	5	-1	-1	-1	-1	-1	-1	-1	-1	-1	-1	-1	-1	Q034050	-1	-1	-1	-1	1	0	0	0	100	100	0	0	5	-1	-1	-1	-1	-1	-1	-1	-1	-1	-1	-1	-1	Q064050	-1	-1	-1	-1
6	-1	1	0	0	0	100	100	0	0	6	12	-1	BWB0	-1	-1	-1	-1	-1	-1	-1	-1	-1	Q004060	-1	-1	-1	-1	1	0	0	0	100	100	0	0	6	12	-1	CWB0	-1	-1	-1	-1	-1	-1	-1	-1	-1	Q034060	-1	-1	-1	-1	1	0	0	0	100	100	0	0	6	12	-1	AWB0	-1	-1	-1	-1	-1	-1	-1	-1	-1	Q064060	-1	-1	-1	-1
6	-1	1	0	0	0	100	100	0	0	6	12	-1	BRB0	-1	-1	-1	-1	-1	-1	-1	-1	-1	Q004061	-1	-1	-1	-1	1	0	0	0	100	100	0	0	6	12	-1	CRB0	-1	-1	-1	-1	-1	-1	-1	-1	-1	Q034061	-1	-1	-1	-1	1	0	0	0	100	100	0	0	6	12	-1	ARB0	-1	-1	-1	-1	-1	-1	-1	-1	-1	Q064061	-1	-1	-1	-1
6	-1	1	0	0	0	100	100	0	0	6	12	-1	BFB0	-1	-1	-1	-1	-1	-1	-1	-1	-1	Q004062	-1	-1	-1	-1	1	0	0	0	100	100	0	0	6	12	-1	CFB0	-1	-1	-1	-1	-1	-1	-1	-1	-1	Q034062	-1	-1	-1	-1	1	0	0	0	100	100	0	0	6	12	-1	ASB0	-1	-1	-1	-1	-1	-1	-1	-1	-1	Q064061	-1	-1	-1	-1
6	-1	1	0	0	0	100	100	0	0	6	12	-1	BSB0	-1	-1	-1	-1	-1	-1	-1	-1	-1	Q004063	-1	-1	-1	-1	1	0	0	0	100	100	0	0	6	12	-1	CSB0	-1	-1	-1	-1	-1	-1	-1	-1	-1	Q034063	-1	-1	-1	-1	0	0	0	0	100	100	0	0	6	-1	-1	-1	-1	-1	-1	-1	-1	-1	-1	-1	-1	-1	-1	-1	-1	-1
7	-1	1	0	0	0	100	100	0	0	7	-1	-1	-1	-1	-1	-1	-1	-1	-1	-1	-1	-1	Q004070	-1	-1	-1	-1	1	0	0	0	100	100	0	0	7	-1	-1	-1	-1	-1	-1	-1	-1	-1	-1	-1	-1	Q034070	-1	-1	-1	-1	1	0	0	0	100	100	0	0	7	-1	-1	-1	-1	-1	-1	-1	-1	-1	-1	-1	-1	Q064070	-1	-1	-1	-1
8	-1	1	0	0	0	100	100	0	0	8	-1	-1	-1	-1	-1	-1	-1	-1	-1	-1	-1	-1	Q004080	-1	-1	-1	-1	1	0	0	0	100	100	0	0	8	-1	-1	-1	-1	-1	-1	-1	-1	-1	-1	-1	-1	Q034080	-1	-1	-1	-1	1	0	0	0	100	100	0	0	8	-1	-1	-1	-1	-1	-1	-1	-1	-1	-1	-1	-1	Q064080	-1	-1	-1	-1
9	-1	1	0	0	0	100	100	0	0	9	-1	-1	-1	-1	-1	-1	-1	-1	-1	-1	-1	-1	Q004090	-1	-1	-1	-1	1	0	0	0	100	100	0	0	9	-1	-1	-1	-1	-1	-1	-1	-1	-1	-1	-1	-1	Q034090	-1	-1	-1	-1	1	0	0	0	100	100	0	0	9	-1	-1	-1	-1	-1	-1	-1	-1	-1	-1	-1	-1	Q064090	-1	-1	-1	-1
10	-1	1	0	0	0	100	100	0	0	10	-1	-1	-1	-1	-1	-1	-1	-1	-1	-1	-1	-1	Q004100	-1	-1	-1	-1	1	0	0	0	100	100	0	0	10	-1	-1	-1	-1	-1	-1	-1	-1	-1	-1	-1	-1	Q034100	-1	-1	-1	-1	1	0	0	0	100	100	0	0	10	-1	-1	-1	-1	-1	-1	-1	-1	-1	-1	-1	-1	Q064100	-1	-1	-1	-1
11	-1	1	0	0	0	100	100	0	0	11	12	-1	BWB0	-1	-1	-1	-1	-1	-1	-1	-1	-1	Q004110	-1	-1	-1	-1	1	0	0	0	100	100	0	0	11	12	-1	CWB0	-1	-1	-1	-1	-1	-1	-1	-1	-1	Q034110	-1	-1	-1	-1	1	0	0	0	100	100	0	0	11	12	-1	AWB0	-1	-1	-1	-1	-1	-1	-1	-1	-1	Q064110	-1	-1	-1	-1
11	-1	1	0	0	0	100	100	0	0	11	12	-1	BRB0	-1	-1	-1	-1	-1	-1	-1	-1	-1	Q004111	-1	-1	-1	-1	1	0	0	0	100	100	0	0	11	12	-1	CRB0	-1	-1	-1	-1	-1	-1	-1	-1	-1	Q034111	-1	-1	-1	-1	1	0	0	0	100	100	0	0	11	12	-1	ARB0	-1	-1	-1	-1	-1	-1	-1	-1	-1	Q064111	-1	-1	-1	-1
11	-1	1	0	0	0	100	100	0	0	11	12	-1	BFB0	-1	-1	-1	-1	-1	-1	-1	-1	-1	Q004112	-1	-1	-1	-1	1	0	0	0	100	100	0	0	11	12	-1	CFB0	-1	-1	-1	-1	-1	-1	-1	-1	-1	Q034112	-1	-1	-1	-1	1	0	0	0	100	100	0	0	11	12	-1	ASB0	-1	-1	-1	-1	-1	-1	-1	-1	-1	Q064111	-1	-1	-1	-1
11	-1	1	0	0	0	100	100	0	0	11	12	-1	BSB0	-1	-1	-1	-1	-1	-1	-1	-1	-1	Q004113	-1	-1	-1	-1	1	0	0	0	100	100	0	0	11	12	-1	CSB0	-1	-1	-1	-1	-1	-1	-1	-1	-1	Q034113	-1	-1	-1	-1	0	0	0	0	100	100	0	0	11	-1	-1	-1	-1	-1	-1	-1	-1	-1	-1	-1	-1	-1	-1	-1	-1	-1
12	-1	1	0	0	0	100	100	0	0	12	12	-1	BWB0	-1	-1	-1	-1	-1	-1	-1	-1	-1	Q004120	-1	-1	-1	-1	1	0	0	0	100	100	0	0	12	12	-1	CWB0	-1	-1	-1	-1	-1	-1	-1	-1	-1	Q034120	-1	-1	-1	-1	1	0	0	0	100	100	0	0	12	12	-1	AWB0	-1	-1	-1	-1	-1	-1	-1	-1	-1	Q064120	-1	-1	-1	-1
12	-1	1	0	0	0	100	100	0	0	12	12	-1	BRB0	-1	-1	-1	-1	-1	-1	-1	-1	-1	Q004121	-1	-1	-1	-1	1	0	0	0	100	100	0	0	12	12	-1	CRB0	-1	-1	-1	-1	-1	-1	-1	-1	-1	Q034121	-1	-1	-1	-1	1	0	0	0	100	100	0	0	12	12	-1	ARB0	-1	-1	-1	-1	-1	-1	-1	-1	-1	Q064121	-1	-1	-1	-1
12	-1	1	0	0	0	100	100	0	0	12	12	-1	BFB0	-1	-1	-1	-1	-1	-1	-1	-1	-1	Q004122	-1	-1	-1	-1	1	0	0	0	100	100	0	0	12	12	-1	CFB0	-1	-1	-1	-1	-1	-1	-1	-1	-1	Q034122	-1	-1	-1	-1	1	0	0	0	100	100	0	0	12	12	-1	ASB0	-1	-1	-1	-1	-1	-1	-1	-1	-1	Q064121	-1	-1	-1	-1
12	-1	1	0	0	0	100	100	0	0	12	12	-1	BSB0	-1	-1	-1	-1	-1	-1	-1	-1	-1	Q004123	-1	-1	-1	-1	1	0	0	0	100	100	0	0	12	12	-1	CSB0	-1	-1	-1	-1	-1	-1	-1	-1	-1	Q034123	-1	-1	-1	-1	0	0	0	0	100	100	0	0	12	-1	-1	-1	-1	-1	-1	-1	-1	-1	-1	-1	-1	-1	-1	-1	-1	-1
13	-1	1	0	0	0	100	100	0	0	13	-1	-1	-1	-1	-1	-1	-1	-1	-1	-1	-1	-1	Q004130	-1	-1	-1	-1	1	0	0	0	100	100	0	0	13	-1	-1	-1	-1	-1	-1	-1	-1	-1	-1	-1	-1	Q034130	-1	-1	-1	-1	1	0	0	0	100	100	0	0	13	-1	-1	-1	-1	-1	-1	-1	-1	-1	-1	-1	-1	Q064130	-1	-1	-1	-1
14	-1	1	0	0	0	100	100	0	0	14	12	-1	BWB0	-1	-1	-1	-1	-1	-1	-1	-1	-1	Q004140	-1	-1	-1	-1	1	0	0	0	100	100	0	0	14	12	-1	CWB0	-1	-1	-1	-1	-1	-1	-1	-1	-1	Q034140	-1	-1	-1	-1	1	0	0	0	100	100	0	0	14	12	-1	AWB0	-1	-1	-1	-1	-1	-1	-1	-1	-1	Q064140	-1	-1	-1	-1
14	-1	1	0	0	0	100	100	0	0	14	12	-1	BRB0	-1	-1	-1	-1	-1	-1	-1	-1	-1	Q004141	-1	-1	-1	-1	1	0	0	0	100	100	0	0	14	12	-1	CRB0	-1	-1	-1	-1	-1	-1	-1	-1	-1	Q034141	-1	-1	-1	-1	1	0	0	0	100	100	0	0	14	12	-1	ARB0	-1	-1	-1	-1	-1	-1	-1	-1	-1	Q064141	-1	-1	-1	-1
14	-1	1	0	0	0	100	100	0	0	14	12	-1	BFB0	-1	-1	-1	-1	-1	-1	-1	-1	-1	Q004142	-1	-1	-1	-1	1	0	0	0	100	100	0	0	14	12	-1	CFB0	-1	-1	-1	-1	-1	-1	-1	-1	-1	Q034142	-1	-1	-1	-1	1	0	0	0	100	100	0	0	14	12	-1	ASB0	-1	-1	-1	-1	-1	-1	-1	-1	-1	Q064141	-1	-1	-1	-1
14	-1	1	0	0	0	100	100	0	0	14	12	-1	BSB0	-1	-1	-1	-1	-1	-1	-1	-1	-1	Q004143	-1	-1	-1	-1	1	0	0	0	100	100	0	0	14	12	-1	CSB0	-1	-1	-1	-1	-1	-1	-1	-1	-1	Q034143	-1	-1	-1	-1	0	0	0	0	100	100	0	0	14	-1	-1	-1	-1	-1	-1	-1	-1	-1	-1	-1	-1	-1	-1	-1	-1	-1
15	-1	1	0	0	0	100	100	0	0	15	12	-1	BWB0	-1	-1	-1	-1	-1	-1	-1	-1	-1	Q004150	-1	-1	-1	-1	1	0	0	0	100	100	0	0	15	12	-1	CWB0	-1	-1	-1	-1	-1	-1	-1	-1	-1	Q034150	-1	-1	-1	-1	1	0	0	0	100	100	0	0	15	12	-1	AWB0	-1	-1	-1	-1	-1	-1	-1	-1	-1	Q064150	-1	-1	-1	-1
15	-1	1	0	0	0	100	100	0	0	15	12	-1	BRB0	-1	-1	-1	-1	-1	-1	-1	-1	-1	Q004151	-1	-1	-1	-1	1	0	0	0	100	100	0	0	15	12	-1	CRB0	-1	-1	-1	-1	-1	-1	-1	-1	-1	Q034151	-1	-1	-1	-1	1	0	0	0	100	100	0	0	15	12	-1	ARB0	-1	-1	-1	-1	-1	-1	-1	-1	-1	Q064151	-1	-1	-1	-1
15	-1	1	0	0	0	100	100	0	0	15	12	-1	BFB0	-1	-1	-1	-1	-1	-1	-1	-1	-1	Q004152	-1	-1	-1	-1	1	0	0	0	100	100	0	0	15	12	-1	CFB0	-1	-1	-1	-1	-1	-1	-1	-1	-1	Q034152	-1	-1	-1	-1	1	0	0	0	100	100	0	0	15	12	-1	ASB0	-1	-1	-1	-1	-1	-1	-1	-1	-1	Q064151	-1	-1	-1	-1
15	-1	1	0	0	0	100	100	0	0	15	12	-1	BSB0	-1	-1	-1	-1	-1	-1	-1	-1	-1	Q004153	-1	-1	-1	-1	1	0	0	0	100	100	0	0	15	12	-1	CSB0	-1	-1	-1	-1	-1	-1	-1	-1	-1	Q034153	-1	-1	-1	-1	0	0	0	0	100	100	0	0	15	-1	-1	-1	-1	-1	-1	-1	-1	-1	-1	-1	-1	-1	-1	-1	-1	-1
16	-1	1	0	0	0	100	100	0	0	16	-1	-1	-1	-1	-1	-1	-1	-1	-1	-1	-1	-1	Q004160	-1	-1	-1	-1	1	0	0	0	100	100	0	0	16	-1	-1	-1	-1	-1	-1	-1	-1	-1	-1	-1	-1	Q034160	-1	-1	-1	-1	1	0	0	0	100	100	0	0	16	-1	-1	-1	-1	-1	-1	-1	-1	-1	-1	-1	-1	Q064160	-1	-1	-1	-1
17	-1	1	0	0	0	100	100	0	0	17	12	-1	BWB0	-1	-1	-1	-1	-1	-1	-1	-1	-1	Q004170	-1	-1	-1	-1	1	0	0	0	100	100	0	0	17	12	-1	CWB0	-1	-1	-1	-1	-1	-1	-1	-1	-1	Q034170	-1	-1	-1	-1	1	0	0	0	100	100	0	0	17	12	-1	AWB0	-1	-1	-1	-1	-1	-1	-1	-1	-1	Q064170	-1	-1	-1	-1
17	-1	1	0	0	0	100	100	0	0	17	12	-1	BRB0	-1	-1	-1	-1	-1	-1	-1	-1	-1	Q004171	-1	-1	-1	-1	1	0	0	0	100	100	0	0	17	12	-1	CRB0	-1	-1	-1	-1	-1	-1	-1	-1	-1	Q034171	-1	-1	-1	-1	1	0	0	0	100	100	0	0	17	12	-1	ARB0	-1	-1	-1	-1	-1	-1	-1	-1	-1	Q064171	-1	-1	-1	-1
17	-1	1	0	0	0	100	100	0	0	17	12	-1	BFB0	-1	-1	-1	-1	-1	-1	-1	-1	-1	Q004172	-1	-1	-1	-1	1	0	0	0	100	100	0	0	17	12	-1	CFB0	-1	-1	-1	-1	-1	-1	-1	-1	-1	Q034172	-1	-1	-1	-1	1	0	0	0	100	100	0	0	17	12	-1	ASB0	-1	-1	-1	-1	-1	-1	-1	-1	-1	Q064171	-1	-1	-1	-1
17	-1	1	0	0	0	100	100	0	0	17	12	-1	BSB0	-1	-1	-1	-1	-1	-1	-1	-1	-1	Q004173	-1	-1	-1	-1	1	0	0	0	100	100	0	0	17	12	-1	CSB0	-1	-1	-1	-1	-1	-1	-1	-1	-1	Q034173	-1	-1	-1	-1	0	0	0	0	100	100	0	0	17	-1	-1	-1	-1	-1	-1	-1	-1	-1	-1	-1	-1	-1	-1	-1	-1	-1
18	-1	1	0	0	0	100	100	0	0	18	12	-1	BWB0	-1	-1	-1	-1	-1	-1	-1	-1	-1	Q004180	-1	-1	-1	-1	1	0	0	0	100	100	0	0	18	12	-1	CWB0	-1	-1	-1	-1	-1	-1	-1	-1	-1	Q034180	-1	-1	-1	-1	1	0	0	0	100	100	0	0	18	12	-1	AWB0	-1	-1	-1	-1	-1	-1	-1	-1	-1	Q064180	-1	-1	-1	-1
18	-1	1	0	0	0	100	100	0	0	18	12	-1	BRB0	-1	-1	-1	-1	-1	-1	-1	-1	-1	Q004181	-1	-1	-1	-1	1	0	0	0	100	100	0	0	18	12	-1	CRB0	-1	-1	-1	-1	-1	-1	-1	-1	-1	Q034181	-1	-1	-1	-1	1	0	0	0	100	100	0	0	18	12	-1	ARB0	-1	-1	-1	-1	-1	-1	-1	-1	-1	Q064181	-1	-1	-1	-1
18	-1	1	0	0	0	100	100	0	0	18	12	-1	BFB0	-1	-1	-1	-1	-1	-1	-1	-1	-1	Q004182	-1	-1	-1	-1	1	0	0	0	100	100	0	0	18	12	-1	CFB0	-1	-1	-1	-1	-1	-1	-1	-1	-1	Q034182	-1	-1	-1	-1	1	0	0	0	100	100	0	0	18	12	-1	ASB0	-1	-1	-1	-1	-1	-1	-1	-1	-1	Q064181	-1	-1	-1	-1
18	-1	1	0	0	0	100	100	0	0	18	12	-1	BSB0	-1	-1	-1	-1	-1	-1	-1	-1	-1	Q004183	-1	-1	-1	-1	1	0	0	0	100	100	0	0	18	12	-1	CSB0	-1	-1	-1	-1	-1	-1	-1	-1	-1	Q034183	-1	-1	-1	-1	0	0	0	0	100	100	0	0	18	-1	-1	-1	-1	-1	-1	-1	-1	-1	-1	-1	-1	-1	-1	-1	-1	-1
19	-1	1	0	0	0	100	100	0	0	19	12	-1	BWB0	-1	-1	-1	-1	-1	-1	-1	-1	-1	Q004190	-1	-1	-1	-1	1	0	0	0	100	100	0	0	19	12	-1	CWB0	-1	-1	-1	-1	-1	-1	-1	-1	-1	Q034190	-1	-1	-1	-1	1	0	0	0	100	100	0	0	19	12	-1	AWB0	-1	-1	-1	-1	-1	-1	-1	-1	-1	Q064190	-1	-1	-1	-1
19	-1	1	0	0	0	100	100	0	0	19	12	-1	BRB0	-1	-1	-1	-1	-1	-1	-1	-1	-1	Q004191	-1	-1	-1	-1	1	0	0	0	100	100	0	0	19	12	-1	CRB0	-1	-1	-1	-1	-1	-1	-1	-1	-1	Q034191	-1	-1	-1	-1	1	0	0	0	100	100	0	0	19	12	-1	ARB0	-1	-1	-1	-1	-1	-1	-1	-1	-1	Q064191	-1	-1	-1	-1
19	-1	1	0	0	0	100	100	0	0	19	12	-1	BFB0	-1	-1	-1	-1	-1	-1	-1	-1	-1	Q004192	-1	-1	-1	-1	1	0	0	0	100	100	0	0	19	12	-1	CFB0	-1	-1	-1	-1	-1	-1	-1	-1	-1	Q034192	-1	-1	-1	-1	1	0	0	0	100	100	0	0	19	12	-1	ASB0	-1	-1	-1	-1	-1	-1	-1	-1	-1	Q064191	-1	-1	-1	-1
19	-1	1	0	0	0	100	100	0	0	19	12	-1	BSB0	-1	-1	-1	-1	-1	-1	-1	-1	-1	Q004193	-1	-1	-1	-1	1	0	0	0	100	100	0	0	19	12	-1	CSB0	-1	-1	-1	-1	-1	-1	-1	-1	-1	Q034193	-1	-1	-1	-1	0	0	0	0	100	100	0	0	19	-1	-1	-1	-1	-1	-1	-1	-1	-1	-1	-1	-1	-1	-1	-1	-1	-1
20	-1	1	0	0	0	100	100	0	0	20	-1	-1	-1	-1	-1	-1	-1	-1	-1	-1	-1	-1	Q004200	-1	-1	-1	-1	1	0	0	0	100	100	0	0	20	-1	-1	-1	-1	-1	-1	-1	-1	-1	-1	-1	-1	Q034200	-1	-1	-1	-1	1	0	0	0	100	100	0	0	20	-1	-1	-1	-1	-1	-1	-1	-1	-1	-1	-1	-1	Q064200	-1	-1	-1	-1
21	-1	1	0	0	0	100	100	0	0	21	12	-1	BWB0	-1	-1	-1	-1	-1	-1	-1	-1	-1	Q004210	-1	-1	-1	-1	1	0	0	0	100	100	0	0	21	12	-1	CWB0	-1	-1	-1	-1	-1	-1	-1	-1	-1	Q034210	-1	-1	-1	-1	1	0	0	0	100	100	0	0	21	12	-1	AWB0	-1	-1	-1	-1	-1	-1	-1	-1	-1	Q064210	-1	-1	-1	-1
21	-1	1	0	0	0	100	100	0	0	21	12	-1	BRB0	-1	-1	-1	-1	-1	-1	-1	-1	-1	Q004211	-1	-1	-1	-1	1	0	0	0	100	100	0	0	21	12	-1	CRB0	-1	-1	-1	-1	-1	-1	-1	-1	-1	Q034211	-1	-1	-1	-1	1	0	0	0	100	100	0	0	21	12	-1	ARB0	-1	-1	-1	-1	-1	-1	-1	-1	-1	Q064211	-1	-1	-1	-1
21	-1	1	0	0	0	100	100	0	0	21	12	-1	BFB0	-1	-1	-1	-1	-1	-1	-1	-1	-1	Q004212	-1	-1	-1	-1	1	0	0	0	100	100	0	0	21	12	-1	CFB0	-1	-1	-1	-1	-1	-1	-1	-1	-1	Q034212	-1	-1	-1	-1	1	0	0	0	100	100	0	0	21	12	-1	ASB0	-1	-1	-1	-1	-1	-1	-1	-1	-1	Q064211	-1	-1	-1	-1
21	-1	1	0	0	0	100	100	0	0	21	12	-1	BSB0	-1	-1	-1	-1	-1	-1	-1	-1	-1	Q004213	-1	-1	-1	-1	1	0	0	0	100	100	0	0	21	12	-1	CSB0	-1	-1	-1	-1	-1	-1	-1	-1	-1	Q034213	-1	-1	-1	-1	0	0	0	0	100	100	0	0	21	-1	-1	-1	-1	-1	-1	-1	-1	-1	-1	-1	-1	-1	-1	-1	-1	-1
22	-1	1	0	0	0	100	100	0	0	22	12	-1	BWB0	-1	-1	-1	-1	-1	-1	-1	-1	-1	Q004220	-1	-1	-1	-1	1	0	0	0	100	100	0	0	22	12	-1	CWB0	-1	-1	-1	-1	-1	-1	-1	-1	-1	Q034220	-1	-1	-1	-1	1	0	0	0	100	100	0	0	22	12	-1	AWB0	-1	-1	-1	-1	-1	-1	-1	-1	-1	Q064220	-1	-1	-1	-1
22	-1	1	0	0	0	100	100	0	0	22	12	-1	BRB0	-1	-1	-1	-1	-1	-1	-1	-1	-1	Q004221	-1	-1	-1	-1	1	0	0	0	100	100	0	0	22	12	-1	CRB0	-1	-1	-1	-1	-1	-1	-1	-1	-1	Q034221	-1	-1	-1	-1	1	0	0	0	100	100	0	0	22	12	-1	ARB0	-1	-1	-1	-1	-1	-1	-1	-1	-1	Q064221	-1	-1	-1	-1
22	-1	1	0	0	0	100	100	0	0	22	12	-1	BFB0	-1	-1	-1	-1	-1	-1	-1	-1	-1	Q004222	-1	-1	-1	-1	1	0	0	0	100	100	0	0	22	12	-1	CFB0	-1	-1	-1	-1	-1	-1	-1	-1	-1	Q034222	-1	-1	-1	-1	1	0	0	0	100	100	0	0	22	12	-1	ASB0	-1	-1	-1	-1	-1	-1	-1	-1	-1	Q064221	-1	-1	-1	-1
22	-1	1	0	0	0	100	100	0	0	22	12	-1	BSB0	-1	-1	-1	-1	-1	-1	-1	-1	-1	Q004223	-1	-1	-1	-1	1	0	0	0	100	100	0	0	22	12	-1	CSB0	-1	-1	-1	-1	-1	-1	-1	-1	-1	Q034223	-1	-1	-1	-1	0	0	0	0	100	100	0	0	22	-1	-1	-1	-1	-1	-1	-1	-1	-1	-1	-1	-1	-1	-1	-1	-1	-1
23	-1	1	0	0	0	100	100	0	0	23	-1	-1	-1	-1	-1	-1	-1	-1	-1	-1	-1	-1	Q004230	-1	-1	-1	-1	1	0	0	0	100	100	0	0	23	-1	-1	-1	-1	-1	-1	-1	-1	-1	-1	-1	-1	Q034230	-1	-1	-1	-1	1	0	0	0	100	100	0	0	23	-1	-1	-1	-1	-1	-1	-1	-1	-1	-1	-1	-1	Q064230	-1	-1	-1	-1
24	-1	1	0	0	0	100	100	0	0	24	12	-1	BWB0	-1	-1	-1	-1	-1	-1	-1	-1	-1	Q004240	-1	-1	-1	-1	1	0	0	0	100	100	0	0	24	12	-1	CWB0	-1	-1	-1	-1	-1	-1	-1	-1	-1	Q034240	-1	-1	-1	-1	1	0	0	0	100	100	0	0	24	12	-1	AWB0	-1	-1	-1	-1	-1	-1	-1	-1	-1	Q064240	-1	-1	-1	-1
24	-1	1	0	0	0	100	100	0	0	24	12	-1	BRB0	-1	-1	-1	-1	-1	-1	-1	-1	-1	Q004241	-1	-1	-1	-1	1	0	0	0	100	100	0	0	24	12	-1	CRB0	-1	-1	-1	-1	-1	-1	-1	-1	-1	Q034241	-1	-1	-1	-1	1	0	0	0	100	100	0	0	24	12	-1	ARB0	-1	-1	-1	-1	-1	-1	-1	-1	-1	Q064241	-1	-1	-1	-1
24	-1	1	0	0	0	100	100	0	0	24	12	-1	BFB0	-1	-1	-1	-1	-1	-1	-1	-1	-1	Q004242	-1	-1	-1	-1	1	0	0	0	100	100	0	0	24	12	-1	CFB0	-1	-1	-1	-1	-1	-1	-1	-1	-1	Q034242	-1	-1	-1	-1	1	0	0	0	100	100	0	0	24	12	-1	ASB0	-1	-1	-1	-1	-1	-1	-1	-1	-1	Q064241	-1	-1	-1	-1
24	-1	1	0	0	0	100	100	0	0	24	12	-1	BSB0	-1	-1	-1	-1	-1	-1	-1	-1	-1	Q004243	-1	-1	-1	-1	1	0	0	0	100	100	0	0	24	12	-1	CSB0	-1	-1	-1	-1	-1	-1	-1	-1	-1	Q034243	-1	-1	-1	-1	0	0	0	0	100	100	0	0	24	-1	-1	-1	-1	-1	-1	-1	-1	-1	-1	-1	-1	-1	-1	-1	-1	-1
25	-1	1	0	0	0	100	100	0	0	25	-1	-1	-1	-1	-1	-1	-1	-1	-1	-1	-1	-1	Q004250	-1	-1	-1	-1	1	0	0	0	100	100	0	0	25	-1	-1	-1	-1	-1	-1	-1	-1	-1	-1	-1	-1	Q034250	-1	-1	-1	-1	1	0	0	0	100	100	0	0	25	-1	-1	-1	-1	-1	-1	-1	-1	-1	-1	-1	-1	Q064250	-1	-1	-1	-1
26	-1	1	0	0	0	100	100	0	0	26	12	-1	BWB0	-1	-1	-1	-1	-1	-1	-1	-1	-1	Q004260	-1	-1	-1	-1	1	0	0	0	100	100	0	0	26	12	-1	CWB0	-1	-1	-1	-1	-1	-1	-1	-1	-1	Q034260	-1	-1	-1	-1	1	0	0	0	100	100	0	0	26	12	-1	AWB0	-1	-1	-1	-1	-1	-1	-1	-1	-1	Q064260	-1	-1	-1	-1
26	-1	1	0	0	0	100	100	0	0	26	12	-1	BRB0	-1	-1	-1	-1	-1	-1	-1	-1	-1	Q004261	-1	-1	-1	-1	1	0	0	0	100	100	0	0	26	12	-1	CRB0	-1	-1	-1	-1	-1	-1	-1	-1	-1	Q034261	-1	-1	-1	-1	1	0	0	0	100	100	0	0	26	12	-1	ARB0	-1	-1	-1	-1	-1	-1	-1	-1	-1	Q064261	-1	-1	-1	-1
26	-1	1	0	0	0	100	100	0	0	26	12	-1	BFB0	-1	-1	-1	-1	-1	-1	-1	-1	-1	Q004262	-1	-1	-1	-1	1	0	0	0	100	100	0	0	26	12	-1	CFB0	-1	-1	-1	-1	-1	-1	-1	-1	-1	Q034262	-1	-1	-1	-1	1	0	0	0	100	100	0	0	26	12	-1	ASB0	-1	-1	-1	-1	-1	-1	-1	-1	-1	Q064261	-1	-1	-1	-1
26	-1	1	0	0	0	100	100	0	0	26	12	-1	BSB0	-1	-1	-1	-1	-1	-1	-1	-1	-1	Q004263	-1	-1	-1	-1	1	0	0	0	100	100	0	0	26	12	-1	CSB0	-1	-1	-1	-1	-1	-1	-1	-1	-1	Q034263	-1	-1	-1	-1	0	0	0	0	100	100	0	0	26	-1	-1	-1	-1	-1	-1	-1	-1	-1	-1	-1	-1	-1	-1	-1	-1	-1
27	-1	1	0	0	0	100	100	0	0	27	12	-1	BWB0	-1	-1	-1	-1	-1	-1	-1	-1	-1	Q004270	-1	-1	-1	-1	1	0	0	0	100	100	0	0	27	12	-1	CWB0	-1	-1	-1	-1	-1	-1	-1	-1	-1	Q034270	-1	-1	-1	-1	1	0	0	0	100	100	0	0	27	12	-1	AWB0	-1	-1	-1	-1	-1	-1	-1	-1	-1	Q064270	-1	-1	-1	-1
27	-1	1	0	0	0	100	100	0	0	27	12	-1	BRB0	-1	-1	-1	-1	-1	-1	-1	-1	-1	Q004271	-1	-1	-1	-1	1	0	0	0	100	100	0	0	27	12	-1	CRB0	-1	-1	-1	-1	-1	-1	-1	-1	-1	Q034271	-1	-1	-1	-1	1	0	0	0	100	100	0	0	27	12	-1	ARB0	-1	-1	-1	-1	-1	-1	-1	-1	-1	Q064271	-1	-1	-1	-1
27	-1	1	0	0	0	100	100	0	0	27	12	-1	BFB0	-1	-1	-1	-1	-1	-1	-1	-1	-1	Q004272	-1	-1	-1	-1	1	0	0	0	100	100	0	0	27	12	-1	CFB0	-1	-1	-1	-1	-1	-1	-1	-1	-1	Q034272	-1	-1	-1	-1	1	0	0	0	100	100	0	0	27	12	-1	ASB0	-1	-1	-1	-1	-1	-1	-1	-1	-1	Q064271	-1	-1	-1	-1
27	-1	1	0	0	0	100	100	0	0	27	12	-1	BSB0	-1	-1	-1	-1	-1	-1	-1	-1	-1	Q004273	-1	-1	-1	-1	1	0	0	0	100	100	0	0	27	12	-1	CSB0	-1	-1	-1	-1	-1	-1	-1	-1	-1	Q034273	-1	-1	-1	-1	0	0	0	0	100	100	0	0	27	-1	-1	-1	-1	-1	-1	-1	-1	-1	-1	-1	-1	-1	-1	-1	-1	-1
28	-1	1	0	0	0	100	100	0	0	28	-1	-1	-1	-1	-1	-1	-1	-1	-1	-1	-1	-1	Q004280	-1	-1	-1	-1	1	0	0	0	100	100	0	0	28	-1	-1	-1	-1	-1	-1	-1	-1	-1	-1	-1	-1	Q034280	-1	-1	-1	-1	1	0	0	0	100	100	0	0	28	-1	-1	-1	-1	-1	-1	-1	-1	-1	-1	-1	-1	Q064280	-1	-1	-1	-1
29	-1	1	0	0	0	100	100	0	0	29	-1	-1	-1	-1	-1	-1	-1	-1	-1	-1	-1	-1	Q004290	-1	-1	-1	-1	1	0	0	0	100	100	0	0	29	-1	-1	-1	-1	-1	-1	-1	-1	-1	-1	-1	-1	Q034290	-1	-1	-1	-1	1	0	0	0	100	100	0	0	29	-1	-1	-1	-1	-1	-1	-1	-1	-1	-1	-1	-1	Q064290	-1	-1	-1	-1
30	-1	1	0	0	0	100	100	0	0	30	-1	-1	-1	-1	-1	-1	-1	-1	-1	-1	-1	-1	Q004300	-1	-1	-1	-1	1	0	0	0	100	100	0	0	30	-1	-1	-1	-1	-1	-1	-1	-1	-1	-1	-1	-1	Q034300	-1	-1	-1	-1	1	0	0	0	100	100	0	0	30	-1	-1	-1	-1	-1	-1	-1	-1	-1	-1	-1	-1	Q064300	-1	-1	-1	-1
31	-1	1	0	0	0	100	100	0	0	31	-1	-1	-1	-1	-1	-1	-1	-1	-1	-1	-1	-1	Q004310	-1	-1	-1	-1	1	0	0	0	100	100	0	0	31	-1	-1	-1	-1	-1	-1	-1	-1	-1	-1	-1	-1	Q034310	-1	-1	-1	-1	1	0	0	0	100	100	0	0	31	-1	-1	-1	-1	-1	-1	-1	-1	-1	-1	-1	-1	Q064310	-1	-1	-1	-1
32	-1	1	0	0	0	100	100	0	0	32	-1	-1	-1	-1	-1	-1	-1	-1	-1	-1	-1	-1	Q004320	-1	-1	-1	-1	1	0	0	0	100	100	0	0	32	-1	-1	-1	-1	-1	-1	-1	-1	-1	-1	-1	-1	Q034320	-1	-1	-1	-1	1	0	0	0	100	100	0	0	32	-1	-1	-1	-1	-1	-1	-1	-1	-1	-1	-1	-1	Q064320	-1	-1	-1	-1
33	-1	1	0	0	0	100	100	0	0	33	-1	-1	-1	-1	-1	-1	-1	-1	-1	-1	-1	-1	Q004330	-1	-1	-1	-1	1	0	0	0	100	100	0	0	33	-1	-1	-1	-1	-1	-1	-1	-1	-1	-1	-1	-1	Q034330	-1	-1	-1	-1	1	0	0	0	100	100	0	0	33	-1	-1	-1	-1	-1	-1	-1	-1	-1	-1	-1	-1	Q064330	-1	-1	-1	-1
34	-1	1	0	0	0	100	100	0	0	34	-1	-1	-1	-1	-1	-1	-1	-1	-1	-1	-1	-1	Q004340	-1	-1	-1	-1	1	0	0	0	100	100	0	0	34	-1	-1	-1	-1	-1	-1	-1	-1	-1	-1	-1	-1	Q034340	-1	-1	-1	-1	1	0	0	0	100	100	0	0	34	-1	-1	-1	-1	-1	-1	-1	-1	-1	-1	-1	-1	Q064340	-1	-1	-1	-1
35	-1	1	0	0	0	100	100	0	0	35	-1	-1	-1	-1	-1	-1	-1	-1	-1	-1	-1	-1	Q004350	-1	-1	-1	-1	1	0	0	0	100	100	0	0	35	-1	-1	-1	-1	-1	-1	-1	-1	-1	-1	-1	-1	Q034350	-1	-1	-1	-1	1	0	0	0	100	100	0	0	35	-1	-1	-1	-1	-1	-1	-1	-1	-1	-1	-1	-1	Q064350	-1	-1	-1	-1
36	-1	1	0	0	0	100	100	0	0	36	-1	-1	-1	-1	-1	-1	-1	-1	-1	-1	-1	-1	Q004360	-1	-1	-1	-1	1	0	0	0	100	100	0	0	36	-1	-1	-1	-1	-1	-1	-1	-1	-1	-1	-1	-1	Q034360	-1	-1	-1	-1	1	0	0	0	100	100	0	0	36	-1	-1	-1	-1	-1	-1	-1	-1	-1	-1	-1	-1	Q064360	-1	-1	-1	-1
37	-1	1	0	0	0	100	100	0	0	37	-1	-1	-1	-1	-1	-1	-1	-1	-1	-1	-1	-1	Q004370	-1	-1	-1	-1	1	0	0	0	100	100	0	0	37	-1	-1	-1	-1	-1	-1	-1	-1	-1	-1	-1	-1	Q034370	-1	-1	-1	-1	1	0	0	0	100	100	0	0	37	-1	-1	-1	-1	-1	-1	-1	-1	-1	-1	-1	-1	Q064370	-1	-1	-1	-1
38	-1	1	0	0	0	100	100	0	0	38	-1	-1	-1	-1	-1	-1	-1	-1	-1	-1	-1	-1	Q004380	-1	-1	-1	-1	1	0	0	0	100	100	0	0	38	-1	-1	-1	-1	-1	-1	-1	-1	-1	-1	-1	-1	Q034380	-1	-1	-1	-1	1	0	0	0	100	100	0	0	38	-1	-1	-1	-1	-1	-1	-1	-1	-1	-1	-1	-1	Q064380	-1	-1	-1	-1
39	-1	1	0	0	0	100	100	0	0	39	-1	-1	-1	-1	-1	-1	-1	-1	-1	-1	-1	-1	Q004390	-1	-1	-1	-1	1	0	0	0	100	100	0	0	39	-1	-1	-1	-1	-1	-1	-1	-1	-1	-1	-1	-1	Q034390	-1	-1	-1	-1	1	0	0	0	100	100	0	0	39	-1	-1	-1	-1	-1	-1	-1	-1	-1	-1	-1	-1	Q064390	-1	-1	-1	-1
40	-1	1	0	0	0	100	100	0	0	40	-1	-1	-1	-1	-1	-1	-1	-1	-1	-1	-1	-1	Q004400	-1	-1	-1	-1	1	0	0	0	100	100	0	0	40	-1	-1	-1	-1	-1	-1	-1	-1	-1	-1	-1	-1	Q034400	-1	-1	-1	-1	1	0	0	0	100	100	0	0	40	-1	-1	-1	-1	-1	-1	-1	-1	-1	-1	-1	-1	Q064400	-1	-1	-1	-1
41	-1	1	0	0	0	100	100	0	0	41	-1	-1	-1	-1	-1	-1	-1	-1	-1	-1	-1	-1	Q004410	-1	-1	-1	-1	1	0	0	0	100	100	0	0	41	-1	-1	-1	-1	-1	-1	-1	-1	-1	-1	-1	-1	Q034410	-1	-1	-1	-1	1	0	0	0	100	100	0	0	41	-1	-1	-1	-1	-1	-1	-1	-1	-1	-1	-1	-1	Q064410	-1	-1	-1	-1
42	-1	1	0	0	0	100	100	0	0	42	-1	-1	-1	-1	-1	-1	-1	-1	-1	-1	-1	-1	Q004420	-1	-1	-1	-1	1	0	0	0	100	100	0	0	42	-1	-1	-1	-1	-1	-1	-1	-1	-1	-1	-1	-1	Q034420	-1	-1	-1	-1	1	0	0	0	100	100	0	0	42	-1	-1	-1	-1	-1	-1	-1	-1	-1	-1	-1	-1	Q064420	-1	-1	-1	-1
43	-1	1	0	0	0	100	100	0	0	43	-1	-1	-1	-1	-1	-1	-1	-1	-1	-1	-1	-1	Q004430	-1	-1	-1	-1	1	0	0	0	100	100	0	0	43	-1	-1	-1	-1	-1	-1	-1	-1	-1	-1	-1	-1	Q034430	-1	-1	-1	-1	1	0	0	0	100	100	0	0	43	-1	-1	-1	-1	-1	-1	-1	-1	-1	-1	-1	-1	Q064430	-1	-1	-1	-1
44	-1	1	0	0	0	100	100	0	0	44	-1	-1	-1	-1	-1	-1	-1	-1	-1	-1	-1	-1	Q004440	-1	-1	-1	-1	1	0	0	0	100	100	0	0	44	-1	-1	-1	-1	-1	-1	-1	-1	-1	-1	-1	-1	Q034440	-1	-1	-1	-1	1	0	0	0	100	100	0	0	44	-1	-1	-1	-1	-1	-1	-1	-1	-1	-1	-1	-1	Q064440	-1	-1	-1	-1
45	-1	1	0	0	0	100	100	0	0	45	-1	-1	-1	-1	-1	-1	-1	-1	-1	-1	-1	-1	Q004450	-1	-1	-1	-1	1	0	0	0	100	100	0	0	45	-1	-1	-1	-1	-1	-1	-1	-1	-1	-1	-1	-1	Q034450	-1	-1	-1	-1	1	0	0	0	100	100	0	0	45	-1	-1	-1	-1	-1	-1	-1	-1	-1	-1	-1	-1	Q064450	-1	-1	-1	-1
46	-1	1	0	0	0	100	100	0	0	46	-1	-1	-1	-1	-1	-1	-1	-1	-1	-1	-1	-1	Q004460	-1	-1	-1	-1	1	0	0	0	100	100	0	0	46	-1	-1	-1	-1	-1	-1	-1	-1	-1	-1	-1	-1	Q034460	-1	-1	-1	-1	1	0	0	0	100	100	0	0	46	-1	-1	-1	-1	-1	-1	-1	-1	-1	-1	-1	-1	Q064460	-1	-1	-1	-1
47	-1	1	0	0	0	100	100	0	0	47	-1	-1	-1	-1	-1	-1	-1	-1	-1	-1	-1	-1	Q004470	-1	-1	-1	-1	1	0	0	0	100	100	0	0	47	-1	-1	-1	-1	-1	-1	-1	-1	-1	-1	-1	-1	Q034470	-1	-1	-1	-1	1	0	0	0	100	100	0	0	47	-1	-1	-1	-1	-1	-1	-1	-1	-1	-1	-1	-1	Q064470	-1	-1	-1	-1
48	-1	1	0	0	0	100	100	0	0	48	-1	-1	-1	-1	-1	-1	-1	-1	-1	-1	-1	-1	Q004480	-1	-1	-1	-1	1	0	0	0	100	100	0	0	48	-1	-1	-1	-1	-1	-1	-1	-1	-1	-1	-1	-1	Q034480	-1	-1	-1	-1	1	0	0	0	100	100	0	0	48	-1	-1	-1	-1	-1	-1	-1	-1	-1	-1	-1	-1	Q064480	-1	-1	-1	-1
49	-1	1	0	0	0	100	100	0	0	49	-1	-1	-1	-1	-1	-1	-1	-1	-1	-1	-1	-1	Q004490	-1	-1	-1	-1	1	0	0	0	100	100	0	0	49	-1	-1	-1	-1	-1	-1	-1	-1	-1	-1	-1	-1	Q034490	-1	-1	-1	-1	1	0	0	0	100	100	0	0	49	-1	-1	-1	-1	-1	-1	-1	-1	-1	-1	-1	-1	Q064490	-1	-1	-1	-1
50	-1	1	0	0	0	100	100	0	0	50	-1	-1	-1	-1	-1	-1	-1	-1	-1	-1	-1	-1	Q004500	-1	-1	-1	-1	1	0	0	0	100	100	0	0	50	-1	-1	-1	-1	-1	-1	-1	-1	-1	-1	-1	-1	Q034500	-1	-1	-1	-1	1	0	0	0	100	100	0	0	50	-1	-1	-1	-1	-1	-1	-1	-1	-1	-1	-1	-1	Q064500	-1	-1	-1	-1
51	-1	1	0	0	0	100	100	0	0	51	-1	-1	-1	-1	-1	-1	-1	-1	-1	-1	-1	-1	Q004510	-1	-1	-1	-1	1	0	0	0	100	100	0	0	51	-1	-1	-1	-1	-1	-1	-1	-1	-1	-1	-1	-1	Q034510	-1	-1	-1	-1	1	0	0	0	100	100	0	0	51	-1	-1	-1	-1	-1	-1	-1	-1	-1	-1	-1	-1	Q064510	-1	-1	-1	-1
52	-1	1	0	0	0	100	100	0	0	52	-1	-1	-1	-1	-1	-1	-1	-1	-1	-1	-1	-1	Q004520	-1	-1	-1	-1	1	0	0	0	100	100	0	0	52	-1	-1	-1	-1	-1	-1	-1	-1	-1	-1	-1	-1	Q034520	-1	-1	-1	-1	1	0	0	0	100	100	0	0	52	-1	-1	-1	-1	-1	-1	-1	-1	-1	-1	-1	-1	Q064520	-1	-1	-1	-1
53	-1	1	0	0	0	100	100	0	0	53	-1	-1	-1	-1	-1	-1	-1	-1	-1	-1	-1	-1	Q004530	-1	-1	-1	-1	1	0	0	0	100	100	0	0	53	-1	-1	-1	-1	-1	-1	-1	-1	-1	-1	-1	-1	Q034530	-1	-1	-1	-1	1	0	0	0	100	100	0	0	53	-1	-1	-1	-1	-1	-1	-1	-1	-1	-1	-1	-1	Q064530	-1	-1	-1	-1
54	-1	1	0	0	0	100	100	0	0	54	-1	-1	-1	-1	-1	-1	-1	-1	-1	-1	-1	-1	Q004540	-1	-1	-1	-1	1	0	0	0	100	100	0	0	54	-1	-1	-1	-1	-1	-1	-1	-1	-1	-1	-1	-1	Q034540	-1	-1	-1	-1	1	0	0	0	100	100	0	0	54	-1	-1	-1	-1	-1	-1	-1	-1	-1	-1	-1	-1	Q064540	-1	-1	-1	-1
55	-1	1	0	0	0	100	100	0	0	55	-1	-1	-1	-1	-1	-1	-1	-1	-1	-1	-1	-1	Q004550	-1	-1	-1	-1	1	0	0	0	100	100	0	0	55	-1	-1	-1	-1	-1	-1	-1	-1	-1	-1	-1	-1	Q034550	-1	-1	-1	-1	1	0	0	0	100	100	0	0	55	-1	-1	-1	-1	-1	-1	-1	-1	-1	-1	-1	-1	Q064550	-1	-1	-1	-1