dword	END
OrderA	
40	
41	
100	
101	
220	
1270	
1280	
1290	
1300	
1310	
1320	
1330	
1340	
1350	
1360	
1370	
1372	
1380	
1390	
1400	
1410	
1420	
1422	
1430	
1440	
1450	
1460	
1470	
1480	
1490	
1492	
1500	
1510	
1520	
1521	
1530	
1540	
1550	
1560	
1570	
1580	
1590	
1591	
1592	
1593	
1594	
1595	
1600	
1601	
1602	
1603	
1610	
1611	
1612	
1620	
1621	
1622	
1623	
1630	
1631	
1632	
1640	
1641	
1650	
1651	
1652	
1660	
1661	
1670	
1671	
1680	
1681	
1690	
1691	
1692	
1700	
1701	
1702	
1703	
1710	
1711	
1712	
1720	
1721	
1722	
1723	
1730	
1731	
1732	
1733	
1739	
1840	
1841	
1842	
1850	
1851	
1860	
1861	
1870	
1871	
1872	
1880	
1881	
1882	
1910	
1911	
1912	
1913	
1914	
1915	
1916	
1917	
1918	
1919	
2320	
2321	
2322	
2323	
2324	
2325	
2326	
2327	
2328	
2330	
2331	
2332	
2333	
2334	
2340	
2341	
2342	
2343	
2344	
2345	
2346	
2347	
2348	
2350	
2351	
2352	
2353	
2354	
2355	
2356	
2360	
2361	
2362	
2363	
2364	
2365	
2366	
2367	
2368	
2370	
2371	
2372	
2373	
2374	
2375	
2376	
2377	
2380	
2381	
2382	
2383	
2384	
2385	
2386	
2387	
2390	
2391	
2392	
2393	
2394	
2395	
2396	
2397	
2398	
2399	
2400	
2401	
2402	
2403	
2404	
2405	
2406	
2407	
2408	
2410	
2411	
2412	
2413	
2414	
2415	
2416	
2420	
2421	
2422	
2423	
2424	
2425	
2426	
2440	
2441	
2442	
2443	
2444	
2445	
2446	
2447	
2450	
2451	
2452	
2453	
2454	
2455	
2456	
2457	
2458	
2459	
2460	
2461	
2462	
2463	
2464	
2465	
2466	
2470	
2471	
2472	
2473	
2474	
2475	
2480	
2481	
2482	
2483	
2484	
2485	
2490	
2491	
2492	
2493	
2494	
2495	
2496	
2500	
2501	
2502	
2503	
2504	
2505	
2506	
2510	
2511	
2512	
2513	
2514	
2515	
2516	
2517	
2518	
2519	
2540	
2570	
2571	
2572	
2573	
2574	
2575	
2576	
2577	
2578	
2579	
2592	
2593	
2594	
2595	
2596	
2597	
-268435454	
-268435451	
-268435448	
