string[64]	dword	string[64]	dword	string[64]	dword	dword	string[64]	dword	dword	dword	dword	dword	dword	dword	string[64]	dword	dword	dword	dword	dword	string[64]	END
Code	IsExist	Model	Icon	Name	KindClt	FixPart	Civil	Money	StdPrice	StdPoint	GoldPoint	KillPoint	ProcPoint	StorePrice	ForceKey	IsSell	IsExchange	IsGround	IsStore	IsNormAcc	ToolTip	
icfla00	1	940218	25	Тренировочный Призматический Луч	402	300	11110	0	10	0	0	0	0	1	9200	1	0	0	0	1	ticfla00	
icala00	1	940328	41	Тренировочный Ледяной Луч	403	300	11110	0	10	0	0	0	0	1	9300	1	0	0	0	1	ticala00	
ictla00	1	940438	57	Тренировочный Земляной Ком	404	300	11110	0	10	0	0	0	0	1	9400	1	0	0	0	1	tictla00	
icwla00	1	940548	73	Тренировочный Электрический Шар	405	300	11110	0	10	0	0	0	0	1	9500	1	0	0	0	1	ticwla00	
icdls01	1	840000	1	Бешенство	400	300	00110	0	50000	0	0	0	0	500	8000	1	1	1	1	1	ticdls01	
icdls02	1	840001	2	Жертвоприношение	400	300	00110	0	50000	0	0	0	0	500	8001	1	1	1	1	1	ticdls02	
icdls03	1	840002	3	Источник Силы	400	300	00110	0	50000	0	0	0	0	500	8002	1	1	1	1	1	ticdls03	
icdms01	1	840003	4	Мощь	400	300	00110	0	200000	0	0	0	0	2000	8003	1	1	1	1	1	ticdms01	
icdms02	1	840004	5	Обозрение	400	300	00110	0	200000	0	0	0	0	2000	8004	1	1	1	1	1	ticdms02	
icdms03	1	840005	6	Ускорение	400	300	00110	0	200000	0	0	0	0	2000	8005	1	1	1	1	1	ticdms03	
icdhs01	1	840006	7	Точность	400	300	00110	0	800000	0	0	0	0	8000	8006	1	1	1	1	1	ticdhs01	
icdhs02	1	840007	8	Пытка	400	300	00110	0	800000	0	0	0	0	8000	8007	1	1	1	1	1	ticdhs02	
icdhs03	1	840008	9	Практичность	400	300	00110	0	800000	0	0	0	0	8000	8008	1	1	1	1	1	ticdhs03	
icdts01	1	840009	10	Поглощение	400	300	00110	0	3200000	0	0	0	0	32000	8009	1	1	1	1	1	ticdts01	
icdts02	1	84000A	11	Сумрак	400	300	00110	0	3200000	0	0	0	0	32000	800A	1	1	1	1	1	ticdts02	
icdts03	1	84000B	12	Воскрешение	400	300	00110	0	3200000	0	0	0	0	32000	800B	1	1	1	1	1	ticdts03	
ichls01	1	74010C	13	Благословение	401	300	11000	0	50000	0	0	0	0	500	7100	1	1	1	1	1	tichls01	
ichls02	1	74010D	14	Восстановление	401	300	11000	0	50000	0	0	0	0	500	7101	1	1	1	1	1	tichls02	
ichls03	1	74010E	15	Душевная Баллада	401	300	11000	0	50000	0	0	0	0	500	7102	1	1	1	1	1	tichls03	
ichms01	1	74010F	16	Щит Стихий	401	300	11000	0	200000	0	0	0	0	2000	7103	1	1	1	1	1	tichms01	
ichms02	1	740110	17	Лечение	401	300	11000	0	200000	0	0	0	0	2000	7104	1	1	1	1	1	tichms02	
ichms03	1	740111	18	Ускорение	401	300	11000	0	200000	0	0	0	0	2000	7105	1	1	1	1	1	tichms03	
ichhs01	1	740112	19	Уклонение	401	300	11000	0	800000	0	0	0	0	8000	7106	1	1	1	1	1	tichhs01	
ichhs02	1	740113	20	Щит Эгиды	401	300	11000	0	800000	0	0	0	0	8000	7107	1	1	1	1	1	tichhs02	
ichhs03	1	740114	21	Практичность	401	300	11000	0	800000	0	0	0	0	8000	7108	1	1	1	1	1	tichhs03	
ichts01	1	740115	22	Вампиризм	401	300	11000	0	3200000	0	0	0	0	32000	7109	1	1	1	1	1	tichts01	
ichts02	1	740116	23	Мастер уклонения	401	300	11000	0	3200000	0	0	0	0	32000	710A	1	1	1	1	1	tichts02	
ichts03	1	740117	24	Восстановление	401	300	11000	0	3200000	0	0	0	0	32000	710B	1	1	1	1	1	tichts03	
icfla01	1	940218	25	Призматический Луч	402	300	11110	0	50000	0	0	0	0	500	9200	1	1	1	1	1	ticfla01	
icfla02	1	940219	26	Звезда Огня	402	300	11110	0	50000	0	0	0	0	500	9201	1	1	1	1	1	ticfla02	
icfla03	1	94021A	27	Огненный Шар	402	300	11110	0	50000	0	0	0	0	500	9202	1	1	1	1	1	ticfla03	
icfla04	1	94021B	28	Луч Света	402	300	11110	0	50000	0	0	0	0	500	9203	1	1	1	1	1	ticfla04	
icfma01	1	94021C	29	Огненная Стрела	402	300	11110	0	200000	0	0	0	0	2000	9204	1	1	1	1	1	ticfma01	
icfma02	1	94021D	30	Огненный круг	402	300	11110	0	200000	0	0	0	0	2000	9205	1	1	1	1	1	ticfma02	
icfma03	1	94021E	31	Огненный шквал	402	300	11110	0	200000	0	0	0	0	2000	9206	1	1	1	1	1	ticfma03	
icfma04	1	94021F	32	Сила света	402	300	11110	0	200000	0	0	0	0	2000	9207	1	1	1	1	1	ticfma04	
icfha01	1	940220	33	Огненный Дождь	402	300	11110	0	800000	0	0	0	0	8000	9208	1	1	1	1	1	ticfha01	
icfha02	1	940221	34	Солнечный Клинок	402	300	11110	0	800000	0	0	0	0	8000	9209	1	1	1	1	1	ticfha02	
icfha03	1	940222	35	Сияющее Копье	402	300	11110	0	800000	0	0	0	0	8000	920A	1	1	1	1	1	ticfha03	
icfha04	1	940223	36	Метеорит	402	300	11110	0	800000	0	0	0	0	8000	920B	1	1	1	1	1	ticfha04	
icfta01	1	940224	37	Вспышка света	402	300	11110	0	3200000	0	0	0	0	32000	920C	1	1	1	1	1	ticfta01	
icfta02	1	940225	38	Извержение	402	300	11110	0	3200000	0	0	0	0	32000	920D	1	1	1	1	1	ticfta02	
icfta03	1	940226	39	Огненная Птица	402	300	11110	0	3200000	0	0	0	0	32000	920E	1	1	1	1	1	ticfta03	
icfta04	1	940227	40	Священная вспышка	402	300	11110	0	3200000	0	0	0	0	32000	920F	1	1	1	1	1	ticfta04	
icala01	1	940328	41	Осколок Льда	403	300	11110	0	50000	0	0	0	0	500	9300	1	1	1	1	1	ticala01	
icala02	1	940329	42	Гейзер	403	300	11110	0	50000	0	0	0	0	500	9301	1	1	1	1	1	ticala02	
icala03	1	94032A	43	Ослепление	403	300	11110	0	50000	0	0	0	0	500	9302	1	1	1	1	1	ticala03	
icala04	1	94032B	44	Ослабление	403	300	11110	0	50000	0	0	0	0	500	9303	1	1	1	1	1	ticala04	
icama01	1	94032C	45	Ледяная Стрела	403	300	11110	0	200000	0	0	0	0	2000	9304	1	1	1	1	1	ticama01	
icama02	1	94032D	46	Ледяной клинок	403	300	11110	0	200000	0	0	0	0	2000	9305	1	1	1	1	1	ticama02	
icama03	1	94032E	47	Стихийная немощь	403	300	11110	0	200000	0	0	0	0	2000	9306	1	1	1	1	1	ticama03	
icama04	1	94032F	48	Поглощение Силы	403	300	11110	0	200000	0	0	0	0	2000	9307	1	1	1	1	1	ticama04	
icaha01	1	940330	49	Ледяная Ярость	403	300	11110	0	800000	0	0	0	0	8000	9308	1	1	1	1	1	ticaha01	
icaha02	1	940331	50	Ледяные шипы	403	300	11110	0	800000	0	0	0	0	8000	9309	1	1	1	1	1	ticaha02	
icaha03	1	940332	51	Растерянность	403	300	11110	0	800000	0	0	0	0	8000	930A	1	1	1	1	1	ticaha03	
icaha04	1	940333	52	Усталость	403	300	11110	0	800000	0	0	0	0	8000	930B	1	1	1	1	1	ticaha04	
icata01	1	940334	53	Облако пара	403	300	11110	0	3200000	0	0	0	0	32000	930C	1	1	1	1	1	ticata01	
icata02	1	940335	54	Метель	403	300	11110	0	3200000	0	0	0	0	32000	930D	1	1	1	1	1	ticata02	
icata03	1	940336	55	Ледяной Плен	403	300	11110	0	3200000	0	0	0	0	32000	930E	1	1	1	1	1	ticata03	
icata04	1	940337	56	Оковы	403	300	11110	0	3200000	0	0	0	0	32000	930F	1	1	1	1	1	ticata04	
ictla01	1	940438	57	Земляной Ком	404	300	11110	0	50000	0	0	0	0	500	9400	1	1	1	1	1	tictla01	
ictla02	1	940439	58	Ядовитый газ	404	300	11110	0	50000	0	0	0	0	500	9401	1	1	1	1	1	tictla02	
ictla03	1	94043A	59	Безмолвие	404	300	11110	0	50000	0	0	0	0	500	9402	1	1	1	1	1	tictla03	
ictla04	1	94043B	60	Слабодушие	404	300	11110	0	50000	0	0	0	0	500	9403	1	1	1	1	1	tictla04	
ictma01	1	94043C	61	Каменный клинок	404	300	11110	0	200000	0	0	0	0	2000	9404	1	1	1	1	1	tictma01	
ictma02	1	94043D	62	Ядовитое дыхание	404	300	11110	0	200000	0	0	0	0	2000	9405	1	1	1	1	1	tictma02	
ictma03	1	94043E	63	Забытье	404	300	11110	0	200000	0	0	0	0	2000	9406	1	1	1	1	1	tictma03	
ictma04	1	94043F	64	Зыбучие Пески	404	300	11110	0	200000	0	0	0	0	2000	9407	1	1	1	1	1	tictma04	
ictha01	1	940440	65	Отравление	404	300	11110	0	800000	0	0	0	0	8000	9408	1	1	1	1	1	tictha01	
ictha02	1	940441	66	Песчаная Буря	404	300	11110	0	800000	0	0	0	0	8000	9409	1	1	1	1	1	tictha02	
ictha03	1	940442	67	Путы	404	300	11110	0	800000	0	0	0	0	8000	940A	1	1	1	1	1	tictha03	
ictha04	1	940443	68	Изоляция	404	300	11110	0	800000	0	0	0	0	8000	940B	1	1	1	1	1	tictha04	
ictta01	1	940444	69	Болезненный вирус	404	300	11110	0	3200000	0	0	0	0	32000	940C	1	1	1	1	1	tictta01	
ictta02	1	940445	70	Каменная лавина	404	300	11110	0	3200000	0	0	0	0	32000	940D	1	1	1	1	1	tictta02	
ictta03	1	940446	71	Удушье	404	300	11110	0	3200000	0	0	0	0	32000	940E	1	1	1	1	1	tictta03	
ictta04	1	940447	72	Сеть охотника	404	300	11110	0	3200000	0	0	0	0	32000	940F	1	1	1	1	1	tictta04	
icwla01	1	940548	73	Электрический шар	405	300	11110	0	50000	0	0	0	0	500	9500	1	1	1	1	1	ticwla01	
icwla02	1	940549	74	Ураган	405	300	11110	0	50000	0	0	0	0	500	9501	1	1	1	1	1	ticwla02	
icwla03	1	94054A	75	Усмирение	405	300	11110	0	50000	0	0	0	0	500	9502	1	1	1	1	1	ticwla03	
icwla04	1	94054B	76	Подавление	405	300	11110	0	50000	0	0	0	0	500	9503	1	1	1	1	1	ticwla04	
icwma01	1	94054C	77	Молния	405	300	11110	0	200000	0	0	0	0	2000	9504	1	1	1	1	1	ticwma01	
icwma02	1	94054D	78	Тайфун	405	300	11110	0	200000	0	0	0	0	2000	9505	1	1	1	1	1	ticwma02	
icwma03	1	94054E	79	Очищение	405	300	11110	0	200000	0	0	0	0	2000	9506	1	1	1	1	1	ticwma03	
icwma04	1	94054F	80	Взгляд Истины	405	300	11110	0	200000	0	0	0	0	2000	9507	1	1	1	1	1	ticwma04	
icwha01	1	940550	81	Штормовой Ветер	405	300	11110	0	800000	0	0	0	0	8000	9508	1	1	1	1	1	ticwha01	
icwha02	1	940551	82	Цепная Молния	405	300	11110	0	800000	0	0	0	0	8000	9509	1	1	1	1	1	ticwha02	
icwha03	1	940552	83	Ревокация	405	300	11110	0	800000	0	0	0	0	8000	950A	1	1	1	1	1	ticwha03	
icwha04	1	940553	84	Вето	405	300	11110	0	800000	0	0	0	0	8000	950B	1	1	1	1	1	ticwha04	
icwta01	1	940554	85	Гравитационное поле	405	300	11110	0	3200000	0	0	0	0	32000	950C	1	1	1	1	1	ticwta01	
icwta02	1	940555	86	Крылья Бури	405	300	11110	0	3200000	0	0	0	0	32000	950D	1	1	1	1	1	ticwta02	
icwta03	1	940556	87	Удар Хаоса	405	300	11110	0	3200000	0	0	0	0	32000	950E	1	1	1	1	1	ticwta03	
icwta04	1	940557	88	Охранитель	405	300	11110	0	3200000	0	0	0	0	32000	950F	1	1	1	1	1	ticwta04	
icaex00	1	94032B	89	Тренировочное Ослабление	403	300	11110	0	1	0	0	0	0	1	9303	1	1	1	1	1	ticaex00	
ictex00	1	94043B	90	Тренировочная Немая Душа	404	300	11110	0	1	0	0	0	0	1	9403	1	1	1	1	1	tictex00	
