string[64]	string[64]	string[64]	string[64]	string[64]	string[64]	string[64]	string[64]	string[64]	string[64]	string[64]	string[64]	string[64]	string[64]	string[64]	dword	float	dword	float	dword	float	dword	float	dword	float	dword	float	dword	float	dword	float	END
Code	Civil	head	upper	lower	shoes	gauntlet	weapon	shield	amul1	amul2	ring1	ring2	cloack	Rule	eff1code	eff1unit	eff2code	eff2unit	eff3code	eff3unit	eff4code	eff4unit	eff5code	eff5unit	eff6code	eff6unit	eff7code	eff7unit	eff8code	eff8unit	
setwb01	11000	ihbwc50	iubwc50	ilbwc50	isbwc50	igbwc50	-1	-1	-1	-1	iibba97	iibba97	-1	0301050306040708	7	0,200000003	7	0,200000003	6	0,200000003	34	10	34	10	6	0,100000001	7	0,100000001	5	0,100000001	
setwb02	11000	ihbwc45	iubwc45	ilbwc45	isbwc45	igbwc45	-1	-1	-1	-1	-1	-1	-1	0502	7	1,5	5	0,100000001	0	0	0	0	0	0	0	0	0	0	0	0	
setwb03	11000	ihbwd45	iubwd45	ilbwd45	isbwd45	igbwd45	-1	-1	-1	-1	-1	-1	-1	0502	7	2,5	5	0,200000003	0	0	0	0	0	0	0	0	0	0	0	0	
setwb04	11000	-1	-1	-1	-1	-1	iwkbd46	-1	-1	-1	iibhb01	iibhb01	-1	0301	30	0,100000001	0	0	0	0	0	0	0	0	0	0	0	0	0	0	
setwb05	11000	-1	-1	-1	-1	-1	iwsbd46	-1	-1	-1	iibhb02	iibhb02	-1	0301	15	0,079999998	0	0	0	0	0	0	0	0	0	0	0	0	0	0	
setwb06	11000	-1	-1	-1	-1	-1	iwkbd51	-1	-1	-1	iibhb03	iibhb03	-1	0301	30	0,200000003	0	0	0	0	0	0	0	0	0	0	0	0	0	0	
setwb07	11000	-1	-1	-1	-1	-1	iwsbd51	-1	-1	-1	iibhb04	iibhb04	-1	0301	15	0,159999996	0	0	0	0	0	0	0	0	0	0	0	0	0	0	
setwb08	11000	-1	-1	-1	-1	-1	-1	-1	iabhs01	iabhs02	iibhh01	iibhh02	-1	02010402	7	0,150000006	6	0,150000006	0	0	0	0	0	0	0	0	0	0	0	0	
setwb09	11000	-1	-1	-1	-1	-1	-1	-1	iabhs03	iabhs04	iibhh03	iibhh04	-1	02010402	7	0,200000003	6	0,200000003	0	0	0	0	0	0	0	0	0	0	0	0	
setwb10	11000	-1	-1	-1	-1	-1	-1	-1	iabhs05	iabhs05	iibhh05	iibhh05	-1	02010402	7	0,25	6	0,25	0	0	0	0	0	0	0	0	0	0	0	0	
setwb11	11000	-1	-1	-1	-1	-1	-1	-1	iabht01	iabht02	iibhg01	iibhg02	-1	02010402	34	200	6	0,100000001	0	0	0	0	0	0	0	0	0	0	0	0	
setwb12	11000	-1	-1	-1	-1	-1	-1	-1	iabht03	iabht04	iibhg03	iibhg04	-1	02010402	34	400	6	0,119999997	0	0	0	0	0	0	0	0	0	0	0	0	
setwb13	11000	-1	-1	-1	-1	-1	-1	-1	iabht05	iabht05	iibhg05	iibhg05	-1	02010402	34	600	6	0,150000006	0	0	0	0	0	0	0	0	0	0	0	0	
setwb14	11000	-1	-1	-1	-1	-1	-1	-1	iabhb01	iabhb02	iibhq01	iibhq02	-1	02010402	20	10	17	0,050000001	0	0	0	0	0	0	0	0	0	0	0	0	
setwb15	11000	-1	-1	-1	-1	-1	-1	-1	iabhb03	iabhb04	iibhq03	iibhq04	-1	02010402	20	15	17	0,059999999	0	0	0	0	0	0	0	0	0	0	0	0	
setwb16	11000	-1	-1	-1	-1	-1	-1	-1	iabhb05	iabhb05	iibhq05	iibhq05	-1	02010402	20	20	17	0,07	0	0	0	0	0	0	0	0	0	0	0	0	
setwb17	11000	-1	-1	-1	-1	-1	-1	-1	-1	-1	iibhb05	iibhb05	-1	01010202	30	0,150000006	6	0,200000003	0	0	0	0	0	0	0	0	0	0	0	0	
setwb18	11000	-1	-1	-1	-1	-1	-1	-1	iabhd01	iabhd02	-1	-1	-1	0201	6	0,050000001	0	0	0	0	0	0	0	0	0	0	0	0	0	0	
setwb19	11000	-1	-1	-1	-1	-1	-1	-1	iabhd03	iabhd04	-1	-1	-1	0201	6	0,100000001	0	0	0	0	0	0	0	0	0	0	0	0	0	0	
setwb20	11000	-1	-1	-1	-1	-1	-1	-1	iabhd05	iabhd05	-1	-1	-1	0201	6	0,150000006	0	0	0	0	0	0	0	0	0	0	0	0	0	0	
setwb21	11000	ihbcw50	iubcw50	ilbcw50	isbcw50	igbcw50	-1	-1	-1	-1	-1	-1	-1	030204040506	6	0,349999994	7	1	12	2	28	10	5	0,119999997	7	0,150000006	0	0	0	0	
setwb22	11000	-1	-1	-1	-1	-1	-1	-1	-1	-1	-1	-1	-1	0000	0	0	0	0	0	0	0	0	0	0	0	0	0	0	0	0	
setwb23	11000	ihbwc55	iubwc55	ilbwc55	isbwc55	igbwc55	-1	-1	-1	-1	iibba97	iibba97	-1	0301050306040708	7	0,200000003	7	0,200000003	6	0,200000003	34	10	34	10	6	0,100000001	7	0,100000001	5	0,100000001	
setwb24	11000	-1	-1	-1	-1	-1	-1	-1	-1	-1	-1	-1	-1	0000	0	0	0	0	0	0	0	0	0	0	0	0	0	0	0	0	
setwb25	11000	-1	-1	-1	-1	-1	-1	-1	-1	-1	-1	-1	-1	0000	0	0	0	0	0	0	0	0	0	0	0	0	0	0	0	0	
setwb26	11000	-1	-1	-1	-1	-1	-1	-1	-1	-1	-1	-1	-1	0000	0	0	0	0	0	0	0	0	0	0	0	0	0	0	0	0	
setwb27	11000	-1	-1	-1	-1	-1	-1	-1	-1	-1	-1	-1	-1	0000	0	0	0	0	0	0	0	0	0	0	0	0	0	0	0	0	
setwb28	11000	-1	-1	-1	-1	-1	-1	-1	-1	-1	-1	-1	-1	0000	0	0	0	0	0	0	0	0	0	0	0	0	0	0	0	0	
setwb29	11000	-1	-1	-1	-1	-1	-1	-1	-1	-1	-1	-1	-1	0000	0	0	0	0	0	0	0	0	0	0	0	0	0	0	0	0	
setwb30	11000	-1	-1	-1	-1	-1	-1	-1	-1	-1	-1	-1	-1	0000	0	0	0	0	0	0	0	0	0	0	0	0	0	0	0	0	
setwc01	00110	ihcwc50	iucwc50	ilcwc50	iscwc50	igcwc50	-1	-1	iacca97	iacca97	-1	-1	-1	0301050306040708	7	0,200000003	7	0,200000003	6	0,200000003	34	10	34	10	6	0,100000001	7	0,100000001	5	0,100000001	
setwc02	00110	ihcwc45	iucwc45	ilcwc45	iscwc45	igcwc45	-1	-1	-1	-1	-1	-1	-1	0502	7	1,5	5	0,100000001	0	0	0	0	0	0	0	0	0	0	0	0	
setwc03	00110	ihcwd45	iucwd45	ilcwd45	iscwd45	igcwd45	-1	-1	-1	-1	-1	-1	-1	0502	7	2,5	5	0,200000003	0	0	0	0	0	0	0	0	0	0	0	0	
setwc04	00110	-1	-1	-1	-1	-1	iwkbd46	-1	-1	-1	iichb01	iichb01	-1	0301	30	0,100000001	0	0	0	0	0	0	0	0	0	0	0	0	0	0	
setwc05	00110	-1	-1	-1	-1	-1	iwsbd46	-1	-1	-1	iichb02	iichb02	-1	0301	15	0,079999998	0	0	0	0	0	0	0	0	0	0	0	0	0	0	
setwc06	00110	-1	-1	-1	-1	-1	iwkbd51	-1	-1	-1	iichb03	iichb03	-1	0301	30	0,200000003	0	0	0	0	0	0	0	0	0	0	0	0	0	0	
setwc07	00110	-1	-1	-1	-1	-1	iwsbd51	-1	-1	-1	iichb04	iichb04	-1	0301	15	0,159999996	0	0	0	0	0	0	0	0	0	0	0	0	0	0	
setwc08	00110	-1	-1	-1	-1	-1	-1	-1	iachs01	iachs02	iichh01	iichh02	-1	02010402	7	0,150000006	6	0,150000006	0	0	0	0	0	0	0	0	0	0	0	0	
setwc09	00110	-1	-1	-1	-1	-1	-1	-1	iachs03	iachs04	iichh03	iichh04	-1	02010402	7	0,200000003	6	0,200000003	0	0	0	0	0	0	0	0	0	0	0	0	
setwc10	00110	-1	-1	-1	-1	-1	-1	-1	iachs05	iachs05	iichh05	iichh05	-1	02010402	7	0,25	6	0,25	0	0	0	0	0	0	0	0	0	0	0	0	
setwc11	00110	-1	-1	-1	-1	-1	-1	-1	iacht01	iacht02	iichg01	iichg02	-1	02010402	34	200	6	0,100000001	0	0	0	0	0	0	0	0	0	0	0	0	
setwc12	00110	-1	-1	-1	-1	-1	-1	-1	iacht03	iacht04	iichg03	iichg04	-1	02010402	34	400	6	0,119999997	0	0	0	0	0	0	0	0	0	0	0	0	
setwc13	00110	-1	-1	-1	-1	-1	-1	-1	iacht05	iacht05	iichg05	iichg05	-1	02010402	34	600	6	0,150000006	0	0	0	0	0	0	0	0	0	0	0	0	
setwc14	00110	-1	-1	-1	-1	-1	-1	-1	iachb01	iachb02	iichq01	iichq02	-1	02010402	20	10	17	0,050000001	0	0	0	0	0	0	0	0	0	0	0	0	
setwc15	00110	-1	-1	-1	-1	-1	-1	-1	iachb03	iachb04	iichq03	iichq04	-1	02010402	20	15	17	0,059999999	0	0	0	0	0	0	0	0	0	0	0	0	
setwc16	00110	-1	-1	-1	-1	-1	-1	-1	iachb05	iachb05	iichq05	iichq05	-1	02010402	20	20	17	0,07	0	0	0	0	0	0	0	0	0	0	0	0	
setwc17	00110	-1	-1	-1	-1	-1	-1	-1	-1	-1	iichb05	iichb05	-1	01010202	30	0,150000006	6	0,200000003	0	0	0	0	0	0	0	0	0	0	0	0	
setwc18	00110	-1	-1	-1	-1	-1	-1	-1	iachd01	iachd02	-1	-1	-1	0201	6	0,050000001	0	0	0	0	0	0	0	0	0	0	0	0	0	0	
setwc19	00110	-1	-1	-1	-1	-1	-1	-1	iachd03	iachd04	-1	-1	-1	0201	6	0,100000001	0	0	0	0	0	0	0	0	0	0	0	0	0	0	
setwc20	00110	-1	-1	-1	-1	-1	-1	-1	iachd05	iachd05	-1	-1	-1	0201	6	0,150000006	0	0	0	0	0	0	0	0	0	0	0	0	0	0	
setwc21	00110	ihccw50	iuccw50	ilccw50	isccw50	igccw50	-1	-1	-1	-1	-1	-1	-1	030204040506	6	0,349999994	7	1	12	2	28	10	5	0,119999997	7	0,150000006	0	0	0	0	
setwc22	00110	-1	-1	-1	-1	-1	-1	-1	-1	-1	-1	-1	-1	0000	0	0	0	0	0	0	0	0	0	0	0	0	0	0	0	0	
setwc23	00110	ihcwc55	iucwc55	ilcwc55	iscwc55	igcwc55	-1	-1	iacca97	iacca97	-1	-1	-1	0301050306040708	7	0,200000003	7	0,200000003	6	0,200000003	34	10	34	10	6	0,100000001	7	0,100000001	5	0,100000001	
setwc24	00110	-1	-1	-1	-1	-1	-1	-1	-1	-1	-1	-1	-1	0000	0	0	0	0	0	0	0	0	0	0	0	0	0	0	0	0	
setwc25	00110	-1	-1	-1	-1	-1	-1	-1	-1	-1	-1	-1	-1	0000	0	0	0	0	0	0	0	0	0	0	0	0	0	0	0	0	
setwc26	00110	-1	-1	-1	-1	-1	-1	-1	-1	-1	-1	-1	-1	0000	0	0	0	0	0	0	0	0	0	0	0	0	0	0	0	0	
setwc27	00110	-1	-1	-1	-1	-1	-1	-1	-1	-1	-1	-1	-1	0000	0	0	0	0	0	0	0	0	0	0	0	0	0	0	0	0	
setwc28	00110	-1	-1	-1	-1	-1	-1	-1	-1	-1	-1	-1	-1	0000	0	0	0	0	0	0	0	0	0	0	0	0	0	0	0	0	
setwc29	00110	-1	-1	-1	-1	-1	-1	-1	-1	-1	-1	-1	-1	0000	0	0	0	0	0	0	0	0	0	0	0	0	0	0	0	0	
setwc30	00110	-1	-1	-1	-1	-1	-1	-1	-1	-1	-1	-1	-1	0000	0	0	0	0	0	0	0	0	0	0	0	0	0	0	0	0	
setwa01	00001	ihawc50	iuawc50	ilawc50	isawc50	igawc50	-1	-1	-1	-1	iiaab75	iiaab75	-1	0301050306040708	7	0,200000003	7	0,200000003	6	0,200000003	34	10	34	10	6	0,100000001	7	0,100000001	5	0,100000001	
setwa02	00001	ihawc45	iuawc45	ilawc45	isawc45	igawc45	-1	-1	-1	-1	-1	-1	-1	0502	7	1,5	5	0,100000001	0	0	0	0	0	0	0	0	0	0	0	0	
setwa03	00001	ihawd45	iuawd45	ilawd45	isawd45	igawd45	-1	-1	-1	-1	-1	-1	-1	0502	7	2,5	5	0,200000003	0	0	0	0	0	0	0	0	0	0	0	0	
setwa04	00001	-1	-1	-1	-1	-1	iwkbd46	-1	-1	-1	iiahb01	iiahb02	-1	0301	30	0,119999997	0	0	0	0	0	0	0	0	0	0	0	0	0	0	
setwa05	00001	-1	-1	-1	-1	-1	iwkbd51	-1	-1	-1	iiahb03	iiahb04	-1	0301	30	0,239999995	0	0	0	0	0	0	0	0	0	0	0	0	0	0	
setwa06	00001	-1	-1	-1	-1	-1	-1	-1	iaahs01	iaahs02	iiahh01	iiahh02	-1	02010402	7	0,150000006	6	0,150000006	0	0	0	0	0	0	0	0	0	0	0	0	
setwa07	00001	-1	-1	-1	-1	-1	-1	-1	iaahs03	iaahs04	iiahh03	iiahh04	-1	02010402	7	0,200000003	6	0,200000003	0	0	0	0	0	0	0	0	0	0	0	0	
setwa08	00001	-1	-1	-1	-1	-1	-1	-1	iaahs05	iaahs05	iiahh05	iiahh05	-1	02010402	7	0,25	6	0,25	0	0	0	0	0	0	0	0	0	0	0	0	
setwa09	00001	-1	-1	-1	-1	-1	-1	-1	iaaht01	iaaht02	iiahg01	iiahg02	-1	02010402	34	200	6	0,100000001	0	0	0	0	0	0	0	0	0	0	0	0	
setwa10	00001	-1	-1	-1	-1	-1	-1	-1	iaaht03	iaaht04	iiahg03	iiahg04	-1	02010402	34	400	6	0,119999997	0	0	0	0	0	0	0	0	0	0	0	0	
setwa11	00001	-1	-1	-1	-1	-1	-1	-1	iaaht05	iaaht05	iiahg05	iiahg05	-1	02010402	34	600	6	0,150000006	0	0	0	0	0	0	0	0	0	0	0	0	
setwa12	00001	-1	-1	-1	-1	-1	-1	-1	iaahb01	iaahb02	iiahq01	iiahq02	-1	02010402	20	10	17	0,050000001	0	0	0	0	0	0	0	0	0	0	0	0	
setwa13	00001	-1	-1	-1	-1	-1	-1	-1	iaahb03	iaahb04	iiahq03	iiahq04	-1	02010402	20	15	17	0,059999999	0	0	0	0	0	0	0	0	0	0	0	0	
setwa14	00001	-1	-1	-1	-1	-1	-1	-1	iaahb05	iaahb05	iiahq05	iiahq05	-1	02010402	20	20	17	0,07	0	0	0	0	0	0	0	0	0	0	0	0	
setwa15	00001	-1	-1	-1	-1	-1	-1	-1	-1	-1	iiahb05	iiahb05	-1	01010202	30	0,150000006	6	0,200000003	0	0	0	0	0	0	0	0	0	0	0	0	
setwa16	00001	-1	-1	-1	-1	-1	-1	-1	iaahd01	iaahd02	-1	-1	-1	0201	6	0,050000001	0	0	0	0	0	0	0	0	0	0	0	0	0	0	
setwa17	00001	-1	-1	-1	-1	-1	-1	-1	iaahd03	iaahd04	-1	-1	-1	0201	6	0,100000001	0	0	0	0	0	0	0	0	0	0	0	0	0	0	
setwa18	00001	-1	-1	-1	-1	-1	-1	-1	iaahd05	iaahd05	-1	-1	-1	0201	6	0,150000006	0	0	0	0	0	0	0	0	0	0	0	0	0	0	
setwa19	00001	ihacw50	iuacw50	ilacw50	isacw50	igacw50	-1	-1	-1	-1	-1	-1	-1	030204040506	6	0,349999994	7	1,5	12	2	28	10	31	0,5	5	0,119999997	0	0	0	0	
setwa20	00001	-1	-1	-1	-1	-1	-1	-1	-1	-1	-1	-1	-1	0000	0	0	0	0	0	0	0	0	0	0	0	0	0	0	0	0	
setwa21	00001	ihawc55	iuawc55	ilawc55	isawc55	igawc55	-1	-1	-1	-1	iiaab75	iiaab75	-1	0301050306040708	7	0,200000003	7	0,200000003	6	0,200000003	34	10	34	10	6	0,100000001	7	0,100000001	5	0,100000001	
setwa22	00001	-1	-1	-1	-1	-1	-1	-1	-1	-1	-1	-1	-1	0000	0	0	0	0	0	0	0	0	0	0	0	0	0	0	0	0	
setwa23	00001	-1	-1	-1	-1	-1	-1	-1	-1	-1	-1	-1	-1	0000	0	0	0	0	0	0	0	0	0	0	0	0	0	0	0	0	
setwa24	00001	-1	-1	-1	-1	-1	-1	-1	-1	-1	-1	-1	-1	0000	0	0	0	0	0	0	0	0	0	0	0	0	0	0	0	0	
setwa25	00001	-1	-1	-1	-1	-1	-1	-1	-1	-1	-1	-1	-1	0000	0	0	0	0	0	0	0	0	0	0	0	0	0	0	0	0	
setwa26	00001	-1	-1	-1	-1	-1	-1	-1	-1	-1	-1	-1	-1	0000	0	0	0	0	0	0	0	0	0	0	0	0	0	0	0	0	
setwa27	00001	-1	-1	-1	-1	-1	-1	-1	-1	-1	-1	-1	-1	0000	0	0	0	0	0	0	0	0	0	0	0	0	0	0	0	0	
setwa28	00001	-1	-1	-1	-1	-1	-1	-1	-1	-1	-1	-1	-1	0000	0	0	0	0	0	0	0	0	0	0	0	0	0	0	0	0	
setwa29	00001	-1	-1	-1	-1	-1	-1	-1	-1	-1	-1	-1	-1	0000	0	0	0	0	0	0	0	0	0	0	0	0	0	0	0	0	
setwa30	00001	-1	-1	-1	-1	-1	-1	-1	-1	-1	-1	-1	-1	0000	0	0	0	0	0	0	0	0	0	0	0	0	0	0	0	0	
setrb01	11000	ihbrc50	iubrc50	ilbrc50	isbrc50	igbrc50	-1	-1	-1	-1	iibba98	iibba98	-1	0301050306040708	7	0,200000003	4	20	29	20	34	10	34	10	6	0,100000001	7	0,100000001	5	0,100000001	
setrb02	11000	ihbrc45	iubrc45	ilbrc45	isbrc45	igbrc45	-1	-1	-1	-1	-1	-1	-1	0502	7	1,5	5	0,100000001	0	0	0	0	0	0	0	0	0	0	0	0	
setrb03	11000	ihbrd45	iubrd45	ilbrd45	isbrd45	igbrd45	-1	-1	-1	-1	-1	-1	-1	0502	7	2,5	5	0,200000003	0	0	0	0	0	0	0	0	0	0	0	0	
setrb04	11000	-1	-1	-1	-1	-1	-1	-1	iadgn01	iadgn02	iidgn01	iidgn02	-1	03020405	6	0,100000001	7	0,100000001	6	0,200000003	7	0,200000003	16	0,200000003	0	0	0	0	0	0	
setrb05	11000	-1	-1	-1	-1	-1	-1	-1	-1	-1	-1	-1	-1	0000	0	0	0	0	0	0	0	0	0	0	0	0	0	0	0	0	
setrb06	11000	ihbcr50	iubcr50	ilbcr50	isbcr50	igbcr50	-1	-1	-1	-1	-1	-1	-1	030204040506	6	0,349999994	4	40	12	1	3	40	20	30	34	1000	0	0	0	0	
setrb07	11000	ihbrc55	iubrc55	ilbrc55	isbrc55	igbrc55	-1	-1	-1	-1	iibba98	iibba98	-1	0301050306040708	7	0,200000003	4	20	29	20	34	10	34	10	6	0,100000001	7	0,100000001	5	0,100000001	
setrb08	11000	-1	-1	-1	-1	-1	-1	-1	-1	-1	-1	-1	-1	0000	0	0	0	0	0	0	0	0	0	0	0	0	0	0	0	0	
setrb09	11000	-1	-1	-1	-1	-1	-1	-1	-1	-1	-1	-1	-1	0000	0	0	0	0	0	0	0	0	0	0	0	0	0	0	0	0	
setrb10	11000	-1	-1	-1	-1	-1	-1	-1	-1	-1	-1	-1	-1	0000	0	0	0	0	0	0	0	0	0	0	0	0	0	0	0	0	
setrb11	11000	-1	-1	-1	-1	-1	-1	-1	-1	-1	-1	-1	-1	0000	0	0	0	0	0	0	0	0	0	0	0	0	0	0	0	0	
setrb12	11000	-1	-1	-1	-1	-1	-1	-1	-1	-1	-1	-1	-1	0000	0	0	0	0	0	0	0	0	0	0	0	0	0	0	0	0	
setrb13	11000	-1	-1	-1	-1	-1	-1	-1	-1	-1	-1	-1	-1	0000	0	0	0	0	0	0	0	0	0	0	0	0	0	0	0	0	
setrb14	11000	-1	-1	-1	-1	-1	-1	-1	-1	-1	-1	-1	-1	0000	0	0	0	0	0	0	0	0	0	0	0	0	0	0	0	0	
setrb15	11000	-1	-1	-1	-1	-1	-1	-1	-1	-1	-1	-1	-1	0000	0	0	0	0	0	0	0	0	0	0	0	0	0	0	0	0	
setrb16	11000	-1	-1	-1	-1	-1	-1	-1	-1	-1	-1	-1	-1	0000	0	0	0	0	0	0	0	0	0	0	0	0	0	0	0	0	
setrb17	11000	-1	-1	-1	-1	-1	-1	-1	-1	-1	-1	-1	-1	0000	0	0	0	0	0	0	0	0	0	0	0	0	0	0	0	0	
setrb18	11000	-1	-1	-1	-1	-1	-1	-1	-1	-1	-1	-1	-1	0000	0	0	0	0	0	0	0	0	0	0	0	0	0	0	0	0	
setrb19	11000	-1	-1	-1	-1	-1	-1	-1	-1	-1	-1	-1	-1	0000	0	0	0	0	0	0	0	0	0	0	0	0	0	0	0	0	
setrb20	11000	-1	-1	-1	-1	-1	-1	-1	-1	-1	-1	-1	-1	0000	0	0	0	0	0	0	0	0	0	0	0	0	0	0	0	0	
setrb21	11000	-1	-1	-1	-1	-1	-1	-1	-1	-1	-1	-1	-1	0000	0	0	0	0	0	0	0	0	0	0	0	0	0	0	0	0	
setrb22	11000	-1	-1	-1	-1	-1	-1	-1	-1	-1	-1	-1	-1	0000	0	0	0	0	0	0	0	0	0	0	0	0	0	0	0	0	
setrb23	11000	-1	-1	-1	-1	-1	-1	-1	-1	-1	-1	-1	-1	0000	0	0	0	0	0	0	0	0	0	0	0	0	0	0	0	0	
setrb24	11000	-1	-1	-1	-1	-1	-1	-1	-1	-1	-1	-1	-1	0000	0	0	0	0	0	0	0	0	0	0	0	0	0	0	0	0	
setrb25	11000	-1	-1	-1	-1	-1	-1	-1	-1	-1	-1	-1	-1	0000	0	0	0	0	0	0	0	0	0	0	0	0	0	0	0	0	
setrb26	11000	-1	-1	-1	-1	-1	-1	-1	-1	-1	-1	-1	-1	0000	0	0	0	0	0	0	0	0	0	0	0	0	0	0	0	0	
setrb27	11000	-1	-1	-1	-1	-1	-1	-1	-1	-1	-1	-1	-1	0000	0	0	0	0	0	0	0	0	0	0	0	0	0	0	0	0	
setrb28	11000	-1	-1	-1	-1	-1	-1	-1	-1	-1	-1	-1	-1	0000	0	0	0	0	0	0	0	0	0	0	0	0	0	0	0	0	
setrb29	11000	-1	-1	-1	-1	-1	-1	-1	-1	-1	-1	-1	-1	0000	0	0	0	0	0	0	0	0	0	0	0	0	0	0	0	0	
setrb30	11000	-1	-1	-1	-1	-1	-1	-1	-1	-1	-1	-1	-1	0000	0	0	0	0	0	0	0	0	0	0	0	0	0	0	0	0	
setrc01	00110	ihcrc50	iucrc50	ilcrc50	iscrc50	igcrc50	-1	-1	iacca98	iacca98	-1	-1	-1	0301050306040708	7	0,200000003	4	20	29	20	34	10	34	10	6	0,100000001	7	0,100000001	5	0,100000001	
setrc02	00110	ihcrc45	iucrc45	ilcrc45	iscrc45	igcrc45	-1	-1	-1	-1	-1	-1	-1	0502	7	1,5	5	0,100000001	0	0	0	0	0	0	0	0	0	0	0	0	
setrc03	00110	ihcrd45	iucrd45	ilcrd45	iscrd45	igcrd45	-1	-1	-1	-1	-1	-1	-1	0502	7	2,5	5	0,200000003	0	0	0	0	0	0	0	0	0	0	0	0	
setrc04	00110	-1	-1	-1	-1	-1	-1	-1	iadgn01	iadgn02	iidgn01	iidgn02	-1	03020405	6	0,100000001	7	0,100000001	6	0,200000003	7	0,200000003	16	0,200000003	0	0	0	0	0	0	
setrc05	00110	-1	-1	-1	-1	-1	-1	-1	-1	-1	-1	-1	-1	0000	0	0	0	0	0	0	0	0	0	0	0	0	0	0	0	0	
setrc06	00110	ihccr50	iuccr50	ilccr50	isccr50	igccr50	-1	-1	-1	-1	-1	-1	-1	030204040506	6	0,349999994	4	40	12	1	3	40	20	30	34	1000	0	0	0	0	
setrc07	00110	ihcrc55	iucrc55	ilcrc55	iscrc55	igcrc55	-1	-1	iacca98	iacca98	-1	-1	-1	0301050306040708	7	0,200000003	4	20	29	20	34	10	34	10	6	0,100000001	7	0,100000001	5	0,100000001	
setrc08	00110	-1	-1	-1	-1	-1	-1	-1	-1	-1	-1	-1	-1	0000	0	0	0	0	0	0	0	0	0	0	0	0	0	0	0	0	
setrc09	00110	-1	-1	-1	-1	-1	-1	-1	-1	-1	-1	-1	-1	0000	0	0	0	0	0	0	0	0	0	0	0	0	0	0	0	0	
setrc10	00110	-1	-1	-1	-1	-1	-1	-1	-1	-1	-1	-1	-1	0000	0	0	0	0	0	0	0	0	0	0	0	0	0	0	0	0	
setrc11	00110	-1	-1	-1	-1	-1	-1	-1	-1	-1	-1	-1	-1	0000	0	0	0	0	0	0	0	0	0	0	0	0	0	0	0	0	
setrc12	00110	-1	-1	-1	-1	-1	-1	-1	-1	-1	-1	-1	-1	0000	0	0	0	0	0	0	0	0	0	0	0	0	0	0	0	0	
setrc13	00110	-1	-1	-1	-1	-1	-1	-1	-1	-1	-1	-1	-1	0000	0	0	0	0	0	0	0	0	0	0	0	0	0	0	0	0	
setrc14	00110	-1	-1	-1	-1	-1	-1	-1	-1	-1	-1	-1	-1	0000	0	0	0	0	0	0	0	0	0	0	0	0	0	0	0	0	
setrc15	00110	-1	-1	-1	-1	-1	-1	-1	-1	-1	-1	-1	-1	0000	0	0	0	0	0	0	0	0	0	0	0	0	0	0	0	0	
setrc16	00110	-1	-1	-1	-1	-1	-1	-1	-1	-1	-1	-1	-1	0000	0	0	0	0	0	0	0	0	0	0	0	0	0	0	0	0	
setrc17	00110	-1	-1	-1	-1	-1	-1	-1	-1	-1	-1	-1	-1	0000	0	0	0	0	0	0	0	0	0	0	0	0	0	0	0	0	
setrc18	00110	-1	-1	-1	-1	-1	-1	-1	-1	-1	-1	-1	-1	0000	0	0	0	0	0	0	0	0	0	0	0	0	0	0	0	0	
setrc19	00110	-1	-1	-1	-1	-1	-1	-1	-1	-1	-1	-1	-1	0000	0	0	0	0	0	0	0	0	0	0	0	0	0	0	0	0	
setrc20	00110	-1	-1	-1	-1	-1	-1	-1	-1	-1	-1	-1	-1	0000	0	0	0	0	0	0	0	0	0	0	0	0	0	0	0	0	
setrc21	00110	-1	-1	-1	-1	-1	-1	-1	-1	-1	-1	-1	-1	0000	0	0	0	0	0	0	0	0	0	0	0	0	0	0	0	0	
setrc22	00110	-1	-1	-1	-1	-1	-1	-1	-1	-1	-1	-1	-1	0000	0	0	0	0	0	0	0	0	0	0	0	0	0	0	0	0	
setrc23	00110	-1	-1	-1	-1	-1	-1	-1	-1	-1	-1	-1	-1	0000	0	0	0	0	0	0	0	0	0	0	0	0	0	0	0	0	
setrc24	00110	-1	-1	-1	-1	-1	-1	-1	-1	-1	-1	-1	-1	0000	0	0	0	0	0	0	0	0	0	0	0	0	0	0	0	0	
setrc25	00110	-1	-1	-1	-1	-1	-1	-1	-1	-1	-1	-1	-1	0000	0	0	0	0	0	0	0	0	0	0	0	0	0	0	0	0	
setrc26	00110	-1	-1	-1	-1	-1	-1	-1	-1	-1	-1	-1	-1	0000	0	0	0	0	0	0	0	0	0	0	0	0	0	0	0	0	
setrc27	00110	-1	-1	-1	-1	-1	-1	-1	-1	-1	-1	-1	-1	0000	0	0	0	0	0	0	0	0	0	0	0	0	0	0	0	0	
setrc28	00110	-1	-1	-1	-1	-1	-1	-1	-1	-1	-1	-1	-1	0000	0	0	0	0	0	0	0	0	0	0	0	0	0	0	0	0	
setrc29	00110	-1	-1	-1	-1	-1	-1	-1	-1	-1	-1	-1	-1	0000	0	0	0	0	0	0	0	0	0	0	0	0	0	0	0	0	
setrc30	00110	-1	-1	-1	-1	-1	-1	-1	-1	-1	-1	-1	-1	0000	0	0	0	0	0	0	0	0	0	0	0	0	0	0	0	0	
setra01	00001	iharc50	iuarc50	ilarc50	isarc50	igarc50	-1	-1	-1	-1	iiaab76	iiaab76	-1	0301050306040708	7	0,200000003	4	20	29	20	34	10	34	10	6	0,100000001	7	0,100000001	5	0,100000001	
setra02	00001	iharc45	iuarc45	ilarc45	isarc45	igarc45	-1	-1	-1	-1	-1	-1	-1	0502	7	1,5	5	0,100000001	0	0	0	0	0	0	0	0	0	0	0	0	
setra03	00001	ihard45	iuard45	ilard45	isard45	igard45	-1	-1	-1	-1	-1	-1	-1	0502	7	2,5	5	0,200000003	0	0	0	0	0	0	0	0	0	0	0	0	
setra04	00001	-1	-1	-1	-1	-1	-1	-1	iadgn01	iadgn02	iidgn01	iidgn02	-1	03020405	6	0,100000001	7	0,100000001	6	0,200000003	7	0,200000003	16	0,200000003	0	0	0	0	0	0	
setra05	00001	-1	-1	-1	-1	-1	-1	-1	-1	-1	-1	-1	-1	0000	0	0	0	0	0	0	0	0	0	0	0	0	0	0	0	0	
setra06	00001	ihacr50	iuacr50	ilacr50	isacr50	igacr50	-1	-1	-1	-1	-1	-1	-1	030204040506	6	0,349999994	4	40	12	1	3	40	20	30	17	0,150000006	0	0	0	0	
setra07	00001	iharc55	iuarc55	ilarc55	isarc55	igarc55	-1	-1	-1	-1	iiaab76	iiaab76	-1	0301050306040708	7	0,200000003	4	20	29	20	34	10	34	10	6	0,100000001	7	0,100000001	5	0,100000001	
setra08	00001	-1	-1	-1	-1	-1	-1	-1	-1	-1	-1	-1	-1	0000	0	0	0	0	0	0	0	0	0	0	0	0	0	0	0	0	
setra09	00001	-1	-1	-1	-1	-1	-1	-1	-1	-1	-1	-1	-1	0000	0	0	0	0	0	0	0	0	0	0	0	0	0	0	0	0	
setra10	00001	-1	-1	-1	-1	-1	-1	-1	-1	-1	-1	-1	-1	0000	0	0	0	0	0	0	0	0	0	0	0	0	0	0	0	0	
setra11	00001	-1	-1	-1	-1	-1	-1	-1	-1	-1	-1	-1	-1	0000	0	0	0	0	0	0	0	0	0	0	0	0	0	0	0	0	
setra12	00001	-1	-1	-1	-1	-1	-1	-1	-1	-1	-1	-1	-1	0000	0	0	0	0	0	0	0	0	0	0	0	0	0	0	0	0	
setra13	00001	-1	-1	-1	-1	-1	-1	-1	-1	-1	-1	-1	-1	0000	0	0	0	0	0	0	0	0	0	0	0	0	0	0	0	0	
setra14	00001	-1	-1	-1	-1	-1	-1	-1	-1	-1	-1	-1	-1	0000	0	0	0	0	0	0	0	0	0	0	0	0	0	0	0	0	
setra15	00001	-1	-1	-1	-1	-1	-1	-1	-1	-1	-1	-1	-1	0000	0	0	0	0	0	0	0	0	0	0	0	0	0	0	0	0	
setra16	00001	-1	-1	-1	-1	-1	-1	-1	-1	-1	-1	-1	-1	0000	0	0	0	0	0	0	0	0	0	0	0	0	0	0	0	0	
setra17	00001	-1	-1	-1	-1	-1	-1	-1	-1	-1	-1	-1	-1	0000	0	0	0	0	0	0	0	0	0	0	0	0	0	0	0	0	
setra18	00001	-1	-1	-1	-1	-1	-1	-1	-1	-1	-1	-1	-1	0000	0	0	0	0	0	0	0	0	0	0	0	0	0	0	0	0	
setra19	00001	-1	-1	-1	-1	-1	-1	-1	-1	-1	-1	-1	-1	0000	0	0	0	0	0	0	0	0	0	0	0	0	0	0	0	0	
setra20	00001	-1	-1	-1	-1	-1	-1	-1	-1	-1	-1	-1	-1	0000	0	0	0	0	0	0	0	0	0	0	0	0	0	0	0	0	
setra21	00001	-1	-1	-1	-1	-1	-1	-1	-1	-1	-1	-1	-1	0000	0	0	0	0	0	0	0	0	0	0	0	0	0	0	0	0	
setra22	00001	-1	-1	-1	-1	-1	-1	-1	-1	-1	-1	-1	-1	0000	0	0	0	0	0	0	0	0	0	0	0	0	0	0	0	0	
setra23	00001	-1	-1	-1	-1	-1	-1	-1	-1	-1	-1	-1	-1	0000	0	0	0	0	0	0	0	0	0	0	0	0	0	0	0	0	
setra24	00001	-1	-1	-1	-1	-1	-1	-1	-1	-1	-1	-1	-1	0000	0	0	0	0	0	0	0	0	0	0	0	0	0	0	0	0	
setra25	00001	-1	-1	-1	-1	-1	-1	-1	-1	-1	-1	-1	-1	0000	0	0	0	0	0	0	0	0	0	0	0	0	0	0	0	0	
setra26	00001	-1	-1	-1	-1	-1	-1	-1	-1	-1	-1	-1	-1	0000	0	0	0	0	0	0	0	0	0	0	0	0	0	0	0	0	
setra27	00001	-1	-1	-1	-1	-1	-1	-1	-1	-1	-1	-1	-1	0000	0	0	0	0	0	0	0	0	0	0	0	0	0	0	0	0	
setra28	00001	-1	-1	-1	-1	-1	-1	-1	-1	-1	-1	-1	-1	0000	0	0	0	0	0	0	0	0	0	0	0	0	0	0	0	0	
setra29	00001	-1	-1	-1	-1	-1	-1	-1	-1	-1	-1	-1	-1	0000	0	0	0	0	0	0	0	0	0	0	0	0	0	0	0	0	
setra30	00001	-1	-1	-1	-1	-1	-1	-1	-1	-1	-1	-1	-1	0000	0	0	0	0	0	0	0	0	0	0	0	0	0	0	0	0	
setfb01	11000	ihbfc50	iubfc50	ilbfc50	isbfc50	igbfc50	-1	-1	-1	-1	iibba99	iibba99	-1	0301050306040708	7	0,200000003	6	0,200000003	20	20	34	10	34	10	6	0,100000001	7	0,100000001	5	0,100000001	
setfb02	11000	ihbfc45	iubfc45	ilbfc45	isbfc45	igbfc45	-1	-1	-1	-1	-1	-1	-1	0502	7	1,5	5	0,100000001	0	0	0	0	0	0	0	0	0	0	0	0	
setfb03	11000	ihbfd45	iubfd45	ilbfd45	isbfd45	igbfd45	-1	-1	-1	-1	-1	-1	-1	0502	7	2,5	5	0,200000003	0	0	0	0	0	0	0	0	0	0	0	0	
setfb04	11000	ihbcf50	iubcf50	ilbcf50	isbcf50	igbcf50	-1	-1	-1	-1	-1	-1	-1	030204040506	15	0,349999994	35	-2000	12	1	17	0,200000003	20	30	4	30	0	0	0	0	
setfb05	11000	ihbfc55	iubfc55	ilbfc55	isbfc55	igbfc55	-1	-1	-1	-1	iibba99	iibba99	-1	0301050306040708	7	0,200000003	6	0,200000003	20	20	34	10	34	10	6	0,100000001	7	0,100000001	5	0,100000001	
setfb06	11000	-1	-1	-1	-1	-1	-1	-1	-1	-1	-1	-1	-1	0000	0	0	0	0	0	0	0	0	0	0	0	0	0	0	0	0	
setfb07	11000	-1	-1	-1	-1	-1	-1	-1	-1	-1	-1	-1	-1	0000	0	0	0	0	0	0	0	0	0	0	0	0	0	0	0	0	
setfb08	11000	-1	-1	-1	-1	-1	-1	-1	-1	-1	-1	-1	-1	0000	0	0	0	0	0	0	0	0	0	0	0	0	0	0	0	0	
setfb09	11000	-1	-1	-1	-1	-1	-1	-1	-1	-1	-1	-1	-1	0000	0	0	0	0	0	0	0	0	0	0	0	0	0	0	0	0	
setfb10	11000	-1	-1	-1	-1	-1	-1	-1	-1	-1	-1	-1	-1	0000	0	0	0	0	0	0	0	0	0	0	0	0	0	0	0	0	
setfb11	11000	-1	-1	-1	-1	-1	-1	-1	-1	-1	-1	-1	-1	0000	0	0	0	0	0	0	0	0	0	0	0	0	0	0	0	0	
setfb12	11000	-1	-1	-1	-1	-1	-1	-1	-1	-1	-1	-1	-1	0000	0	0	0	0	0	0	0	0	0	0	0	0	0	0	0	0	
setfb13	11000	-1	-1	-1	-1	-1	-1	-1	-1	-1	-1	-1	-1	0000	0	0	0	0	0	0	0	0	0	0	0	0	0	0	0	0	
setfb14	11000	-1	-1	-1	-1	-1	-1	-1	-1	-1	-1	-1	-1	0000	0	0	0	0	0	0	0	0	0	0	0	0	0	0	0	0	
setfb15	11000	-1	-1	-1	-1	-1	-1	-1	-1	-1	-1	-1	-1	0000	0	0	0	0	0	0	0	0	0	0	0	0	0	0	0	0	
setfb16	11000	-1	-1	-1	-1	-1	-1	-1	-1	-1	-1	-1	-1	0000	0	0	0	0	0	0	0	0	0	0	0	0	0	0	0	0	
setfb17	11000	-1	-1	-1	-1	-1	-1	-1	-1	-1	-1	-1	-1	0000	0	0	0	0	0	0	0	0	0	0	0	0	0	0	0	0	
setfb18	11000	-1	-1	-1	-1	-1	-1	-1	-1	-1	-1	-1	-1	0000	0	0	0	0	0	0	0	0	0	0	0	0	0	0	0	0	
setfb19	11000	-1	-1	-1	-1	-1	-1	-1	-1	-1	-1	-1	-1	0000	0	0	0	0	0	0	0	0	0	0	0	0	0	0	0	0	
setfb20	11000	-1	-1	-1	-1	-1	-1	-1	-1	-1	-1	-1	-1	0000	0	0	0	0	0	0	0	0	0	0	0	0	0	0	0	0	
setfb21	11000	-1	-1	-1	-1	-1	-1	-1	-1	-1	-1	-1	-1	0000	0	0	0	0	0	0	0	0	0	0	0	0	0	0	0	0	
setfb22	11000	-1	-1	-1	-1	-1	-1	-1	-1	-1	-1	-1	-1	0000	0	0	0	0	0	0	0	0	0	0	0	0	0	0	0	0	
setfb23	11000	-1	-1	-1	-1	-1	-1	-1	-1	-1	-1	-1	-1	0000	0	0	0	0	0	0	0	0	0	0	0	0	0	0	0	0	
setfb24	11000	-1	-1	-1	-1	-1	-1	-1	-1	-1	-1	-1	-1	0000	0	0	0	0	0	0	0	0	0	0	0	0	0	0	0	0	
setfb25	11000	-1	-1	-1	-1	-1	-1	-1	-1	-1	-1	-1	-1	0000	0	0	0	0	0	0	0	0	0	0	0	0	0	0	0	0	
setfb26	11000	-1	-1	-1	-1	-1	-1	-1	-1	-1	-1	-1	-1	0000	0	0	0	0	0	0	0	0	0	0	0	0	0	0	0	0	
setfb27	11000	-1	-1	-1	-1	-1	-1	-1	-1	-1	-1	-1	-1	0000	0	0	0	0	0	0	0	0	0	0	0	0	0	0	0	0	
setfb28	11000	-1	-1	-1	-1	-1	-1	-1	-1	-1	-1	-1	-1	0000	0	0	0	0	0	0	0	0	0	0	0	0	0	0	0	0	
setfb29	11000	-1	-1	-1	-1	-1	-1	-1	-1	-1	-1	-1	-1	0000	0	0	0	0	0	0	0	0	0	0	0	0	0	0	0	0	
setfb30	11000	-1	-1	-1	-1	-1	-1	-1	-1	-1	-1	-1	-1	0000	0	0	0	0	0	0	0	0	0	0	0	0	0	0	0	0	
setfc01	00110	ihcfc50	iucfc50	ilcfc50	iscfc50	igcfc50	-1	-1	iacca99	iacca99	-1	-1	-1	0301050306040708	7	0,200000003	6	0,200000003	20	20	34	10	34	10	6	0,100000001	7	0,100000001	5	0,100000001	
setfc02	00110	ihcfc45	iucfc45	ilcfc45	iscfc45	igcfc45	-1	-1	-1	-1	-1	-1	-1	0502	7	1,5	5	0,100000001	0	0	0	0	0	0	0	0	0	0	0	0	
setfc03	00110	ihcfd45	iucfd45	ilcfd45	iscfd45	igcfd45	-1	-1	-1	-1	-1	-1	-1	0502	7	2,5	5	0,200000003	0	0	0	0	0	0	0	0	0	0	0	0	
setfc04	00110	ihccf50	iuccf50	ilccf50	isccf50	igccf50	-1	-1	-1	-1	-1	-1	-1	030204040506	15	0,349999994	35	-2000	12	1	17	0,200000003	20	30	4	30	0	0	0	0	
setfc05	00110	ihcfc55	iucfc55	ilcfc55	iscfc55	igcfc55	-1	-1	iacca99	iacca99	-1	-1	-1	0301050306040708	7	0,200000003	6	0,200000003	20	20	34	10	34	10	6	0,100000001	7	0,100000001	5	0,100000001	
setfc06	00110	-1	-1	-1	-1	-1	-1	-1	-1	-1	-1	-1	-1	0000	0	0	0	0	0	0	0	0	0	0	0	0	0	0	0	0	
setfc07	00110	-1	-1	-1	-1	-1	-1	-1	-1	-1	-1	-1	-1	0000	0	0	0	0	0	0	0	0	0	0	0	0	0	0	0	0	
setfc08	00110	-1	-1	-1	-1	-1	-1	-1	-1	-1	-1	-1	-1	0000	0	0	0	0	0	0	0	0	0	0	0	0	0	0	0	0	
setfc09	00110	-1	-1	-1	-1	-1	-1	-1	-1	-1	-1	-1	-1	0000	0	0	0	0	0	0	0	0	0	0	0	0	0	0	0	0	
setfc10	00110	-1	-1	-1	-1	-1	-1	-1	-1	-1	-1	-1	-1	0000	0	0	0	0	0	0	0	0	0	0	0	0	0	0	0	0	
setfc11	00110	-1	-1	-1	-1	-1	-1	-1	-1	-1	-1	-1	-1	0000	0	0	0	0	0	0	0	0	0	0	0	0	0	0	0	0	
setfc12	00110	-1	-1	-1	-1	-1	-1	-1	-1	-1	-1	-1	-1	0000	0	0	0	0	0	0	0	0	0	0	0	0	0	0	0	0	
setfc13	00110	-1	-1	-1	-1	-1	-1	-1	-1	-1	-1	-1	-1	0000	0	0	0	0	0	0	0	0	0	0	0	0	0	0	0	0	
setfc14	00110	-1	-1	-1	-1	-1	-1	-1	-1	-1	-1	-1	-1	0000	0	0	0	0	0	0	0	0	0	0	0	0	0	0	0	0	
setfc15	00110	-1	-1	-1	-1	-1	-1	-1	-1	-1	-1	-1	-1	0000	0	0	0	0	0	0	0	0	0	0	0	0	0	0	0	0	
setfc16	00110	-1	-1	-1	-1	-1	-1	-1	-1	-1	-1	-1	-1	0000	0	0	0	0	0	0	0	0	0	0	0	0	0	0	0	0	
setfc17	00110	-1	-1	-1	-1	-1	-1	-1	-1	-1	-1	-1	-1	0000	0	0	0	0	0	0	0	0	0	0	0	0	0	0	0	0	
setfc18	00110	-1	-1	-1	-1	-1	-1	-1	-1	-1	-1	-1	-1	0000	0	0	0	0	0	0	0	0	0	0	0	0	0	0	0	0	
setfc19	00110	-1	-1	-1	-1	-1	-1	-1	-1	-1	-1	-1	-1	0000	0	0	0	0	0	0	0	0	0	0	0	0	0	0	0	0	
setfc20	00110	-1	-1	-1	-1	-1	-1	-1	-1	-1	-1	-1	-1	0000	0	0	0	0	0	0	0	0	0	0	0	0	0	0	0	0	
setfc21	00110	-1	-1	-1	-1	-1	-1	-1	-1	-1	-1	-1	-1	0000	0	0	0	0	0	0	0	0	0	0	0	0	0	0	0	0	
setfc22	00110	-1	-1	-1	-1	-1	-1	-1	-1	-1	-1	-1	-1	0000	0	0	0	0	0	0	0	0	0	0	0	0	0	0	0	0	
setfc23	00110	-1	-1	-1	-1	-1	-1	-1	-1	-1	-1	-1	-1	0000	0	0	0	0	0	0	0	0	0	0	0	0	0	0	0	0	
setfc24	00110	-1	-1	-1	-1	-1	-1	-1	-1	-1	-1	-1	-1	0000	0	0	0	0	0	0	0	0	0	0	0	0	0	0	0	0	
setfc25	00110	-1	-1	-1	-1	-1	-1	-1	-1	-1	-1	-1	-1	0000	0	0	0	0	0	0	0	0	0	0	0	0	0	0	0	0	
setfc26	00110	-1	-1	-1	-1	-1	-1	-1	-1	-1	-1	-1	-1	0000	0	0	0	0	0	0	0	0	0	0	0	0	0	0	0	0	
setfc27	00110	-1	-1	-1	-1	-1	-1	-1	-1	-1	-1	-1	-1	0000	0	0	0	0	0	0	0	0	0	0	0	0	0	0	0	0	
setfc28	00110	-1	-1	-1	-1	-1	-1	-1	-1	-1	-1	-1	-1	0000	0	0	0	0	0	0	0	0	0	0	0	0	0	0	0	0	
setfc29	00110	-1	-1	-1	-1	-1	-1	-1	-1	-1	-1	-1	-1	0000	0	0	0	0	0	0	0	0	0	0	0	0	0	0	0	0	
setfc30	00110	-1	-1	-1	-1	-1	-1	-1	-1	-1	-1	-1	-1	0000	0	0	0	0	0	0	0	0	0	0	0	0	0	0	0	0	
setfa01	00001	ihafc50	iuafc50	ilafc50	isafc50	igafc50	-1	-1	-1	-1	iiaab77	iiaab77	-1	0301050306040708	7	0,200000003	25	-50	19	20	34	10	34	10	6	0,100000001	7	0,100000001	5	0,100000001	
setfa02	00001	ihafc45	iuafc45	ilafc45	isafc45	igafc45	-1	-1	-1	-1	-1	-1	-1	0502	7	1,5	5	0,100000001	0	0	0	0	0	0	0	0	0	0	0	0	
setfa03	00001	ihafd45	iuafd45	ilafd45	isafd45	igafd45	-1	-1	-1	-1	-1	-1	-1	0502	7	2,5	5	0,200000003	0	0	0	0	0	0	0	0	0	0	0	0	
setfa04	00001	ihacf50	iuacf50	ilacf50	isacf50	igacf50	-1	-1	-1	-1	-1	-1	-1	030204040506	6	0,349999994	4	40	12	1	3	40	20	30	17	0,150000006	0	0	0	0	
setfa05	00001	ihafc55	iuafc55	ilafc55	isafc55	igafc55	-1	-1	-1	-1	iiaab77	iiaab77	-1	0301050306040708	7	0,200000003	25	-50	19	20	34	10	34	10	6	0,100000001	7	0,100000001	5	0,100000001	
setfa06	00001	-1	-1	-1	-1	-1	-1	-1	-1	-1	-1	-1	-1	0000	0	0	0	0	0	0	0	0	0	0	0	0	0	0	0	0	
setfa07	00001	-1	-1	-1	-1	-1	-1	-1	-1	-1	-1	-1	-1	0000	0	0	0	0	0	0	0	0	0	0	0	0	0	0	0	0	
setfa08	00001	-1	-1	-1	-1	-1	-1	-1	-1	-1	-1	-1	-1	0000	0	0	0	0	0	0	0	0	0	0	0	0	0	0	0	0	
setfa09	00001	-1	-1	-1	-1	-1	-1	-1	-1	-1	-1	-1	-1	0000	0	0	0	0	0	0	0	0	0	0	0	0	0	0	0	0	
setfa10	00001	-1	-1	-1	-1	-1	-1	-1	-1	-1	-1	-1	-1	0000	0	0	0	0	0	0	0	0	0	0	0	0	0	0	0	0	
setfa11	00001	-1	-1	-1	-1	-1	-1	-1	-1	-1	-1	-1	-1	0000	0	0	0	0	0	0	0	0	0	0	0	0	0	0	0	0	
setfa12	00001	-1	-1	-1	-1	-1	-1	-1	-1	-1	-1	-1	-1	0000	0	0	0	0	0	0	0	0	0	0	0	0	0	0	0	0	
setfa13	00001	-1	-1	-1	-1	-1	-1	-1	-1	-1	-1	-1	-1	0000	0	0	0	0	0	0	0	0	0	0	0	0	0	0	0	0	
setfa14	00001	-1	-1	-1	-1	-1	-1	-1	-1	-1	-1	-1	-1	0000	0	0	0	0	0	0	0	0	0	0	0	0	0	0	0	0	
setfa15	00001	-1	-1	-1	-1	-1	-1	-1	-1	-1	-1	-1	-1	0000	0	0	0	0	0	0	0	0	0	0	0	0	0	0	0	0	
setfa16	00001	-1	-1	-1	-1	-1	-1	-1	-1	-1	-1	-1	-1	0000	0	0	0	0	0	0	0	0	0	0	0	0	0	0	0	0	
setfa17	00001	-1	-1	-1	-1	-1	-1	-1	-1	-1	-1	-1	-1	0000	0	0	0	0	0	0	0	0	0	0	0	0	0	0	0	0	
setfa18	00001	-1	-1	-1	-1	-1	-1	-1	-1	-1	-1	-1	-1	0000	0	0	0	0	0	0	0	0	0	0	0	0	0	0	0	0	
setfa19	00001	-1	-1	-1	-1	-1	-1	-1	-1	-1	-1	-1	-1	0000	0	0	0	0	0	0	0	0	0	0	0	0	0	0	0	0	
setfa20	00001	-1	-1	-1	-1	-1	-1	-1	-1	-1	-1	-1	-1	0000	0	0	0	0	0	0	0	0	0	0	0	0	0	0	0	0	
setfa21	00001	-1	-1	-1	-1	-1	-1	-1	-1	-1	-1	-1	-1	0000	0	0	0	0	0	0	0	0	0	0	0	0	0	0	0	0	
setfa22	00001	-1	-1	-1	-1	-1	-1	-1	-1	-1	-1	-1	-1	0000	0	0	0	0	0	0	0	0	0	0	0	0	0	0	0	0	
setfa23	00001	-1	-1	-1	-1	-1	-1	-1	-1	-1	-1	-1	-1	0000	0	0	0	0	0	0	0	0	0	0	0	0	0	0	0	0	
setfa24	00001	-1	-1	-1	-1	-1	-1	-1	-1	-1	-1	-1	-1	0000	0	0	0	0	0	0	0	0	0	0	0	0	0	0	0	0	
setfa25	00001	-1	-1	-1	-1	-1	-1	-1	-1	-1	-1	-1	-1	0000	0	0	0	0	0	0	0	0	0	0	0	0	0	0	0	0	
setfa26	00001	-1	-1	-1	-1	-1	-1	-1	-1	-1	-1	-1	-1	0000	0	0	0	0	0	0	0	0	0	0	0	0	0	0	0	0	
setfa27	00001	-1	-1	-1	-1	-1	-1	-1	-1	-1	-1	-1	-1	0000	0	0	0	0	0	0	0	0	0	0	0	0	0	0	0	0	
setfa28	00001	-1	-1	-1	-1	-1	-1	-1	-1	-1	-1	-1	-1	0000	0	0	0	0	0	0	0	0	0	0	0	0	0	0	0	0	
setfa29	00001	-1	-1	-1	-1	-1	-1	-1	-1	-1	-1	-1	-1	0000	0	0	0	0	0	0	0	0	0	0	0	0	0	0	0	0	
setfa30	00001	-1	-1	-1	-1	-1	-1	-1	-1	-1	-1	-1	-1	0000	0	0	0	0	0	0	0	0	0	0	0	0	0	0	0	0	
setfa31	11111	-1	-1	-1	-1	-1	-1	-1	iaqsa01	iaqsa02	iiqsa01	iiqsa02	-1	02020403	6	0,100000001	7	0,100000001	3	20	0	0	0	0	0	0	0	0	0	0	
