clcode	string[64]	xeh	dword	stb	byte	byte	word	dword	dword	dword	dword	dword	dword	dword	dword	dword	dword	dword	dword	dword	dword	long	dword	dword	dword	stb	dword	dword	dword	xeh	dword	dword	dword	dword	END
Code	Name	Model	IconID	Civil	ListID	Money	none	StdPrice	StdPoint	GoldPoint	ProcPoint	KillPoint	StorePrice	IsExchange	IsSell	IsGround	IsStore	Descripton	IsExist	IsCash	IsTime	UpLevelLim	LevelLim	ActDelay	UseState	ActTarget	TargetEff	DelayType	UseRange	EffCode	EffArea	EffAreaVal			
ipbhp01	Целебная Микстура HP+100	720000	1	11000	13	0	0	40	0	0	0	0	4	1	1	1	1	0	1	0	0	-1	1	1600	0	10000	-1	0	0	1	0	0	0	0	
ipbhp02	Целебная Микстура HP+250	720001	2	11000	13	0	0	100	0	0	0	0	10	1	1	1	1	1	1	0	0	-1	1	1600	0	10000	-1	0	0	2	0	0	0	0	
ipbhp03	Целебная Микстура HP+500	720002	3	11000	13	0	0	220	0	0	0	0	22	1	1	1	1	2	1	0	0	-1	1	1600	0	10000	-1	0	0	3	0	0	0	0	
ipbhp04	Целебная Микстура HP+1000	720003	4	11000	13	0	0	500	0	0	0	0	50	1	1	1	1	3	1	0	0	-1	1	1800	0	10000	-1	0	0	4	0	0	0	0	
ipbhp05	Целебная Микстура HP+2000	720004	5	11000	13	0	0	1200	0	0	0	0	120	1	1	1	1	4	1	0	0	-1	1	2200	0	10000	-1	0	0	5	0	0	0	0	
ipbhp06	Целебная Микстура HP+3000	720005	6	11000	13	0	0	2250	0	0	0	0	225	1	1	1	1	5	1	0	0	-1	1	2500	0	10000	-1	0	0	6	0	0	0	0	
ipbhp07	Целебная Микстура HP+4000	720006	7	11000	13	0	0	5250	0	0	0	0	525	1	1	1	1	6	1	0	0	-1	1	2500	0	10000	-1	0	0	7	0	0	0	0	
ipbhp08	Целебная Микстура HP+5000	720007	8	11000	13	0	0	11257	0	0	0	0	1126	1	1	1	1	7	1	0	0	-1	1	2500	0	10000	-1	0	0	8	0	0	0	0	
ipchp01	Священное Зелье HP+100	820008	9	00110	13	0	0	40	0	0	0	0	4	1	1	1	1	8	1	0	0	-1	1	1600	0	10000	-1	0	0	9	0	0	0	0	
ipchp02	Священное Зелье HP+250	820009	10	00110	13	0	0	100	0	0	0	0	10	1	1	1	1	9	1	0	0	-1	1	1600	0	10000	-1	0	0	A	0	0	0	0	
ipchp03	Священное Зелье HP+500	82000A	11	00110	13	0	0	220	0	0	0	0	22	1	1	1	1	10	1	0	0	-1	1	1600	0	10000	-1	0	0	B	0	0	0	0	
ipchp04	Священное Зелье HP+1000	82000B	12	00110	13	0	0	500	0	0	0	0	50	1	1	1	1	11	1	0	0	-1	1	1800	0	10000	-1	0	0	C	0	0	0	0	
ipchp05	Священное Зелье HP+2000	82000C	13	00110	13	0	0	1200	0	0	0	0	120	1	1	1	1	12	1	0	0	-1	1	2200	0	10000	-1	0	0	D	0	0	0	0	
ipchp06	Священное Зелье HP+3000	82000D	14	00110	13	0	0	2250	0	0	0	0	225	1	1	1	1	13	1	0	0	-1	1	2500	0	10000	-1	0	0	E	0	0	0	0	
ipchp07	Священное Зелье HP+4000	82000E	15	00110	13	0	0	5250	0	0	0	0	525	1	1	1	1	14	1	0	0	-1	1	2500	0	10000	-1	0	0	F	0	0	0	0	
ipchp08	Священное Зелье HP+5000	82000F	16	00110	13	0	0	11257	0	0	0	0	1126	1	1	1	1	15	1	0	0	-1	1	2500	0	10000	-1	0	0	10	0	0	0	0	
ipahp01	Восстановитель HP+100	420010	17	00001	13	0	0	40	0	0	0	0	4	1	1	1	1	16	1	0	0	-1	1	1600	0	10000	-1	0	0	11	0	0	0	0	
ipahp02	Восстановитель HP+250	420011	18	00001	13	0	0	100	0	0	0	0	10	1	1	1	1	17	1	0	0	-1	1	1600	0	10000	-1	0	0	12	0	0	0	0	
ipahp03	Восстановитель HP+500	420012	19	00001	13	0	0	220	0	0	0	0	22	1	1	1	1	18	1	0	0	-1	1	1600	0	10000	-1	0	0	13	0	0	0	0	
ipahp04	Восстановитель HP+1000	420013	20	00001	13	0	0	500	0	0	0	0	50	1	1	1	1	19	1	0	0	-1	1	1800	0	10000	-1	0	0	14	0	0	0	0	
ipahp05	Восстановитель HP+2000	420014	21	00001	13	0	0	1200	0	0	0	0	120	1	1	1	1	20	1	0	0	-1	1	2200	0	10000	-1	0	0	15	0	0	0	0	
ipahp06	Восстановитель HP+3000	420015	22	00001	13	0	0	2250	0	0	0	0	225	1	1	1	1	21	1	0	0	-1	1	2500	0	10000	-1	0	0	16	0	0	0	0	
ipahp07	Восстановитель HP+4000	420016	23	00001	13	0	0	5250	0	0	0	0	525	1	1	1	1	22	1	0	0	-1	1	2500	0	10000	-1	0	0	17	0	0	0	0	
ipahp08	Восстановитель HP+5000	420017	24	00001	13	0	0	11257	0	0	0	0	1126	1	1	1	1	23	1	0	0	-1	1	2500	0	10000	-1	0	0	18	0	0	0	0	
ipbfp01	Магическая Микстура FP+50	720118	25	11000	13	0	0	40	0	0	0	0	1	1	1	1	1	24	1	0	0	-1	1	1600	0	10000	-1	1	0	19	0	0	0	0	
ipbfp02	Магическая Микстура FP+125	720119	26	11000	13	0	0	100	0	0	0	0	1	1	1	1	1	25	1	0	0	-1	1	1600	0	10000	-1	1	0	1A	0	0	0	0	
ipbfp03	Магическая Микстура FP+250	72011A	27	11000	13	0	0	220	0	0	0	0	1	1	1	1	1	26	1	0	0	-1	1	1600	0	10000	-1	1	0	1B	0	0	0	0	
ipbfp04	Магическая Микстура FP+500	72011B	28	11000	13	0	0	500	0	0	0	0	1	1	1	1	1	27	1	0	0	-1	1	1800	0	10000	-1	1	0	1C	0	0	0	0	
ipbfp05	Магическая Микстура FP+1000	72011C	29	11000	13	0	0	1200	0	0	0	0	1	1	1	1	1	28	1	0	0	-1	1	2200	0	10000	-1	1	0	1D	0	0	0	0	
ipbfp06	Магическая Микстура FP+1500	72011D	30	11000	13	0	0	2250	0	0	0	0	1	1	1	1	1	29	1	0	0	-1	1	2500	0	10000	-1	1	0	1E	0	0	0	0	
ipbfp07	Магическая Микстура FP+2000	72011E	31	11000	13	0	0	3900	0	0	0	0	1	1	1	1	1	30	1	0	0	-1	1	4000	0	10000	-1	1	0	1F	0	0	0	0	
ipbfp08	Магическая Микстура FP+2500	72011F	32	11000	13	0	0	6580	0	0	0	0	1	1	1	1	1	31	1	0	0	-1	1	5000	0	10000	-1	1	0	20	0	0	0	0	
ipcfp01	Благословенное Зелье FP+50	820120	33	00110	13	0	0	40	0	0	0	0	1	1	1	1	1	32	1	0	0	-1	1	1600	0	10000	-1	1	0	21	0	0	0	0	
ipcfp02	Благословенное Зелье FP+125	820121	34	00110	13	0	0	100	0	0	0	0	1	1	1	1	1	33	1	0	0	-1	1	1600	0	10000	-1	1	0	22	0	0	0	0	
ipcfp03	Благословенное Зелье FP+250	820122	35	00110	13	0	0	220	0	0	0	0	1	1	1	1	1	34	1	0	0	-1	1	1600	0	10000	-1	1	0	23	0	0	0	0	
ipcfp04	Благословенное Зелье FP+500	820123	36	00110	13	0	0	500	0	0	0	0	1	1	1	1	1	35	1	0	0	-1	1	1800	0	10000	-1	1	0	24	0	0	0	0	
ipcfp05	Благословенное Зелье FP+1000	820124	37	00110	13	0	0	1200	0	0	0	0	1	1	1	1	1	36	1	0	0	-1	1	2200	0	10000	-1	1	0	25	0	0	0	0	
ipcfp06	Благословенное Зелье FP+1500	820125	38	00110	13	0	0	2250	0	0	0	0	1	1	1	1	1	37	1	0	0	-1	1	2500	0	10000	-1	1	0	26	0	0	0	0	
ipcfp07	Благословенное Зелье FP+2000	820126	39	00110	13	0	0	3900	0	0	0	0	1	1	1	1	1	38	1	0	0	-1	1	4000	0	10000	-1	1	0	27	0	0	0	0	
ipcfp08	Благословенное Зелье FP+2500	820127	40	00110	13	0	0	6580	0	0	0	0	1	1	1	1	1	39	1	0	0	-1	1	5000	0	10000	-1	1	0	28	0	0	0	0	
ipafp01	Восстановитель FP+50	420128	41	00001	13	0	0	40	0	0	0	0	1	1	1	1	1	40	1	0	0	-1	1	1600	0	10000	-1	1	0	29	0	0	0	0	
ipafp02	Восстановитель FP+125	420129	42	00001	13	0	0	100	0	0	0	0	1	1	1	1	1	41	1	0	0	-1	1	1600	0	10000	-1	1	0	2A	0	0	0	0	
ipafp03	Восстановитель FP+250	42012A	43	00001	13	0	0	220	0	0	0	0	1	1	1	1	1	42	1	0	0	-1	1	1600	0	10000	-1	1	0	2B	0	0	0	0	
ipafp04	Восстановитель FP+500	42012B	44	00001	13	0	0	500	0	0	0	0	1	1	1	1	1	43	1	0	0	-1	1	1800	0	10000	-1	1	0	2C	0	0	0	0	
ipafp05	Восстановитель FP+1000	42012C	45	00001	13	0	0	1200	0	0	0	0	1	1	1	1	1	44	1	0	0	-1	1	2200	0	10000	-1	1	0	2D	0	0	0	0	
ipafp06	Восстановитель FP+1500	42012D	46	00001	13	0	0	2250	0	0	0	0	1	1	1	1	1	45	1	0	0	-1	1	2500	0	10000	-1	1	0	2E	0	0	0	0	
ipafp07	Восстановитель FP+2000	42012E	47	00001	13	0	0	3900	0	0	0	0	1	1	1	1	1	46	1	0	0	-1	1	4000	0	10000	-1	1	0	2F	0	0	0	0	
ipafp08	Восстановитель FP+2500	42012F	48	00001	13	0	0	6580	0	0	0	0	1	1	1	1	1	47	1	0	0	-1	1	5000	0	10000	-1	1	0	30	0	0	0	0	
ipbsp01	Микстура Выносливости SP+100	720230	49	11000	13	0	0	40	0	0	0	0	4	1	1	1	1	48	1	0	0	-1	1	1600	0	10000	-1	2	0	31	0	0	0	0	
ipbsp02	Микстура Выносливости SP+200	720231	50	11000	13	0	0	100	0	0	0	0	10	1	1	1	1	49	1	0	0	-1	1	1600	0	10000	-1	2	0	32	0	0	0	0	
ipbsp03	Микстура Выносливости SP+400	720232	51	11000	13	0	0	220	0	0	0	0	22	1	1	1	1	50	1	0	0	-1	1	4000	0	10000	-1	2	0	33	0	0	0	0	
ipbsp04	Микстура Выносливости SP+800	720233	52	11000	13	0	0	500	0	0	0	0	50	1	1	1	1	51	1	0	0	-1	1	5000	0	10000	-1	2	0	34	0	0	0	0	
ipcsp01	Зелье Выносливости SP+100	820234	53	00110	13	0	0	40	0	0	0	0	4	1	1	1	1	52	1	0	0	-1	1	1600	0	10000	-1	2	0	35	0	0	0	0	
ipcsp02	Зелье Выносливости SP+200	820235	54	00110	13	0	0	100	0	0	0	0	10	1	1	1	1	53	1	0	0	-1	1	1600	0	10000	-1	2	0	36	0	0	0	0	
ipcsp03	Зелье Выносливости SP+400	820236	55	00110	13	0	0	220	0	0	0	0	22	1	1	1	1	54	1	0	0	-1	1	4000	0	10000	-1	2	0	37	0	0	0	0	
ipcsp04	Зелье Выносливости SP+800	820237	56	00110	13	0	0	500	0	0	0	0	50	1	1	1	1	55	1	0	0	-1	1	5000	0	10000	-1	2	0	38	0	0	0	0	
ipasp01	Восстановитель SP+100	420238	57	00001	13	0	0	40	0	0	0	0	4	1	1	1	1	56	1	0	0	-1	1	1600	0	10000	-1	2	0	39	0	0	0	0	
ipasp02	Восстановитель SP+200	420239	58	00001	13	0	0	100	0	0	0	0	10	1	1	1	1	57	1	0	0	-1	1	1600	0	10000	-1	2	0	3A	0	0	0	0	
ipasp03	Восстановитель SP+400	42023A	59	00001	13	0	0	220	0	0	0	0	22	1	1	1	1	58	1	0	0	-1	1	4000	0	10000	-1	2	0	3B	0	0	0	0	
ipasp04	Восстановитель SP+800	42023B	60	00001	13	0	0	500	0	0	0	0	50	1	1	1	1	59	1	0	0	-1	1	5000	0	10000	-1	2	0	3C	0	0	0	0	
ipbad00	Микстура Допинга	72053C	61	11000	13	0	0	1000	0	0	0	0	100	1	1	1	1	60	1	0	0	-1	1	10000	0	10000	-1	4	0	3D	0	0	0	0	
ipcad00	Зелье Ярости	82053D	62	00110	13	0	0	1000	0	0	0	0	100	1	1	1	1	61	1	0	0	-1	1	10000	0	10000	-1	4	0	3E	0	0	0	0	
ipaad00	Программатор Ненависти	42053E	63	00001	13	0	0	1000	0	0	0	0	100	1	1	1	1	62	1	0	0	-1	1	10000	0	10000	-1	4	0	3F	0	0	0	0	
ipbhp00	Целебная Микстура Новичка HP+100	72003F	1	11000	13	0	0	1	0	0	0	0	1	0	1	0	0	63	1	0	0	-1	1	1600	0	10000	-1	0	0	40	0	0	0	0	
ipchp00	Священное Зелье Неофита HP+100	820040	9	00110	13	0	0	1	0	0	0	0	1	0	1	0	0	64	1	0	0	-1	1	1600	0	10000	-1	0	0	41	0	0	0	0	
ipahp00	Восстановитель Новобранца HP+100	420041	17	00001	13	0	0	1	0	0	0	0	1	0	1	0	0	65	1	0	0	-1	1	1600	0	10000	-1	0	0	42	0	0	0	0	
ipbfp00	Магическая Микстура Неофита FP+50	720142	25	11000	13	0	0	1	0	0	0	0	1	0	1	0	0	66	1	0	0	-1	1	1600	0	10000	-1	1	0	43	0	0	0	0	
ipcfp00	Благословленное Зелье Неофита FP+50	820143	33	00110	13	0	0	1	0	0	0	0	1	0	1	0	0	67	1	0	0	-1	1	1600	0	10000	-1	1	0	44	0	0	0	0	
ipafp00	Восстановитель Новобранца FP+50	420144	41	00001	13	0	0	1	0	0	0	0	1	0	1	0	0	68	1	0	0	-1	1	1600	0	10000	-1	1	0	45	0	0	0	0	
ipbsp00	Микстура Выносливости Новичка ST+100	720245	49	11000	13	0	0	1	0	0	0	0	1	0	1	0	0	69	1	0	0	-1	1	1600	0	10000	-1	2	0	46	0	0	0	0	
ipcsp00	Зелье Выносливости Неофита ST+100	820246	53	00110	13	0	0	1	0	0	0	0	1	0	1	0	0	70	1	0	0	-1	1	1600	0	10000	-1	2	0	47	0	0	0	0	
ipasp00	Восстановитель Новичка ST+100	420247	57	00001	13	0	0	1	0	0	0	0	1	0	1	0	0	71	1	0	0	-1	1	1600	0	10000	-1	2	0	48	0	0	0	0	
ipbcu00	Микстура Сопротивления	720648	64	11000	13	0	0	500	0	0	0	0	97	1	1	1	1	72	1	0	0	-1	1	5000	0	10000	-1	3	0	49	0	0	0	0	
ipccu00	Зелье Сопротивления	820649	65	00110	13	0	0	500	0	0	0	0	97	1	1	1	1	73	1	0	0	-1	1	5000	0	10000	-1	3	0	4A	0	0	0	0	
ipacu00	Стихийный Восстановитель	42064A	66	00001	13	0	0	500	0	0	0	0	97	1	1	1	1	74	1	0	0	-1	1	5000	0	10000	-1	3	0	4B	0	0	0	0	
ipbnp01	Целебная Микстура HP+100 [Быстрая 	72004B	1	11000	13	0	0	500	0	0	0	0	50	1	1	1	1	100	1	0	0	-1	1	0	0	10000	-1	0	0	4C	0	0	0	0	
ipbnp02	Целебная Микстура HP+250 [Быстрая 	72004C	2	11000	13	0	0	500	0	0	0	0	50	1	1	1	1	101	1	0	0	-1	1	0	0	10000	-1	0	0	4D	0	0	0	0	
ipbnp03	Целебная Микстура HP+500 [Быстрая 	72004D	3	11000	13	0	0	500	0	0	0	0	50	1	1	1	1	102	1	0	0	-1	1	0	0	10000	-1	0	0	4E	0	0	0	0	
ipbnp04	Целебная Микстура HP+1000 [Быстрая 	72004E	4	11000	13	0	0	500	0	0	0	0	50	1	1	1	1	103	1	0	0	-1	1	0	0	10000	-1	0	0	4F	0	0	0	0	
ipbnp05	Целебная Микстура HP+2000 [Быстрая 	72004F	5	11000	13	0	0	500	0	0	0	0	50	1	1	1	1	104	1	0	0	-1	1	0	0	10000	-1	0	0	50	0	0	0	0	
ipbnp06	Целебная Микстура HP+3000 [Быстрая 	720050	6	11000	13	0	0	500	0	0	0	0	50	1	1	1	1	105	1	0	0	-1	1	0	0	10000	-1	0	0	51	0	0	0	0	
ipbnp07	Целебная Микстура HP+4000 [Быстрая 	720051	7	11000	13	0	0	500	0	0	0	0	50	1	1	1	1	106	1	0	0	-1	1	0	0	10000	-1	0	0	52	0	0	0	0	
ipbnp08	Целебная Микстура HP+5000 [Быстрая 	720052	8	11000	13	0	0	500	0	0	0	0	50	1	1	1	1	107	1	0	0	-1	1	0	0	10000	-1	0	0	53	0	0	0	0	
ipcnp01	Священное Зелье HP+100 [Быстрое 	820053	9	00110	13	0	0	500	0	0	0	0	50	1	1	1	1	108	1	0	0	-1	1	0	0	10000	-1	0	0	54	0	0	0	0	
ipcnp02	Священное Зелье HP+250 [Быстрое 	820054	10	00110	13	0	0	500	0	0	0	0	50	1	1	1	1	109	1	0	0	-1	1	0	0	10000	-1	0	0	55	0	0	0	0	
ipcnp03	Священное Зелье HP+500 [Быстрое 	820055	11	00110	13	0	0	500	0	0	0	0	50	1	1	1	1	110	1	0	0	-1	1	0	0	10000	-1	0	0	56	0	0	0	0	
ipcnp04	Священное Зелье HP+1000 [Быстрое 	820056	12	00110	13	0	0	500	0	0	0	0	50	1	1	1	1	111	1	0	0	-1	1	0	0	10000	-1	0	0	57	0	0	0	0	
ipcnp05	Священное Зелье HP+2000 [Быстрое 	820057	13	00110	13	0	0	500	0	0	0	0	50	1	1	1	1	112	1	0	0	-1	1	0	0	10000	-1	0	0	58	0	0	0	0	
ipcnp06	Священное Зелье HP+3000 [Быстрое 	820058	14	00110	13	0	0	500	0	0	0	0	50	1	1	1	1	113	1	0	0	-1	1	0	0	10000	-1	0	0	59	0	0	0	0	
ipcnp07	Священное Зелье HP+4000 [Быстрое 	820059	15	00110	13	0	0	500	0	0	0	0	50	1	1	1	1	114	1	0	0	-1	1	0	0	10000	-1	0	0	5A	0	0	0	0	
ipcnp08	Священное Зелье HP+5000 [Быстрое 	82005A	16	00110	13	0	0	500	0	0	0	0	50	1	1	1	1	115	1	0	0	-1	1	0	0	10000	-1	0	0	5B	0	0	0	0	
ipanp01	Восстановитель HP+100 [Быстрый 	42005B	17	00001	13	0	0	500	0	0	0	0	50	1	1	1	1	116	1	0	0	-1	1	0	0	10000	-1	0	0	5C	0	0	0	0	
ipanp02	Восстановитель HP+250 [Быстрый 	42005C	18	00001	13	0	0	500	0	0	0	0	50	1	1	1	1	117	1	0	0	-1	1	0	0	10000	-1	0	0	5D	0	0	0	0	
ipanp03	Восстановитель HP+500 [Быстрый 	42005D	19	00001	13	0	0	500	0	0	0	0	50	1	1	1	1	118	1	0	0	-1	1	0	0	10000	-1	0	0	5E	0	0	0	0	
ipanp04	Восстановитель HP+1000 [Быстрый 	42005E	20	00001	13	0	0	500	0	0	0	0	50	1	1	1	1	119	1	0	0	-1	1	0	0	10000	-1	0	0	5F	0	0	0	0	
ipanp05	Восстановитель HP+2000 [Быстрый 	42005F	21	00001	13	0	0	500	0	0	0	0	50	1	1	1	1	120	1	0	0	-1	1	0	0	10000	-1	0	0	60	0	0	0	0	
ipanp06	Восстановитель HP+3000 [Быстрый 	420060	22	00001	13	0	0	500	0	0	0	0	50	1	1	1	1	121	1	0	0	-1	1	0	0	10000	-1	0	0	61	0	0	0	0	
ipanp07	Восстановитель HP+4000 [Быстрый 	420061	23	00001	13	0	0	500	0	0	0	0	50	1	1	1	1	122	1	0	0	-1	1	0	0	10000	-1	0	0	62	0	0	0	0	
ipanp08	Восстановитель HP+5000 [Быстрый 	420062	24	00001	13	0	0	500	0	0	0	0	50	1	1	1	1	123	1	0	0	-1	1	0	0	10000	-1	0	0	63	0	0	0	0	
ipeee01	Каштан	A20063	67	11111	13	0	0	10	0	0	0	0	1	1	1	1	1	124	1	0	0	-1	1	0	0	10000	-1	0	0	64	0	0	0	0	
ipeee02	Мармелад	A20064	68	11111	13	0	0	10	0	0	0	0	1	1	1	1	1	125	1	0	0	-1	1	0	0	10000	-1	0	0	65	0	0	0	0	
ipeee03	Спелая Хурма	A20065	69	11111	13	0	0	10	0	0	0	0	1	1	1	1	1	126	1	0	0	-1	1	0	0	10000	-1	0	0	66	0	0	0	0	
ipeee04	Елка из Рисовых Тортиков	A20066	70	11111	13	0	0	10	0	0	0	0	1	1	1	1	1	127	1	0	0	-1	1	0	0	10000	-1	0	0	67	0	0	0	0	
ipeee05	Елка из Полынных Рисовых Тортиков	A20067	71	11111	13	0	0	10	0	0	0	0	1	1	1	1	1	128	1	0	0	-1	1	0	0	10000	-1	0	0	68	0	0	0	0	
ipeee06	Большай Каштан	A20068	67	11111	13	0	0	10	0	0	0	0	1	1	1	1	1	129	1	0	0	-1	1	0	0	10000	-1	0	0	69	0	0	0	0	
ipbad01	Насыщенная Микстура Допинга 	720569	61	11000	13	0	0	3000	0	0	0	0	300	1	1	1	1	130	1	0	0	-1	1	10000	0	10000	-1	4	0	6A	0	0	0	0	
ipcad01	Усиленное Зелье Ярости 	82056A	62	00110	13	0	0	3000	0	0	0	0	300	1	1	1	1	131	1	0	0	-1	1	10000	0	10000	-1	4	0	6B	0	0	0	0	
ipaad01	Программатор Ненависти Мк.II 	42056B	63	00001	13	0	0	3000	0	0	0	0	300	1	1	1	1	132	1	0	0	-1	1	10000	0	10000	-1	4	0	6C	0	0	0	0	
ipeee07	Земляной Орех	A20068	72	11111	13	0	0	10	0	0	0	0	1	1	1	1	1	133	1	0	0	-1	1	0	0	10000	-1	0	0	6D	0	0	0	0	
ipeee08	Грецкий Орех	A20068	73	11111	13	0	0	10	0	0	0	0	1	1	1	1	1	134	1	0	0	-1	1	0	0	10000	-1	0	0	6E	0	0	0	0	
ipeee09	Кедровый Орех	A20068	74	11111	13	0	0	10	0	0	0	0	1	1	1	1	1	135	1	0	0	-1	1	0	0	10000	-1	0	0	6F	0	0	0	0	
ipbax01	Взрывная Микстура	72053C	99	11000	13	0	0	1515	0	0	0	0	152	1	1	1	1	136	1	0	0	-1	1	10000	0	10000	-1	4	0	70	0	0	0	0	
ipbax02	Взрывное Зелье	82053D	100	00110	13	0	0	1515	0	0	0	0	152	1	1	1	1	137	1	0	0	-1	1	10000	0	10000	-1	4	0	71	0	0	0	0	
ipbax03	Программатор Ярости	42053E	101	00001	13	0	0	1515	0	0	0	0	152	1	1	1	1	138	1	0	0	-1	1	10000	0	10000	-1	4	0	72	0	0	0	0	
ipbdx01	Защитная Микстура	72053C	102	11000	13	0	0	1515	0	0	0	0	152	1	1	1	1	139	1	0	0	-1	1	10000	0	10000	-1	4	0	73	0	0	0	0	
ipbdx02	Защитное Зелье	82053D	103	00110	13	0	0	1515	0	0	0	0	152	1	1	1	1	140	1	0	0	-1	1	10000	0	10000	-1	4	0	74	0	0	0	0	
ipbdx03	Программатор Защиты	42053E	104	00001	13	0	0	1515	0	0	0	0	152	1	1	1	1	141	1	0	0	-1	1	10000	0	10000	-1	11	0	75	0	0	0	0	
ipbco01	Микстура Крита	72053C	75	11000	13	0	0	1000	0	0	0	0	100	1	1	1	1	142	1	0	0	-1	1	10000	0	10000	-1	4	0	76	0	0	0	0	
ipcco01	Зелье Крита	82053D	76	00110	13	0	0	1000	0	0	0	0	100	1	1	1	1	143	1	0	0	-1	1	10000	0	10000	-1	4	0	77	0	0	0	0	
ipaco01	Программатор Крита	42053E	77	00001	13	0	0	1000	0	0	0	0	100	1	1	1	1	144	1	0	0	-1	1	10000	0	10000	-1	4	0	78	0	0	0	0	
iptwe01	Конфетка	A20068	85	11111	13	0	0	5000	0	0	0	0	500	1	1	1	1	145	1	0	0	-1	1	50	0	10000	-1	4	0	79	0	0	0	0	
iptwe02	Новогодняя Конфетка	A20068	86	11111	13	0	0	10000	0	0	0	0	1000	1	1	1	1	146	1	0	0	-1	1	1500	0	10000	-1	4	0	7A	0	0	0	0	
ipeex01	Тортик	A20068	91	11111	13	0	0	10	0	0	0	0	1	1	1	1	1	147	1	0	0	-1	1	0	0	10000	-1	0	0	7B	0	0	0	0	
ipeex02	Восхитительная Конфетка	A20068	92	11111	13	0	0	20	0	0	0	0	2	1	1	1	1	148	1	0	0	-1	1	0	0	10000	-1	0	0	7C	0	0	0	0	
ipeex03	Восхитительная Новогодная Конфетка	A20068	93	11111	13	0	0	30	0	0	0	0	3	1	1	1	1	149	1	0	0	-1	1	0	0	10000	-1	0	0	7D	0	0	0	0	
ipeex04	Восхитительный Тортик	A20068	94	11111	13	0	0	35	0	0	0	0	4	1	1	1	1	150	1	0	0	-1	1	0	0	10000	-1	0	0	7E	0	0	0	0	
ipeex05	Новогодний Увеличитель Силы Атаки 50штук	A20068	95	11111	13	0	0	45	0	0	0	0	5	1	1	1	1	151	1	0	0	-1	1	0	0	10000	-1	0	0	7F	0	0	0	0	
ipeex06	Новогодний Увеличитель Защитной Силы 50штук	A20068	96	11111	13	0	0	55	0	0	0	0	6	1	1	1	1	152	1	0	0	-1	1	0	0	10000	-1	0	0	80	0	0	0	0	
ipeex07	Насыщенная Микстура Крита	A21368	97	11111	13	0	0	3000	0	0	0	0	300	1	1	1	1	153	1	0	0	-1	1	10000	0	10000	-1	4	0	81	0	0	0	0	
ipeex08	Усиленное Зелье Крита	A21368	98	11111	13	0	0	3000	0	0	0	0	300	1	1	1	1	154	1	0	0	-1	1	10000	0	10000	-1	11	0	82	0	0	0	0	
ipbco02	Программатор Крита Mk.II	72053C	75	11000	13	0	0	5000	0	0	0	0	500	1	1	1	1	155	1	0	0	-1	1	10000	0	10000	-1	4	0	83	0	0	0	0	
ipcco02	Настойка 	82053D	76	00110	13	0	0	5000	0	0	0	0	500	1	1	1	1	156	1	0	0	-1	1	10000	0	10000	-1	4	0	84	0	0	0	0	
ipaco02	 	42053E	77	00001	13	0	0	5000	0	0	0	0	500	1	1	1	1	157	1	0	0	-1	1	10000	0	10000	-1	4	0	85	0	0	0	0	
ipdbr01	Рис	A20068	113	11111	13	0	0	10	0	0	0	0	1	1	1	1	1	158	1	0	0	-1	1	0	0	10000	-1	0	0	86	0	0	0	0	
ipdbr02	Рис	A20068	114	11111	13	0	0	20	0	0	0	0	2	1	1	1	1	159	1	0	0	-1	1	0	0	10000	-1	0	0	87	0	0	0	0	
ipdbr03	Боевая Микстура	A20568	97	11111	13	0	0	3000	0	0	0	0	300	1	1	1	1	160	0	0	0	-1	1	10000	0	10000	-1	8	0	88	0	0	0	0	
ipdbr04	Боевое Зелье	A20568	98	11111	13	0	0	3000	0	0	0	0	300	1	1	1	1	161	0	0	0	-1	1	10000	0	10000	-1	11	0	89	0	0	0	0	
ipdbr05	Боевой Программатор	A20568	115	11111	13	0	0	3000	0	0	0	0	300	1	1	1	1	162	0	0	1	-1	1	10000	0	10000	-1	8	0	8A	0	0	0	0	
ipbch01	Микстура Патриарха	72003C	117	11000	13	0	0	3900	0	0	0	0	390	1	1	1	1	163	1	0	0	-1	1	2400	0	10000	-1	0	0	8B	0	0	0	0	
ipcch01	Зелье Патриарха	82003D	118	00110	13	0	0	3900	0	0	0	0	390	1	1	1	1	164	1	0	0	-1	1	2400	0	10000	-1	0	0	8C	0	0	0	0	
ipach01	Восстановитель Патриарха	42003E	119	00001	13	0	0	3900	0	0	0	0	390	1	1	1	1	165	1	0	0	-1	1	2400	0	10000	-1	0	0	8D	0	0	0	0	
ipbhp10	Целебная Микстура HP+3200 	72003C	6	11000	13	0	0	5	0	0	0	0	1	1	1	1	1	166	1	0	0	-1	1	2500	0	10000	-1	0	0	8E	0	0	0	0	
ipchp10	Священное Зелье HP+3200 	82003D	14	00110	13	0	0	5	0	0	0	0	1	1	1	1	1	167	1	0	0	-1	1	2500	0	10000	-1	0	0	8F	0	0	0	0	
ipahp10	Восстановитель HP+3200 	42003E	22	00001	13	0	0	5	0	0	0	0	1	1	1	1	1	168	1	0	0	-1	1	2500	0	10000	-1	0	0	90	0	0	0	0	
ipbhp20	Целебная Микстура HP+3500 	72003C	6	11000	13	0	0	15	0	0	0	0	2	1	1	1	1	169	1	0	0	-1	1	2500	0	10000	-1	0	0	91	0	0	0	0	
ipchp20	Священное Зелье HP+3500 	82003D	14	00110	13	0	0	15	0	0	0	0	2	1	1	1	1	170	1	0	0	-1	1	2500	0	10000	-1	0	0	92	0	0	0	0	
ipahp20	Восстановитель HP+3500 	42003E	22	00001	13	0	0	15	0	0	0	0	2	1	1	1	1	171	1	0	0	-1	1	2500	0	10000	-1	0	0	93	0	0	0	0	
ipcha01	Микстура Хаоса	72053C	125	11000	13	1	0	50	0	0	0	0	5	1	1	1	1	172	1	0	0	-1	1	54000	0	10000	-1	8	0	94	0	0	0	0	
ipcha02	Зелье Хаоса	82053D	127	00110	13	1	0	50	0	0	0	0	5	1	1	1	1	173	1	0	0	-1	1	54000	0	10000	-1	8	0	95	0	0	0	0	
ipcha03	Программатор Хаоса	42053E	129	00001	13	1	0	50	0	0	0	0	5	1	1	1	1	174	1	0	0	-1	1	54000	0	10000	-1	8	0	96	0	0	0	0	
ipcha04	Микстура Порядка	72053C	126	11000	13	1	0	50	0	0	0	0	5	1	1	1	1	175	1	0	0	-1	1	0	0	10000	-1	9	0	97	0	0	0	0	
ipcha05	Зелье Порядка	82053D	128	00110	13	1	0	50	0	0	0	0	5	1	1	1	1	176	1	0	0	-1	1	0	0	10000	-1	9	0	98	0	0	0	0	
ipcha06	Программатор Порядка	42053E	130	00001	13	1	0	50	0	0	0	0	5	1	1	1	1	177	1	0	0	-1	1	0	0	10000	-1	9	0	99	0	0	0	0	
ipbde04	Силовая Микстура	72053C	102	11000	13	0	0	9000	0	0	0	0	900	1	1	1	1	178	1	0	0	-1	1	10000	0	10000	-1	4	0	9A	0	0	0	0	
ipbde05	Силовое Зелье	82053D	103	00110	13	0	0	9000	0	0	0	0	900	1	1	1	1	179	1	0	0	-1	1	10000	0	10000	-1	4	0	9B	0	0	0	0	
ipbde06	Силовой Программатор	42053E	104	00001	13	0	0	9000	0	0	0	0	900	1	1	1	1	180	1	0	0	-1	1	10000	0	10000	-1	4	0	9C	0	0	0	0	
ipbae01	Абсолютная Микстура	72053C	99	11000	13	0	0	1515	0	0	0	0	152	1	1	1	1	181	1	0	0	-1	1	10000	0	10000	-1	4	0	9D	0	0	0	0	
ipbae02	Абсолютное Зелье	82053D	100	00110	13	0	0	1515	0	0	0	0	152	1	1	1	1	182	1	0	0	-1	1	10000	0	10000	-1	4	0	9E	0	0	0	0	
ipbae03	Абсолютный Программатор	42053E	101	00001	13	0	0	1515	0	0	0	0	152	1	1	1	1	183	1	0	0	-1	1	10000	0	10000	-1	4	0	9F	0	0	0	0	
ipbde01	Охранная Микстура	72053C	102	11000	13	0	0	1515	0	0	0	0	152	1	1	1	1	184	1	0	0	-1	1	10000	0	10000	-1	4	0	A0	0	0	0	0	
ipbde02	Охранное Зелье	82053D	103	00110	13	0	0	1515	0	0	0	0	152	1	1	1	1	185	1	0	0	-1	1	10000	0	10000	-1	4	0	A1	0	0	0	0	
ipbde03	Программатор Брони	42053E	104	00001	13	0	0	1515	0	0	0	0	152	1	1	1	1	186	1	0	0	-1	1	10000	0	10000	-1	4	0	A2	0	0	0	0	
ipbhx00	Тренировочная Благословенная Микстура HP+250	72003C	2	11000	13	0	0	1	0	0	0	0	1	0	1	0	1	187	1	0	0	-1	1	1600	0	10000	-1	0	0	A3	0	0	0	0	
ipchx00	Тренировочное Священное Зелье HP+250	82003D	10	00110	13	0	0	1	0	0	0	0	1	0	1	0	1	188	1	0	0	-1	1	1600	0	10000	-1	0	0	A4	0	0	0	0	
ipahx00	Тренировочный Восстановитель HP+250	42003E	18	00001	13	0	0	1	0	0	0	0	1	0	1	0	1	189	1	0	0	-1	1	1600	0	10000	-1	0	0	A5	0	0	0	0	
ipcsa01	Микстура_Атаки_	72053C	134	11000	13	0	0	1	0	0	0	0	1	1	1	1	1	190	1	1	0	-1	1	10000	0	10000	-1	4	0	A6	0	0	0	0	
ipcsa02	Зелье_Атаки_	82053D	135	00110	13	0	0	1	0	0	0	0	1	1	1	1	1	191	1	1	0	-1	1	10000	0	10000	-1	4	0	A7	0	0	0	0	
ipcsa03	Атакующий_Восстановитель_	42053E	136	00001	13	0	0	1	0	0	0	0	1	1	1	1	1	192	1	1	0	-1	1	10000	0	10000	-1	4	0	A8	0	0	0	0	
ipcsa04	Защитная_Микстура_[Премиум_	72053C	137	11000	13	0	0	1	0	0	0	0	1	1	1	1	1	193	1	1	0	-1	1	10000	0	10000	-1	4	0	A9	0	0	0	0	
ipcsa05	Зелье_защиты_[Премиум_	82053D	138	00110	13	0	0	1	0	0	0	0	1	1	1	1	1	194	1	1	0	-1	1	10000	0	10000	-1	4	0	AA	0	0	0	0	
ipcsa06	Защитный_Восстановитель_[Премиум_	42053E	139	00001	13	0	0	1	0	0	0	0	1	1	1	1	1	195	1	1	0	-1	1	10000	0	10000	-1	4	0	AB	0	0	0	0	
ipcsa07	Микстура_Меткости_[Премиум_	72053C	140	11000	13	0	0	1	0	0	0	0	1	1	1	1	1	196	1	1	0	-1	1	10000	0	10000	-1	4	0	AC	0	0	0	0	
ipcsa08	Зелье_Меткости_[Премиум_	82053D	141	00110	13	0	0	1	0	0	0	0	1	1	1	1	1	197	1	1	0	-1	1	10000	0	10000	-1	4	0	AD	0	0	0	0	
ipcsa09	Восстановитель_Меткости_[Премиум_	42053E	142	00001	13	0	0	1	0	0	0	0	1	1	1	1	1	198	1	1	0	-1	1	10000	0	10000	-1	4	0	AE	0	0	0	0	
ipcsa10	Микстура_Восстановления_Жизни_HP+2500_[Премиум_	72003C	143	11000	13	0	0	1	0	0	0	0	1	1	1	1	1	199	1	1	0	-1	1	1800	0	10000	-1	0	0	AF	0	0	0	0	
ipcsa11	Зелье_Восстановления_Жизни_HP+2500_[Премиум_	82003D	144	00110	13	0	0	1	0	0	0	0	1	1	1	1	1	200	1	1	0	-1	1	1800	0	10000	-1	0	0	B0	0	0	0	0	
ipcsa12	Восстановитель_Жизни_HP+2500_[Премиум_	42003E	145	00001	13	0	0	1	0	0	0	0	1	1	1	1	1	201	1	1	0	-1	1	1800	0	10000	-1	0	0	B1	0	0	0	0	
ipcsa13	Микстура_Восстановления_Жизни_HP+4000_[Премиум_	72003C	146	11000	13	0	0	1	0	0	0	0	1	1	1	1	1	202	1	1	0	-1	1	2200	0	10000	-1	0	0	B2	0	0	0	0	
ipcsa14	Зелье_Восстановления_Жизни_HP+4000_[Премиум_	82003D	147	00110	13	0	0	1	0	0	0	0	1	1	1	1	1	203	1	1	0	-1	1	2200	0	10000	-1	0	0	B3	0	0	0	0	
ipcsa15	Восстановитель_Жизни_HP+4000_[Премиум_	42003E	148	00001	13	0	0	1	0	0	0	0	1	1	1	1	1	204	1	1	0	-1	1	2200	0	10000	-1	0	0	B4	0	0	0	0	
ipcsa16	Микстура_Защиты_и_Атаки_	72053C	152	11000	13	0	0	1	0	0	0	0	1	1	1	1	1	205	1	1	0	-1	1	10000	0	10000	-1	5	0	B5	0	0	0	0	
ipcsa17	Зелье_Защиты_и_Атаки_	82053D	153	00110	13	0	0	1	0	0	0	0	1	1	1	1	1	206	1	1	0	-1	1	10000	0	10000	-1	5	0	B6	0	0	0	0	
ipcsa18	Восстановитель_Защиты_и_Атаки_	42053E	154	00001	13	0	0	1	0	0	0	0	1	1	1	1	1	207	1	1	0	-1	1	10000	0	10000	-1	5	0	B7	0	0	0	0	
ipcsa19	Микстура_Критической_Атаки_	72053C	156	11000	13	0	0	1	0	0	0	0	1	1	1	1	1	208	1	1	0	-1	1	10000	0	10000	-1	4	0	B8	0	0	0	0	
ipcsa20	Зелье_Критической_Атаки_	82053D	157	00110	13	0	0	1	0	0	0	0	1	1	1	1	1	209	1	1	0	-1	1	10000	0	10000	-1	4	0	B9	0	0	0	0	
ipcsa21	Восстановитель_Критической_Атаки_	42053E	158	00001	13	0	0	1	0	0	0	0	1	1	1	1	1	210	1	1	0	-1	1	10000	0	10000	-1	4	0	BA	0	0	0	0	
ipcsa22	Микстура_Увеличения_Жизни_	72053C	159	11000	13	0	0	1	0	0	0	0	1	1	1	1	1	211	1	1	0	-1	1	10000	0	10000	-1	4	0	BB	0	0	0	0	
ipcsa23	Зелье_Увеличения_Жизни_	82053D	160	00110	13	0	0	1	0	0	0	0	1	1	1	1	1	212	1	1	0	-1	1	10000	0	10000	-1	4	0	BC	0	0	0	0	
ipcsa24	Восстановитель_Увеличения_Жизни_	42053E	161	00001	13	0	0	1	0	0	0	0	1	1	1	1	1	213	1	1	0	-1	1	10000	0	10000	-1	4	0	BD	0	0	0	0	
ipcsa25	Микстура_Быстрых_Умений_	72053C	162	11000	13	0	0	1	0	0	0	0	1	1	1	1	1	214	1	1	0	-1	1	10000	0	10000	-1	4	0	BE	0	0	0	0	
ipcsa26	Зелье_Быстрых_Умений_	82053D	163	00110	13	0	0	1	0	0	0	0	1	1	1	1	1	215	1	1	0	-1	1	10000	0	10000	-1	4	0	BF	0	0	0	0	
ipcsa27	Восстановитель_Быстрых_Умений_	42053E	164	00001	13	0	0	1	0	0	0	0	1	1	1	1	1	216	1	1	0	-1	1	10000	0	10000	-1	4	0	C0	0	0	0	0	
ipcsa28	Микстура_Невидимости_	72053C	165	11000	13	0	0	1	0	0	0	0	1	1	1	1	1	217	1	1	0	-1	1	10000	0	10000	-1	4	0	C1	0	0	0	0	
ipcsa29	Зелье_Невидимости_	82053D	166	00110	13	0	0	1	0	0	0	0	1	1	1	1	1	218	1	1	0	-1	1	10000	0	10000	-1	4	0	C2	0	0	0	0	
ipcsa30	Восстановитель_Невидимости_	42053E	167	00001	13	0	0	1	0	0	0	0	1	1	1	1	1	219	1	1	0	-1	1	10000	0	10000	-1	4	0	C3	0	0	0	0	
ipcsa31	Микстура_Ловкости_	72053C	168	11000	13	0	0	1	0	0	0	0	1	1	1	1	1	220	1	1	0	-1	1	10000	0	10000	-1	4	0	C4	0	0	0	0	
ipcsa32	Зелье_Ловкости_	82053D	169	00110	13	0	0	1	0	0	0	0	1	1	1	1	1	221	1	1	0	-1	1	10000	0	10000	-1	4	0	C5	0	0	0	0	
ipcsa33	Восстановитель_Ловкости_	42053E	170	00001	13	0	0	1	0	0	0	0	1	1	1	1	1	222	1	1	0	-1	1	10000	0	10000	-1	4	0	C6	0	0	0	0	
ipcsa34	Микстура_Очищения_	72063C	171	11000	13	0	0	1	0	0	0	0	1	1	1	1	1	223	1	1	0	-1	1	2500	0	10000	-1	3	0	C7	0	0	0	0	
ipcsa35	Зелье_Очищения_	82063D	172	00110	13	0	0	1	0	0	0	0	1	1	1	1	1	224	1	1	0	-1	1	2500	0	10000	-1	3	0	C8	0	0	0	0	
ipcsa36	Восстановитель_Очищения_	42063E	173	00001	13	0	0	1	0	0	0	0	1	1	1	1	1	225	1	1	0	-1	1	2500	0	10000	-1	3	0	C9	0	0	0	0	
ipcsa37	Микстура_Очищения_[Премиум_	72063C	174	11000	13	0	0	1	0	0	0	0	1	1	1	1	1	226	1	1	0	-1	1	1000	0	10000	-1	3	0	CA	0	0	0	0	
ipcsa38	Зелье_Очищения_[Премиум_	82063D	175	00110	13	0	0	1	0	0	0	0	1	1	1	1	1	227	1	1	0	-1	1	1000	0	10000	-1	3	0	CB	0	0	0	0	
ipcsa39	Восстановитель_Очищения_[Премиум_	42063E	176	00001	13	0	0	1	0	0	0	0	1	1	1	1	1	228	1	1	0	-1	1	1000	0	10000	-1	3	0	CC	0	0	0	0	
ipcsa40	Микстура_Совершенной_Атаки_	72053C	177	11000	13	0	0	1	0	0	0	0	1	1	1	1	1	229	1	1	0	-1	1	10000	0	10000	-1	5	0	CD	0	0	0	0	
ipcsa41	Зелье_Совершенной_Атаки_	82053D	178	00110	13	0	0	1	0	0	0	0	1	1	1	1	1	230	1	1	0	-1	1	10000	0	10000	-1	5	0	CE	0	0	0	0	
ipcsa42	Восстановитель_Совершенной_Атаки_	42053E	179	00001	13	0	0	1	0	0	0	0	1	1	1	1	1	231	1	1	0	-1	1	10000	0	10000	-1	5	0	CF	0	0	0	0	
ipcsa43	Микстура_Жизни_и_Защиты_	72053C	180	11000	13	0	0	1	0	0	0	0	1	1	1	1	1	232	1	1	0	-1	1	10000	0	10000	-1	5	0	D0	0	0	0	0	
ipcsa44	Зелье_Жизни_и_Защиты_	82053D	181	00110	13	0	0	1	0	0	0	0	1	1	1	1	1	233	1	1	0	-1	1	10000	0	10000	-1	5	0	D1	0	0	0	0	
ipcsa45	Восстановитель_Жизни_и_Защиты_	42053E	182	00001	13	0	0	1	0	0	0	0	1	1	1	1	1	234	1	1	0	-1	1	10000	0	10000	-1	5	0	D2	0	0	0	0	
ipcsa46	Микстура_Быстрых_Умений_[Премиум_	72053C	183	11000	13	0	0	1	0	0	0	0	1	1	1	1	1	235	1	1	0	-1	1	10000	0	10000	-1	5	0	D3	0	0	0	0	
ipcsa47	Зелье_Быстрых_Умений_[Премиум_	82053D	184	00110	13	0	0	1	0	0	0	0	1	1	1	1	1	236	1	1	0	-1	1	10000	0	10000	-1	5	0	D4	0	0	0	0	
ipcsa48	Восстановитель_Быстрых_Умений_[Премиум_	42053E	185	00001	13	0	0	1	0	0	0	0	1	1	1	1	1	237	1	1	0	-1	1	10000	0	10000	-1	5	0	D5	0	0	0	0	
ipcsa49	Ударная Микстура Спокойствия 	72053C	186	11000	13	0	0	1	0	0	0	0	1	1	1	1	1	238	1	1	0	-1	1	10000	0	10000	-1	5	0	D6	0	0	0	0	
ipcsa50	Ударное Зелье Спокойствия 	82053D	187	00110	13	0	0	1	0	0	0	0	1	1	1	1	1	239	1	1	0	-1	1	10000	0	10000	-1	5	0	D7	0	0	0	0	
ipcsa51	Агрессивный Восстановитель Спокойствия 	42053E	188	00001	13	0	0	1	0	0	0	0	1	1	1	1	1	240	1	1	0	-1	1	10000	0	10000	-1	5	0	D8	0	0	0	0	
ipcsa52	Ограждающая Микстура Усиления [Премиум  	72053C	189	11000	13	0	0	1	0	0	0	0	1	1	1	1	1	241	1	1	0	-1	1	10000	0	10000	-1	5	0	D9	0	0	0	0	
ipcsa53	Ограждающее Зелье Усиления [Премиум  	82053D	190	00110	13	0	0	1	0	0	0	0	1	1	1	1	1	242	1	1	0	-1	1	10000	0	10000	-1	5	0	DA	0	0	0	0	
ipcsa54	Укрепляющий Восстановитель Усиления [Премиум  	42053E	191	00001	13	0	0	1	0	0	0	0	1	1	1	1	1	243	1	1	0	-1	1	10000	0	10000	-1	5	0	DB	0	0	0	0	
ipcsa55	Ударная Микстура Спокойного Времени 	72053C	192	11000	13	0	0	1	0	0	0	0	1	1	1	1	1	244	1	1	0	-1	1	10000	0	10000	-1	6	0	DC	0	0	0	0	
ipcsa56	Ударное Зелье Спокойного Времени 	82053D	193	00110	13	0	0	1	0	0	0	0	1	1	1	1	1	245	1	1	0	-1	1	10000	0	10000	-1	6	0	DD	0	0	0	0	
ipcsa57	Агрессивный Восстановитель Спокойного Времени 	42053E	194	00001	13	0	0	1	0	0	0	0	1	1	1	1	1	246	1	1	0	-1	1	10000	0	10000	-1	6	0	DE	0	0	0	0	
ipcsa58	Ударная Микстура Спокойного Остроумия 	72053C	195	11000	13	0	0	1	0	0	0	0	1	1	1	1	1	247	1	1	0	-1	1	10000	0	10000	-1	6	0	DF	0	0	0	0	
ipcsa59	Ударное Зелье Спокойного Остроумия 	82053D	196	00110	13	0	0	1	0	0	0	0	1	1	1	1	1	248	1	1	0	-1	1	10000	0	10000	-1	6	0	E0	0	0	0	0	
ipcsa60	Агрессивный Восстановитель Спокойного Остроумия 	42053E	197	00001	13	0	0	1	0	0	0	0	1	1	1	1	1	249	1	1	0	-1	1	10000	0	10000	-1	6	0	E1	0	0	0	0	
ipcsa61	Агресивная Ограждающая Микстура 	72053C	198	11000	13	0	0	1	0	0	0	0	1	1	1	1	1	250	1	1	0	-1	1	10000	0	10000	-1	6	0	E2	0	0	0	0	
ipcsa62	Агресивное Ограждающее Зелье 	82053D	199	00110	13	0	0	1	0	0	0	0	1	1	1	1	1	251	1	1	0	-1	1	10000	0	10000	-1	6	0	E3	0	0	0	0	
ipcsa63	Агресивный Ограждающий Восстановитель 	42053E	200	00001	13	0	0	1	0	0	0	0	1	1	1	1	1	252	1	1	0	-1	1	10000	0	10000	-1	6	0	E4	0	0	0	0	
ipcsa64	Агрессивная Микстура Времени 	72053C	201	11000	13	0	0	1	0	0	0	0	1	1	1	1	1	253	1	1	0	-1	1	10000	0	10000	-1	7	0	E5	0	0	0	0	
ipcsa65	Агрессивное Зелье Времени 	82053D	202	00110	13	0	0	1	0	0	0	0	1	1	1	1	1	254	1	1	0	-1	1	10000	0	10000	-1	7	0	E6	0	0	0	0	
ipcsa66	Агрессивный Восстановитель Времени 	42053E	203	00001	13	0	0	1	0	0	0	0	1	1	1	1	1	255	1	1	0	-1	1	10000	0	10000	-1	7	0	E7	0	0	0	0	
ipcsa67	Агрессивная Микстура Остроумия и Времени 	72053C	204	11000	13	0	0	1	0	0	0	0	1	1	1	1	1	256	1	1	0	-1	1	10000	0	10000	-1	7	0	E8	0	0	0	0	
ipcsa68	Агрессивное Зелье Остроумия и Времени 	82053D	205	00110	13	0	0	1	0	0	0	0	1	1	1	1	1	257	1	1	0	-1	1	10000	0	10000	-1	7	0	E9	0	0	0	0	
ipcsa69	Агрессивный Восстановитель Остроумия и Времени 	42053E	206	00001	13	0	0	1	0	0	0	0	1	1	1	1	1	258	1	1	0	-1	1	10000	0	10000	-1	7	0	EA	0	0	0	0	
ipcsa70	Великая_Микстура_НР+5000_[Премиум_	72003C	207	11000	13	0	0	1	0	0	0	0	1	1	1	1	1	259	1	1	0	-1	1	2200	0	10000	-1	0	0	EB	0	0	0	0	
ipcsa71	Великое_Зелье_НР+5000_[Премиум_	82003D	208	00110	13	0	0	1	0	0	0	0	1	1	1	1	1	260	1	1	0	-1	1	2200	0	10000	-1	0	0	EC	0	0	0	0	
ipcsa72	Великий_Восстановитель_НР+5000_[Премиум_	42003E	209	00001	13	0	0	1	0	0	0	0	1	1	1	1	1	261	1	1	0	-1	1	2200	0	10000	-1	0	0	ED	0	0	0	0	
ipwem01	Одинокий Волк 	A20F01	232	11111	13	0	0	5000	0	0	0	0	500	1	1	1	1	269	1	0	0	-1	1	3000	0	10000	-1	12	0	EF	0	0	0	0	
ipwef01	Марка лисы 	A20F02	233	11111	13	0	0	5000	0	0	0	0	500	1	1	1	1	270	1	0	0	-1	1	1000	0	01000	1	12	200	F0	4	0	0	0	
ipcsa73	Капсула_Смены_Специализации	A20068	230	11111	13	0	0	1	0	0	0	0	1	0	0	0	1	262	1	1	0	-1	1	0	0	10000	-1	13	0	F1	0	0	0	0	
ipbad02	Адреналиновый Допинг 	72053C	234	11000	13	0	0	24700	0	0	0	0	2470	1	1	1	1	263	1	0	0	-1	1	8000	0	10000	-1	4	0	F2	0	0	0	0	
ipcad02	Адреналиновый Допинг 	82053D	235	00110	13	0	0	24700	0	0	0	0	2470	1	1	1	1	264	1	0	0	-1	1	8000	0	10000	-1	4	0	F3	0	0	0	0	
ipaad02	Адреналиновый Восстановитель	42053E	236	00001	13	0	0	24700	0	0	0	0	2470	1	1	1	1	265	1	0	0	-1	1	8000	0	10000	-1	4	0	F4	0	0	0	0	
ipbde07	Допинг Протекции 	72053C	237	11000	13	0	0	16300	0	0	0	0	1630	1	1	1	1	266	1	0	0	-1	1	8000	0	10000	-1	4	0	F5	0	0	0	0	
ipbde08	Допинг Протекции 	82053D	238	00110	13	0	0	16300	0	0	0	0	1630	1	1	1	1	267	1	0	0	-1	1	8000	0	10000	-1	4	0	F6	0	0	0	0	
ipbde09	Восстановитель Протекции	42053E	239	00001	13	0	0	16300	0	0	0	0	1630	1	1	1	1	268	1	0	0	-1	1	8000	0	10000	-1	4	0	F7	0	0	0	0	
ipdrw01	Концентрированный Яд	A20503	240	11111	13	0	0	1	0	0	0	0	1	0	1	0	1	283	1	0	0	-1	45	6000	0	00110	-1	4	140	F8	1	60	0	0	
ipdrw02	Допинг Берсерка	A20504	241	11111	13	0	0	1	0	0	0	0	1	0	1	0	1	284	1	0	0	-1	1	10000	0	10000	-1	4	0	F9	0	0	0	0	
ipdrw03	Сеть Гремла Шипоголова	A20505	242	11111	13	0	0	1	0	0	0	0	1	0	1	0	1	285	1	0	0	-1	45	60000	0	00110	-1	4	140	FA	0	0	0	0	
ipncl01	Капсула Антирада	A20605	261	11111	13	0	0	250000	0	0	0	0	25000	1	1	1	1	286	1	0	0	-1	1	1000	0	10000	-1	14	0	FB	0	0	0	0	
ipacu01	Восстановитель Жизни 	42064A	66	1	13	0	0	2100	0	0	0	0	97	1	1	1	1	75	1	0	0	-1	1	4000	0	10000	-1	3	0	FC	0	0	0	0	
ipbfp09	Допинг FP+50	720118	25	11000	13	0	0	120	0	0	0	0	12	1	1	1	1	76	1	0	0	-1	1	1600	0	10000	-1	1	0	FD	0	0	0	0	
ipbfp10	Допинг FP+125	720119	26	11000	13	0	0	300	0	0	0	0	30	1	1	1	1	77	1	0	0	-1	1	1600	0	10000	-1	1	0	FE	0	0	0	0	
ipbfp11	Допинг FP+250	72011A	27	11000	13	0	0	660	0	0	0	0	66	1	1	1	1	78	1	0	0	-1	1	1600	0	10000	-1	1	0	FF	0	0	0	0	
ipbfp12	Допинг FP+500	72011B	28	11000	13	0	0	1500	0	0	0	0	150	1	1	1	1	79	1	0	0	-1	1	1800	0	10000	-1	1	0	100	0	0	0	0	
ipbfp13	Допинг FP+1000	72011C	29	11000	13	0	0	3600	0	0	0	0	360	1	1	1	1	80	1	0	0	-1	1	2200	0	10000	-1	1	0	101	0	0	0	0	
ipbfp14	Допинг FP+1500	72011D	30	11000	13	0	0	6750	0	0	0	0	675	1	1	1	1	81	1	0	0	-1	1	2500	0	10000	-1	1	0	102	0	0	0	0	
ipbfp15	Допинг FP+2000	72011E	31	11000	13	0	0	11700	0	0	0	0	1170	1	1	1	1	82	1	0	0	-1	1	4000	0	10000	-1	1	0	103	0	0	0	0	
ipbfp16	Допинг FP+2500	72011F	32	11000	13	0	0	19740	0	0	0	0	1974	1	1	1	1	83	1	0	0	-1	1	5000	0	10000	-1	1	0	104	0	0	0	0	
ipcfp09	Допинг FP+50	820120	33	00110	13	0	0	120	0	0	0	0	12	1	1	1	1	84	1	0	0	-1	1	1600	0	10000	-1	1	0	105	0	0	0	0	
ipcfp10	Допинг FP+125	820121	34	00110	13	0	0	300	0	0	0	0	30	1	1	1	1	85	1	0	0	-1	1	1600	0	10000	-1	1	0	106	0	0	0	0	
ipcfp11	Допинг FP+250	820122	35	00110	13	0	0	660	0	0	0	0	66	1	1	1	1	86	1	0	0	-1	1	1600	0	10000	-1	1	0	107	0	0	0	0	
ipcfp12	Допинг FP+500	820123	36	00110	13	0	0	1500	0	0	0	0	150	1	1	1	1	87	1	0	0	-1	1	1800	0	10000	-1	1	0	108	0	0	0	0	
ipcfp13	Допинг FP+1000	820124	37	00110	13	0	0	3600	0	0	0	0	360	1	1	1	1	88	1	0	0	-1	1	2200	0	10000	-1	1	0	109	0	0	0	0	
ipcfp14	Допинг FP+1500	820125	38	00110	13	0	0	6750	0	0	0	0	675	1	1	1	1	89	1	0	0	-1	1	2500	0	10000	-1	1	0	10A	0	0	0	0	
ipcfp15	Допинг FP+2000	820126	39	00110	13	0	0	11700	0	0	0	0	1170	1	1	1	1	90	1	0	0	-1	1	4000	0	10000	-1	1	0	10B	0	0	0	0	
ipcfp16	Допинг FP+2500	820127	40	00110	13	0	0	19740	0	0	0	0	1974	1	1	1	1	91	1	0	0	-1	1	5000	0	10000	-1	1	0	10C	0	0	0	0	
ipafp09	Допинг FP+50	420128	41	00001	13	0	0	120	0	0	0	0	12	1	1	1	1	92	1	0	0	-1	1	1600	0	10000	-1	1	0	10D	0	0	0	0	
ipafp10	Допинг FP+125	420129	42	00001	13	0	0	300	0	0	0	0	30	1	1	1	1	93	1	0	0	-1	1	1600	0	10000	-1	1	0	10E	0	0	0	0	
ipafp11	Допинг FP+250	42012A	43	00001	13	0	0	660	0	0	0	0	66	1	1	1	1	94	1	0	0	-1	1	1600	0	10000	-1	1	0	10F	0	0	0	0	
ipafp12	Допинг FP+500	42012B	44	00001	13	0	0	1500	0	0	0	0	150	1	1	1	1	95	1	0	0	-1	1	1800	0	10000	-1	1	0	110	0	0	0	0	
ipafp13	Допинг FP+1000	42012C	45	00001	13	0	0	3600	0	0	0	0	360	1	1	1	1	96	1	0	0	-1	1	2200	0	10000	-1	1	0	111	0	0	0	0	
ipafp14	Допинг FP+1500	42012D	46	00001	13	0	0	6750	0	0	0	0	675	1	1	1	1	97	1	0	0	-1	1	2500	0	10000	-1	1	0	112	0	0	0	0	
ipafp15	Допинг FP+2000	42012E	47	00001	13	0	0	11700	0	0	0	0	1170	1	1	1	1	98	1	0	0	-1	1	4000	0	10000	-1	1	0	113	0	0	0	0	
ipafp16	Допинг FP+2500	42012F	48	00001	13	0	0	19740	0	0	0	0	1974	1	1	1	1	99	1	0	0	-1	1	5000	0	10000	-1	1	0	114	0	0	0	0	
ipche01	Средство_изменения_имени_персонажа	A20068	265	11111	13	0	0	1	0	0	0	0	1	0	0	0	1	288	1	1	0	-1	1	0	0	10000	-1	15	0	115	0	0	0	0	
ipcal01	Допинг_Вызывания	A20503	263	11111	13	0	0	1	0	0	0	0	1000	1	1	0	1	289	1	1	0	-1	1	10000	0	01000	-1	16	-1	116	0	0	0	0	
ipwhp01	Допинг_Телепортации	A20503	264	11111	13	0	0	1	0	0	0	0	1000	1	1	0	1	290	1	1	0	-1	1	10000	0	01000	-1	17	-1	117	0	0	0	0	
ipexp01	Допинг 1 процента опыта	A20068	241	11111	13	0	0	1	0	0	0	0	1	0	0	0	0	291	1	1	1	-1	1	0	0	10000	-1	18	0	118	0	0	0	0	
ipexp02	Допинг 100 миллионов опыта	A20068	241	11111	13	0	0	1	0	0	0	0	1	0	0	0	1	292	1	1	0	-1	1	0	0	10000	-1	18	0	119	0	0	0	0	
ipgag01	Допинг показателя защиты	A20068	268	11111	13	0	0	250000	0	0	0	0	1000	1	1	1	1	293	1	0	0	-1	1	300000	1	10000	-1	12	0	11A	0	0	0	0	
iprun01	Руна Изгнания	A2012F	276	11111	13	0	0	800	0	0	0	0	10000	1	1	1	1	294	1	0	0	-1	1	600000	0	00100	-1	19	200	11B	0	0	0	0	
iprun02	Руна разрушения	A2012F	274	11111	13	0	0	12500	0	0	0	0	10000	1	1	1	1	295	1	0	0	-1	1	300000	0	10000	-1	19	200	11C	0	0	0	0	
iprun03	Руна Забвения	A2012F	280	11111	13	0	0	400	0	0	0	0	10000	1	1	1	1	296	1	0	0	-1	1	300000	0	00100	-1	19	200	11D	0	0	0	0	
iprun04	Руна Противодействия	A2012F	279	11111	13	0	0	400	0	0	0	0	10000	1	1	1	1	297	1	0	0	-1	1	300000	0	00100	-1	19	200	11E	0	0	0	0	
iprun05	Руна Тьмы	A2012F	273	11111	13	0	0	300	0	0	0	0	10000	1	1	1	1	298	1	0	0	-1	1	600000	0	00100	-1	19	200	11F	0	0	0	0	
iprun06	Руна Вампира	A2012F	278	11111	13	0	0	50000	0	0	0	0	10000	1	1	1	1	299	1	0	0	-1	1	300000	0	00100	-1	19	200	120	0	0	0	0	
iprun07	Руна Быстроты	A2012F	277	11111	13	0	0	12500	0	0	0	0	10000	1	1	1	1	300	1	0	0	-1	1	300000	0	10000	-1	19	0	121	0	0	0	0	
iprun08	Руна Спасения	A2012F	281	11111	13	0	0	75000	0	0	0	0	10000	1	1	1	1	301	1	0	0	-1	1	1800000	0	10000	-1	19	0	122	0	0	0	0	
iprun09	Руна Защиты	A2012F	275	11111	13	0	0	75000	0	0	0	0	10000	1	1	1	1	302	1	0	0	-1	1	300000	0	11000	-1	19	200	123	0	0	0	0	
ipgag02	Допинг показателя защиты 150	A20068	268	11111	13	0	0	500000	0	0	0	0	1000	1	1	1	1	303	1	0	0	-1	1	300000	1	10000	-1	12	0	124	0	0	0	0	
ipgag03	Допинг показателя защиты 100	A20068	268	11111	13	0	0	500000	0	0	0	0	1000	1	1	1	1	304	1	0	0	-1	1	300000	1	10000	-1	12	0	125	0	0	0	0	
ipgag04	Допинг показателя защиты 50	A20068	268	11111	13	0	0	500000	0	0	0	0	1000	1	1	1	1	305	1	0	0	-1	1	300000	1	10000	-1	12	0	126	0	0	0	0	
ipgag05	Допинг показателя защиты 40	A20068	268	11111	13	0	0	500000	0	0	0	0	1000	1	1	1	1	306	1	0	0	-1	1	300000	1	10000	-1	12	0	127	0	0	0	0	
ipgag06	Допинг показателя защиты 30	A20068	268	11111	13	0	0	500000	0	0	0	0	1000	1	1	1	1	307	1	0	0	-1	1	300000	1	10000	-1	12	0	128	0	0	0	0	
ipgag07	Допинг показателя защиты 20	A20068	268	11111	13	0	0	500000	0	0	0	0	1000	1	1	1	1	308	1	0	0	-1	1	300000	1	10000	-1	12	0	129	0	0	0	0	
ipgag08	Допинг показателя защиты 10	A20068	268	11111	13	0	0	500000	0	0	0	0	1000	1	1	1	1	309	1	0	0	-1	1	300000	1	10000	-1	12	0	12A	0	0	0	0	
ipftr01	Детектор Ловушек 5 сек.	A20201	282	11111	13	0	0	1	0	0	0	0	1000	1	1	1	1	310	1	0	0	-1	1	1000	0	10000	-1	4	0	12B	0	0	0	0	
ipftr02	Определитель Ловушек [1 мин.]	A20201	283	11111	13	0	0	1	0	0	0	0	1000	1	1	1	1	311	1	1	0	-1	1	1000	0	10000	-1	4	0	12C	0	0	0	0	
ipabc01	Кровь Эльфа	A20237	298	11111	13	0	0	1	0	0	0	0	3000	1	1	1	1	312	1	0	0	-1	1	10000	0	10000	-1	4	0	12D	0	0	0	0	
ipabc02	Слеза Эльфа	A20237	299	11111	13	0	0	1	0	0	0	0	3000	1	1	1	1	313	1	0	0	-1	1	10000	0	10000	-1	4	0	12E	0	0	0	0	
ipcsb01	Опыт +50% на 30 мин.	A2052F	286	11111	13	0	0	1000	0	0	0	0	1000	1	1	1	1	-1	1	1	0	-1	1	1000	0	10000	-1	20	0	12F	0	0	0	0	
ipcsb02	Опыт +100% на 1 час	A2052F	286	11111	13	0	0	1000	0	0	0	0	1000	1	1	1	1	-1	1	1	0	-1	1	1000	0	10000	-1	20	0	130	0	0	0	0	
ipcsb03	Увеличивает_PT_x1	A2052F	291	11111	13	0	0	1000	0	0	0	0	1000	1	1	1	1	314	1	1	0	-1	1	1000	0	10000	-1	21	0	131	0	0	0	0	
ipcsb04	Увеличивает_PT_x2	A2052F	292	11111	13	0	0	1000	0	0	0	0	1000	1	1	1	1	315	1	1	0	-1	1	1000	0	10000	-1	21	0	132	0	0	0	0	
ipcsb05	Увеличивает_PT_x3	A2052F	293	11111	13	0	0	1000	0	0	0	0	1000	1	1	1	1	316	1	1	0	-1	1	1000	0	10000	-1	21	0	133	0	0	0	0	
ipcsb06	Увеличение выпадения 50% на 30 мин.	A2052F	288	11111	13	0	0	1000	0	0	0	0	1000	1	1	1	1	-1	1	1	0	-1	1	1000	0	10000	-1	22	0	134	0	0	0	0	
ipcsb07	Увеличение выпадения 100% на 1 час	A2052F	288	11111	13	0	0	1000	0	0	0	0	1000	1	1	1	1	-1	1	1	0	-1	1	1000	0	10000	-1	22	0	135	0	0	0	0	
ipcsb08	Увеличивает добычу руды х2 на 30 мин.	A2052F	289	11111	13	0	0	1000	0	0	0	0	1000	1	1	1	1	322	1	1	0	-1	1	1000	0	10000	-1	23	0	136	0	0	0	0	
ipcsb09	Увеличивает добычу руды х4 на 30 мин.	A2052F	289	11111	13	0	0	1000	0	0	0	0	1000	1	1	1	1	323	1	1	0	-1	1	1000	0	10000	-1	23	0	137	0	0	0	0	
ipgag09	Зелье_восстанавливающее_доп._защиту	A20068	295	11111	13	0	0	1000	0	0	0	0	1000	1	1	1	1	317	1	1	0	-1	1	300000	0	10000	-1	12	0	138	0	0	0	0	
ipcsa74	Зелье_возрождения	A20068	294	11111	13	0	0	1	0	0	0	0	1	0	0	0	1	318	1	1	0	-1	1	0	3	10000	-1	24	0	139	0	0	0	0	
ipdou01	Зелье_расширения_слота_положительного_умения	A20101	289	11111	13	0	0	1	0	0	0	0	1	0	0	0	1	319	1	1	0	-1	1	0	0	10000	-1	25	0	13A	0	0	0	0	
ipexp03	Малое Зелье Опыта	A20068	241	11111	13	0	0	1	0	0	0	0	1	0	0	0	1	321	1	1	1	-1	1	0	0	10000	-1	18	0	13B	0	0	0	0	
ipqsa01	Блюдо из ножек Королевы Крук	A2052F	300	11111	13	0	0	30000	0	0	0	0	1	0	1	0	1	324	1	0	0	-1	1	300000	0	10000	-1	12	0	13C	0	0	0	0	
ipqsa07	Кристал Наяла	A2052F	306	11111	13	0	0	1	0	0	0	0	1	0	1	0	1	325	1	0	0	-1	1	300000	0	10000	-1	12	0	13D	0	0	0	0	
ipqsa08	Зелье Железного Человека	A2052F	307	11111	13	0	0	1	0	0	0	0	1	0	1	0	0	326	1	0	0	-1	1	300000	0	10000	-1	12	0	13E	0	0	0	0	
ipqsa09	Создатель Кровопийц	A2052F	308	11111	13	0	0	1	0	0	0	0	1	0	1	0	0	327	1	0	0	-1	1	300000	0	00100	-1	12	0	13F	0	0	0	0	
ipqsa10	Зелье Опыта	A2052F	309	11111	13	0	0	1	0	0	0	0	1	0	1	0	0	328	1	0	1	-1	1	420000	0	10000	-1	12	0	140	0	0	0	0	
ipevn01	Шоколад_[Предмет_Дня_Св._Валентина	A2053F	313	11111	13	0	0	1	0	0	0	0	1	1	1	1	0	329	1	1	0	-1	1	1000	0	10000	-1	12	0	141	0	0	0	0	
ipevn02	Букет_любимой_[Предмет_Дня_Св._Валентина	A2054F	314	11111	13	0	0	1	0	0	0	0	1	1	1	1	0	330	1	1	0	-1	1	1000	0	10000	-1	12	0	142	0	0	0	0	
ipevn03	Зелье_увеличивающее_скорость_передвижения	A2055F	315	11111	13	0	0	1	0	0	0	0	1	1	1	1	0	331	1	1	0	-1	1	1000	0	10000	-1	12	0	143	0	0	0	0	
ipevn04	Конфеты_[Предмет_Белого_Дня	A2056F	316	11111	13	0	0	1	0	0	0	0	1	1	1	1	0	332	1	1	0	-1	1	1000	0	10000	-1	12	0	144	0	0	0	0	
ipbpc01	Премиум Микстура Защиты	72053C	335	11000	13	0	0	0	0	0	0	0	0	0	0	0	0	333	1	0	0	-1	1	10000	0	10000	-1	4	0	145	0	0	0	0	
ipcpc01	Премиум Зелье Защиты	82053D	336	00110	13	0	0	0	0	0	0	0	0	0	0	0	0	337	1	0	0	-1	1	10000	0	10000	-1	4	0	146	0	0	0	0	
ipapc01	Премиум Программатор Взрыва	42053E	337	00001	13	0	0	0	0	0	0	0	0	0	0	0	0	341	1	0	0	-1	1	10000	0	10000	-1	4	0	147	0	0	0	0	
ipbpc02	Премиум Микстура Защиты	72053C	338	11000	13	0	0	0	0	0	0	0	0	0	0	0	0	334	1	0	0	-1	1	10000	0	10000	-1	4	0	148	0	0	0	0	
ipcpc02	Премиум Зелье Защиты	82053D	339	00110	13	0	0	0	0	0	0	0	0	0	0	0	0	338	1	0	0	-1	1	10000	0	10000	-1	4	0	149	0	0	0	0	
ipapc02	Премиум Программатор Защиты	42053E	340	00001	13	0	0	0	0	0	0	0	0	0	0	0	0	342	1	0	0	-1	1	10000	0	10000	-1	4	0	14A	0	0	0	0	
ipbpc03	Премиум Микстура Крита	72053C	341	11000	13	0	0	0	0	0	0	0	0	0	0	0	0	335	1	0	0	-1	1	10000	0	10000	-1	4	0	14B	0	0	0	0	
ipcpc03	Премиум Зелье Крита	82053D	342	00110	13	0	0	0	0	0	0	0	0	0	0	0	0	339	1	0	0	-1	1	10000	0	10000	-1	4	0	14C	0	0	0	0	
ipapc03	Премиум Программатор Крита	42053E	343	00001	13	0	0	0	0	0	0	0	0	0	0	0	0	343	1	0	0	-1	1	10000	0	10000	-1	4	0	14D	0	0	0	0	
ipbpc04	Премиум Микстура Ловкости	72053C	344	11000	13	0	0	0	0	0	0	0	0	0	0	0	0	336	1	0	0	-1	1	10000	0	10000	-1	4	0	14E	0	0	0	0	
ipcpc04	Премиум Зелье Ловкости	82053D	345	00110	13	0	0	0	0	0	0	0	0	0	0	0	0	340	1	0	0	-1	1	10000	0	10000	-1	4	0	14F	0	0	0	0	
ipapc04	Премиум Восстановитель Ловкости	42053E	346	00001	13	0	0	0	0	0	0	0	0	0	0	0	0	344	1	0	0	-1	1	10000	0	10000	-1	4	0	150	0	0	0	0	
ipbpc05	Премиум Целебная Микстура HP+2000	720004	326	11000	13	0	0	0	0	0	0	0	0	0	1	0	0	345	1	0	0	-1	1	2500	0	10000	-1	0	0	151	0	0	0	0	
ipbpc06	Премиум Целебная Микстура HP+3000	720005	327	11000	13	0	0	0	0	0	0	0	0	0	1	0	0	346	1	0	0	-1	1	2500	0	10000	-1	0	0	152	0	0	0	0	
ipbpc07	Премиум Целебная Микстура HP+4000	720006	328	11000	13	0	0	0	0	0	0	0	0	0	1	0	0	347	1	0	0	-1	1	2500	0	10000	-1	0	0	153	0	0	0	0	
ipcpc05	Священное Зелье HP+2000	82000C	329	00110	13	0	0	0	0	0	0	0	0	0	1	0	0	348	1	0	0	-1	1	2500	0	10000	-1	0	0	154	0	0	0	0	
ipcpc06	Священное Зелье HP+3000	82000D	330	00110	13	0	0	0	0	0	0	0	0	0	1	0	0	349	1	0	0	-1	1	2500	0	10000	-1	0	0	155	0	0	0	0	
ipcpc07	Священное Зелье HP+4000	82000E	331	00110	13	0	0	0	0	0	0	0	0	0	1	0	0	350	1	0	0	-1	1	2500	0	10000	-1	0	0	156	0	0	0	0	
ipapc05	Премиум Восстановитель HP+2000	420014	332	00001	13	0	0	0	0	0	0	0	0	0	1	0	0	351	1	0	0	-1	1	2500	0	10000	-1	0	0	157	0	0	0	0	
ipapc06	Премиум Восстановитель HP+3000	420015	333	00001	13	0	0	0	0	0	0	0	0	0	1	0	0	352	1	0	0	-1	1	2500	0	10000	-1	0	0	158	0	0	0	0	
ipapc07	Премиум Восстановитель HP+4000	420016	334	00001	13	0	0	0	0	0	0	0	0	0	1	0	0	353	1	0	0	-1	1	2500	0	10000	-1	0	0	159	0	0	0	0	
ipsav01	Увеличивающая_Капсула_Склада	A20505	353	11111	13	0	0	0	0	0	0	0	0	1	1	0	0	354	1	1	0	-1	1	1000	0	10000	-1	26	0	15A	0	0	0	0	
ipcsa94	Благославленное_Зелье_Восстановления_1_ур.	A2056F	347	11111	13	0	0	1	0	0	0	0	1	1	1	0	1	355	1	1	0	-1	1	1000	0	10000	-1	27	0	15B	0	0	0	0	
ipcsa95	Благославленное_Зелье_Восстановления_1_ур.	A2056F	348	11111	13	0	0	1	0	0	0	0	1	1	1	0	1	356	1	1	0	-1	1	1000	0	10000	-1	27	0	15C	0	0	0	0	
ipcsa96	Благославленное_Зелье_Восстановления_1_ур.	A2056F	349	11111	13	0	0	1	0	0	0	0	1	1	1	0	1	357	1	1	0	-1	1	1000	0	10000	-1	27	0	15D	0	0	0	0	
ipcsa97	Благославленное_Зелье_Сопротивления_1_ур.	A2056F	350	11111	13	0	0	1	0	0	0	0	1	1	1	0	1	358	1	1	0	-1	1	1000	0	10000	-1	27	0	15E	0	0	0	0	
ipcsa98	Благославленное_Зелье_Сопротивления_2_ур.	A2056F	351	11111	13	0	0	1	0	0	0	0	1	1	1	0	1	359	1	1	0	-1	1	1000	0	10000	-1	27	0	15F	0	0	0	0	
ipcsa99	Благославленное_Зелье_Сопротивления_3_ур.	A2056F	352	11111	13	0	0	1	0	0	0	0	1	1	1	0	1	360	1	1	0	-1	1	1000	0	10000	-1	27	0	160	0	0	0	0	
ipbhp09	Целебная Микстура HP+4000 [Специальная  	720006	7	11000	13	0	0	6000	0	0	0	0	525	1	1	1	1	361	1	0	0	-1	1	2500	0	10000	-1	0	0	161	0	0	0	0	
ipbhp11	Целебная Микстура HP+5000 [Специальная  	720007	8	11000	13	0	0	12000	0	0	0	0	1126	1	1	1	1	362	1	0	0	-1	1	2500	0	10000	-1	0	0	162	0	0	0	0	
ipchp09	Священное Зелье HP+4000 [Специальная  	82000E	15	00110	13	0	0	6000	0	0	0	0	525	1	1	1	1	363	1	0	0	-1	1	2500	0	10000	-1	0	0	163	0	0	0	0	
ipchp11	Священное Зелье HP+5000 [Специальная  	82000F	16	00110	13	0	0	12000	0	0	0	0	1126	1	1	1	1	364	1	0	0	-1	1	2500	0	10000	-1	0	0	164	0	0	0	0	
ipahp09	Восстановитель HP+4000 [Специальная  	420016	23	00001	13	0	0	6000	0	0	0	0	525	1	1	1	1	365	1	0	0	-1	1	2500	0	10000	-1	0	0	165	0	0	0	0	
ipahp11	Восстановитель HP+5000 [Специальная  	420017	24	00001	13	0	0	12000	0	0	0	0	1126	1	1	1	1	366	1	0	0	-1	1	2500	0	10000	-1	0	0	166	0	0	0	0	
ipexp04	Мекстура Опыта 7%	A20068	241	11111	13	0	0	1	0	0	0	0	1	0	0	0	0	367	1	0	1	-1	1	0	0	10000	-1	18	0	167	0	0	0	0	
ipexp05	Маленькая Мекстура Увеличения Опыта	A20068	241	11111	13	0	0	1	0	0	0	0	1	0	0	0	0	368	1	0	1	-1	1	420000	0	10000	-1	18	0	168	0	0	0	0	
ipqsa11	Капсула ДНК [Мечта 	A20570	268	11111	13	0	0	1	0	0	0	0	1	0	1	0	0	369	1	0	0	-1	1	10000	0	10000	-1	4	0	169	0	0	0	0	
ipqsa12	Капсула ДНК [Защита 	A20570	268	11111	13	0	0	1	0	0	0	0	1	0	1	0	0	370	1	0	0	-1	1	10000	0	10000	-1	4	0	16A	0	0	0	0	
ipqsa13	Капсула ДНК [Стальная Броня 	A20570	268	11111	13	0	0	1	0	0	0	0	1	0	1	0	0	371	1	0	0	-1	1	10000	0	10000	-1	4	0	16B	0	0	0	0	
ipqsa14	Капсула ДНК [Ветер 	A20570	268	11111	13	0	0	1	0	0	0	0	1	0	1	0	0	372	1	0	0	-1	1	10000	0	10000	-1	4	0	16C	0	0	0	0	
ipqsa15	Капсула ДНК [Двойная Мощьность 	A20570	268	11111	13	0	0	1	0	0	0	0	1	0	1	0	0	373	1	0	0	-1	1	10000	0	10000	-1	4	0	16D	0	0	0	0	
ipqsa16	Капсула ДНК [Смещение 	A20570	268	11111	13	0	0	1	0	0	0	0	1	0	1	0	0	374	1	0	0	-1	1	10000	0	10000	-1	4	0	16E	0	0	0	0	
ipqsa17	Капсула ДНК [Чуство 	A20570	268	11111	13	0	0	1	0	0	0	0	1	0	1	0	0	375	1	0	0	-1	1	10000	0	10000	-1	4	0	16F	0	0	0	0	
ipqsa18	Капсула ДНК [Скрытность 	A20570	268	11111	13	0	0	1	0	0	0	0	1	0	1	0	0	376	1	0	0	-1	1	10000	0	10000	-1	4	0	170	0	0	0	0	
ipqsa19	Капсула ДНК [Скорость Света 	A20570	268	11111	13	0	0	1	0	0	0	0	1	0	1	0	0	377	1	0	0	-1	1	10000	0	10000	-1	4	0	171	0	0	0	0	
ipqsa20	Капсула ДНК [Молчание 	A20570	268	11111	13	0	0	1	0	0	0	0	1	0	1	0	0	378	1	0	0	-1	1	10000	0	10000	-1	4	0	172	0	0	0	0	
ipqsa21	Мекстура Увеличения Обьемного Взрыва	72053C	192	11000	13	0	0	1	0	0	0	0	1	0	1	0	1	379	1	0	0	40	1	10000	0	10000	-1	12	0	173	0	0	0	0	
ipqsa22	Мекстура Увеличения Обьемного Взрыва	82053D	193	00110	13	0	0	1	0	0	0	0	1	0	1	0	1	380	1	0	0	40	1	10000	0	10000	-1	12	0	174	0	0	0	0	
ipqsa23	Наступательная Мекстура Защиты	42053E	194	00001	13	0	0	1	0	0	0	0	1	0	1	0	1	381	1	0	0	40	1	10000	0	10000	-1	12	0	175	0	0	0	0	
ipqsa24	Мекстура Опыта 5%	A20068	241	11111	13	0	0	1	0	0	0	0	1	0	0	0	0	382	1	0	1	-1	1	420000	0	10000	-1	18	0	176	0	0	0	0	
ipevn05	Жареный Каштан	A2053F	382	11111	13	0	0	1	0	0	0	0	1	1	1	1	0	383	1	1	0	-1	1	10000	0	10000	-1	4	0	177	0	0	0	0	
ipevn06	Жареный_Сладкий_Картофель	A2054F	383	11111	13	0	0	1	0	0	0	0	1	1	1	1	0	384	1	1	0	-1	1	10000	0	10000	-1	4	0	178	0	0	0	0	
ipevn07	Горячий_Шоколад	A2056F	381	11111	13	0	0	1	0	0	0	0	1	1	1	1	0	385	1	1	0	-1	1	10000	0	10000	-1	4	0	179	0	0	0	0	
ipftr03	Устройство Обнаружения Ловушек 30 сек	A20201	282	11111	13	0	0	1	0	0	0	0	1	1	1	1	1	386	1	1	0	-1	1	1000	0	10000	-1	4	0	17A	0	0	0	0	
ipgld01	Золотая Капсула+1	A2056F	385	11111	13	0	0	1	0	0	0	0	1	1	1	0	0	391	1	0	0	-1	1	0	0	10000	-1	28	0	17B	0	0	0	0	
ipgld02	Золотая Капсула+2	A2056F	386	11111	13	0	0	1	0	0	0	0	1	1	1	0	0	392	1	0	0	-1	1	0	0	10000	-1	28	0	17C	0	0	0	0	
ipgld03	Золотая Капсула+3	A2056F	387	11111	13	0	0	1	0	0	0	0	1	1	1	0	0	393	1	0	0	-1	1	0	0	10000	-1	28	0	17D	0	0	0	0	
ipgld04	Золотая Капсула+4	A2056F	388	11111	13	0	0	1	0	0	0	0	1	1	1	0	0	394	1	0	0	-1	1	0	0	10000	-1	28	0	17E	0	0	0	0	
ipgld05	Золотая Капсула+5	A2056F	389	11111	13	0	0	1	0	0	0	0	1	1	1	0	0	395	1	0	0	-1	1	0	0	10000	-1	28	0	17F	0	0	0	0	
ipgld06	Золотая Капсула+6	A2056F	390	11111	13	0	0	1	0	0	0	0	1	1	1	0	0	396	1	0	0	-1	1	0	0	10000	-1	28	0	180	0	0	0	0	
ipgld07	Золотая Капсула+7	A2056F	391	11111	13	0	0	1	0	0	0	0	1	1	1	0	0	397	1	0	0	-1	1	0	0	10000	-1	28	0	181	0	0	0	0	
ipgld08	Золотая Капсула+8	A2056F	392	11111	13	0	0	1	0	0	0	0	1	1	1	0	0	398	1	0	0	-1	1	0	0	10000	-1	28	0	182	0	0	0	0	
ipgld09	Золотая Капсула+9	A2056F	393	11111	13	0	0	1	0	0	0	0	1	1	1	0	0	399	1	0	0	-1	1	0	0	10000	-1	28	0	183	0	0	0	0	
ipgld10	Золотая Капсула+10	A2056F	394	11111	13	0	0	1	0	0	0	0	1	1	1	0	0	400	1	0	0	-1	1	0	0	10000	-1	28	0	184	0	0	0	0	
ipgld11	Золотая Капсула+11	A2056F	395	11111	13	0	0	1	0	0	0	0	1	1	1	0	0	401	1	0	0	-1	1	0	0	10000	-1	28	0	185	0	0	0	0	
ipgld12	Золотая Капсула+12	A2056F	396	11111	13	0	0	1	0	0	0	0	1	1	1	0	0	402	1	0	0	-1	1	0	0	10000	-1	28	0	186	0	0	0	0	
ipgld13	Золотая Капсула+13	A2056F	397	11111	13	0	0	1	0	0	0	0	1	1	1	0	0	403	1	0	0	-1	1	0	0	10000	-1	28	0	187	0	0	0	0	
ipgld14	Золотая Капсула+14	A2056F	398	11111	13	0	0	1	0	0	0	0	1	1	1	0	0	404	1	0	0	-1	1	0	0	10000	-1	28	0	188	0	0	0	0	
ipgld15	Золотая Капсула+15	A2056F	399	11111	13	0	0	1	0	0	0	0	1	1	1	0	0	405	1	0	0	-1	1	0	0	10000	-1	28	0	189	0	0	0	0	
ipgld16	Золотая Капсула+16	A2056F	400	11111	13	0	0	1	0	0	0	0	1	1	1	0	0	406	1	0	0	-1	1	0	0	10000	-1	28	0	18A	0	0	0	0	
ipgld17	Золотая Капсула+17	A2056F	401	11111	13	0	0	1	0	0	0	0	1	1	1	0	0	407	1	0	0	-1	1	0	0	10000	-1	28	0	18B	0	0	0	0	
ipgld18	Золотая Капсула+18	A2056F	402	11111	13	0	0	1	0	0	0	0	1	1	1	0	0	408	1	0	0	-1	1	0	0	10000	-1	28	0	18C	0	0	0	0	
ipgld19	Золотая Капсула+19	A2056F	403	11111	13	0	0	1	0	0	0	0	1	1	1	0	0	409	1	0	0	-1	1	0	0	10000	-1	28	0	18D	0	0	0	0	
ipgld20	Золотая Капсула+21	A2056F	405	11111	13	0	0	1	0	0	0	0	1	1	1	0	0	410	1	0	0	-1	1	0	0	10000	-1	28	0	18E	0	0	0	0	
ipgld21	Золотая Капсула+22	A2056F	406	11111	13	0	0	1	0	0	0	0	1	1	1	0	0	411	1	0	0	-1	1	0	0	10000	-1	28	0	18F	0	0	0	0	
ipgld22	Золотая Капсула+23	A2056F	407	11111	13	0	0	1	0	0	0	0	1	1	1	0	0	412	1	0	0	-1	1	0	0	10000	-1	28	0	190	0	0	0	0	
ipgld23	Золотая Капсула+24	A2056F	408	11111	13	0	0	1	0	0	0	0	1	1	1	0	0	413	1	0	0	-1	1	0	0	10000	-1	28	0	191	0	0	0	0	
ipgld24	Золотая Капсула+25	A2056F	409	11111	13	0	0	1	0	0	0	0	1	1	1	0	0	414	1	0	0	-1	1	0	0	10000	-1	28	0	192	0	0	0	0	
ipgld25	Золотая Капсула+26	A2056F	410	11111	13	0	0	1	0	0	0	0	1	1	1	0	0	415	1	0	0	-1	1	0	0	10000	-1	28	0	193	0	0	0	0	
ipgld26	Золотая Капсула+27	A2056F	411	11111	13	0	0	1	0	0	0	0	1	1	1	0	0	416	1	0	0	-1	1	0	0	10000	-1	28	0	194	0	0	0	0	
ipgld27	Золотая Капсула+28	A2056F	412	11111	13	0	0	1	0	0	0	0	1	1	1	0	0	417	1	0	0	-1	1	0	0	10000	-1	28	0	195	0	0	0	0	
ipgld28	Золотая Капсула+29	A2056F	413	11111	13	0	0	1	0	0	0	0	1	1	1	0	0	418	1	0	0	-1	1	0	0	10000	-1	28	0	196	0	0	0	0	
ipgld29	Золотая Капсула+3000	A2056F	415	11111	13	0	0	1	0	0	0	0	1	1	1	0	0	419	1	0	0	-1	1	0	0	10000	-1	28	0	197	0	0	0	0	
ipgld30	Золотая Капсула+4000	A2056F	416	11111	13	0	0	1	0	0	0	0	1	1	1	0	0	420	1	0	0	-1	1	0	0	10000	-1	28	0	198	0	0	0	0	
ipgld31	Золотая Капсула+4500	A2056F	425	11111	13	0	0	1	0	0	0	0	1	1	1	0	0	421	1	0	0	-1	1	0	0	10000	-1	28	0	199	0	0	0	0	
ipgld32	Золотая Капсула+5000	A2056F	417	11111	13	0	0	1	0	0	0	0	1	1	1	0	0	422	1	0	0	-1	1	0	0	10000	-1	28	0	19A	0	0	0	0	
ipgld33	Золотая Капсула+5500	A2056F	426	11111	13	0	0	1	0	0	0	0	1	1	1	0	0	423	1	0	0	-1	1	0	0	10000	-1	28	0	19B	0	0	0	0	
ipgld34	Золотая Капсула+6000	A2056F	418	11111	13	0	0	1	0	0	0	0	1	1	1	0	0	424	1	0	0	-1	1	0	0	10000	-1	28	0	19C	0	0	0	0	
ipgld35	Золотая Капсула+6500	A2056F	419	11111	13	0	0	1	0	0	0	0	1	1	1	0	0	425	1	0	0	-1	1	0	0	10000	-1	28	0	19D	0	0	0	0	
ipgld36	Золотая Капсула+7000	A2056F	420	11111	13	0	0	1	0	0	0	0	1	1	1	0	0	426	1	0	0	-1	1	0	0	10000	-1	28	0	19E	0	0	0	0	
ipgld37	Золотая Капсула+7500	A2056F	427	11111	13	0	0	1	0	0	0	0	1	1	1	0	0	427	1	0	0	-1	1	0	0	10000	-1	28	0	19F	0	0	0	0	
ipgld38	Золотая Капсула+10000	A2056F	428	11111	13	0	0	1	0	0	0	0	1	1	1	0	0	428	1	0	0	-1	1	0	0	10000	-1	28	0	201	0	0	0	0	
ipgld39	Золотая Капсула+12500	A2056F	429	11111	13	0	0	1	0	0	0	0	1	1	1	0	0	429	1	0	0	-1	1	0	0	10000	-1	28	0	202	0	0	0	0	
ipgld40	Золотая Капсула+15000	A2056F	430	11111	13	0	0	1	0	0	0	0	1	1	1	0	0	430	1	0	0	-1	1	0	0	10000	-1	28	0	203	0	0	0	0	
ipgld41	Золотая Капсула+17500	A2056F	431	11111	13	0	0	1	0	0	0	0	1	1	1	0	0	431	1	0	0	-1	1	0	0	10000	-1	28	0	204	0	0	0	0	
ipgld42	Золотая Капсула+20000	A2056F	432	11111	13	0	0	1	0	0	0	0	1	1	1	0	0	432	1	0	0	-1	1	0	0	10000	-1	28	0	205	0	0	0	0	
ipgld43	Золотая Капсула+30000	A2056F	433	11111	13	0	0	1	0	0	0	0	1	1	1	0	0	433	1	0	0	-1	1	0	0	10000	-1	28	0	206	0	0	0	0	
ipmas01	Зелье Снятия Ограничений на Мастерство ближнего боя	A2056F	352	11111	13	0	0	0	0	0	0	0	1	1	1	1	1	-1	1	0	0	-1	56	0	0	10000	-1	32	0	21E	0	0	0	0	
ipmas02	Зелье Снятия Ограничений на Мастерство дальнего боя	A2056F	352	11111	13	0	0	0	0	0	0	0	1	1	1	1	1	-1	1	0	0	-1	56	0	0	10000	-1	32	0	21F	0	0	0	0	
ipmas03	Зелье Снятия Ограничений на Мастерство защиты	A2056F	352	11111	13	0	0	0	0	0	0	0	1	1	1	1	1	-1	1	0	0	-1	56	0	0	10000	-1	32	0	220	0	0	0	0	
ipmas04	Зелье Снятия Ограничений на Мастерство силы	A2056F	352	11111	13	0	0	0	0	0	0	0	1	1	1	1	1	-1	1	0	0	-1	56	0	0	10000	-1	32	0	221	0	0	0	0	
ipmas05	Зелье Снятия Ограничений на Мастерство щита	A2056F	352	11111	13	0	0	0	0	0	0	0	1	1	1	1	1	-1	1	0	0	-1	56	0	0	10000	-1	32	0	222	0	0	0	0	
ipmas06	Зелье Снятия Ограничений на Мастерство расовой специализации	A2056F	352	11111	13	0	0	0	0	0	0	0	1	1	1	1	1	-1	1	0	0	-1	56	0	0	10000	-1	32	0	223	0	0	0	0	
ipmas07	Зелье Снятия Ограничений на все Мастерство	A2056F	352	11111	13	0	0	0	0	0	0	0	1	1	1	1	1	-1	1	0	0	-1	56	0	0	10000	-1	32	0	224	0	0	0	0	
ipcsb10	Большая_Микстура_Критической_Атаки_	72053C	156	11000	13	0	0	1	0	0	0	0	1	0	1	0	0	434	1	1	0	-1	1	10000	0	10000	-1	4	0	225	0	0	0	0	
ipcsb11	Большое_Зелье_Критической_Атаки_	82053D	157	00110	13	0	0	1	0	0	0	0	1	0	1	0	0	435	1	1	0	-1	1	10000	0	10000	-1	4	0	226	0	0	0	0	
ipcsb12	Большой_Восстановитель_Критической_Атаки_	42053E	158	00001	13	0	0	1	0	0	0	0	1	0	1	0	0	436	1	1	0	-1	1	10000	0	10000	-1	4	0	227	0	0	0	0	
ipcsb13	Большая_Микстура_Ловкости_	72053C	168	11000	13	0	0	1	0	0	0	0	1	0	1	0	0	437	1	1	0	-1	1	10000	0	10000	-1	4	0	228	0	0	0	0	
ipcsb14	Большое_Зелье_Ловкости_	82053D	169	00110	13	0	0	1	0	0	0	0	1	0	1	0	0	438	1	1	0	-1	1	10000	0	10000	-1	4	0	229	0	0	0	0	
ipcsb15	Большой_Восстановитель_Ловкости_	42053E	170	00001	13	0	0	1	0	0	0	0	1	0	1	0	0	439	1	1	0	-1	1	10000	0	10000	-1	4	0	22A	0	0	0	0	
ipcal02	Зелье_Неуязвимого_Призыва	A20503	446	11111	13	0	0	1	0	0	0	0	1000	1	1	0	1	440	1	1	0	-1	1	10000	0	01000	-1	33	-1	22B	0	0	0	0	
ipwhp02	Зелье_Неуязвимой_Телепортации	A20503	447	11111	13	0	0	1	0	0	0	0	1000	1	1	0	1	441	1	1	0	-1	1	10000	0	01000	-1	34	-1	22C	0	0	0	0	
ipcsb16	Микстура_Невидимости_	72053C	448	11000	13	0	0	1	0	0	0	0	1	1	1	1	1	442	1	1	0	-1	1	10000	0	10000	-1	35	0	22D	0	0	0	0	
ipcsb17	Зелье_Невидимости_	82053D	448	00110	13	0	0	1	0	0	0	0	1	1	1	1	1	443	1	1	0	-1	1	10000	0	10000	-1	35	0	22E	0	0	0	0	
ipcsb18	Восстановитель_Невидимости_	42053E	448	00001	13	0	0	1	0	0	0	0	1	1	1	1	1	444	1	1	0	-1	1	10000	0	10000	-1	35	0	22F	0	0	0	0	
ipcsb19	Зелье_Быстрого_Возрождения	A20068	449	11111	13	0	0	1	0	0	0	0	1	0	0	0	1	445	1	1	0	-1	1	0	3	10000	-1	24	0	230	0	0	0	0	
ipgld44	Золотая Капсула+1000	A2056F	450	11111	13	0	0	1	0	0	0	0	1	0	1	0	0	446	1	0	0	-1	1	0	0	10000	-1	28	0	231	0	0	0	0	
ipsup01	Зелье Телепортации Неуязвимости	A2012F	447	11111	13	0	0	1	0	0	0	0	1	1	1	1	1	447	1	1	0	-1	1	300000	0	11000	-1	19	200	232	0	0	0	0	
ipcal03	Зелье_Боевого_Призыва	A20503	455	11111	13	0	0	1	0	0	0	0	1000	1	1	0	1	448	1	1	0	-1	1	10000	0	01000	-1	16	-1	233	0	0	0	0	
ipwhp03	Зелье_Боевой_Телепортации	A20503	456	11111	13	0	0	1	0	0	0	0	1000	1	1	0	1	449	1	1	0	-1	1	10000	0	01000	-1	17	-1	234	0	0	0	0	
ipwed01	Обручальное Кольцо	A20503	457	11111	13	0	0	1	0	0	0	0	1	0	0	0	0	450	1	1	0	-1	1	360000	0	10000	-1	38	-1	235	0	0	0	0	
ipfhp01	Зелье_Ярости	A2012F	458	11111	13	0	0	1	0	0	0	0	1000	0	1	0	0	451	1	1	0	-1	1	2500	0	10000	-1	36	-1	236	0	0	0	0	
ipcur01	Зелье_Противоядия	A2012F	459	11111	13	0	0	1	0	0	0	0	1000	0	1	0	0	452	1	1	0	-1	1	5000	0	10000	-1	37	-1	237	0	0	0	0	
