string[64]	dword	string[64]	dword	string[64]	dword	dword	string[64]	string[64]	dword	dword	string[64]	float	dword	dword	dword	dword	dword	dword	dword	dword	dword	dword	dword	dword	dword	dword	dword	dword	dword	dword	float	string[64]	dword	dword	dword	dword	dword	dword	dword	dword	string[64]	dword	dword	dword	END
Code	IsExist	Model	IconID	Name	KindClt	FixPart	Civil	ActTarget	PotionCheck	UseState	TargetEff	ActDelay	DelayType	UseRange	LevelLim	UpLevelLim	PotionLim	MapCode1	MapCode2	MapCode3	MapCode4	MapCode5	Money	StdPrice	StdPoint	GoldPoint	KillPoint	ProcPoint	StorePrice	IsAbr	EquipSpeed	EffCode	EffArea	EffAreaVal	IsSell	IsExchange	IsGround	IsStore	IsNormAcc	IsUpgrade	ToolTip	IsCash	UsePCCash	IsTime	
ipbhp01	1	720000	1	Целебная Микстура HP+100	200	250	11000	10000	-1	0	-1	1600	0	0	1	-1	-1	-1	-1	-1	-1	-1	0	40	0	0	0	0	4	1	1	1	0	0	1	1	1	1	1	0	tipbhp01	0	0	0	
ipbhp02	1	720001	2	Целебная Микстура HP+250	200	250	11000	10000	-1	0	-1	1600	0	0	1	-1	-1	-1	-1	-1	-1	-1	0	100	0	0	0	0	10	1	1	2	0	0	1	1	1	1	1	0	tipbhp02	0	0	0	
ipbhp03	1	720002	3	Целебная Микстура HP+500	200	250	11000	10000	-1	0	-1	1600	0	0	1	-1	-1	-1	-1	-1	-1	-1	0	220	0	0	0	0	22	1	1	3	0	0	1	1	1	1	1	0	tipbhp03	0	0	0	
ipbhp04	1	720003	4	Целебная Микстура HP+1000	200	250	11000	10000	-1	0	-1	1800	0	0	1	-1	-1	-1	-1	-1	-1	-1	0	500	0	0	0	0	50	1	1	4	0	0	1	1	1	1	1	0	tipbhp04	0	0	0	
ipbhp05	1	720004	5	Целебная Микстура HP+2000	200	250	11000	10000	-1	0	-1	2200	0	0	1	-1	-1	-1	-1	-1	-1	-1	0	1200	0	0	0	0	120	1	1	5	0	0	1	1	1	1	1	0	tipbhp05	0	0	0	
ipbhp06	1	720005	6	Целебная Микстура HP+3000	200	250	11000	10000	-1	0	-1	2500	0	0	1	-1	-1	-1	-1	-1	-1	-1	0	2250	0	0	0	0	225	1	1	6	0	0	1	1	1	1	1	0	tipbhp06	0	0	0	
ipbhp07	1	720006	7	Целебная Микстура HP+4000	200	250	11000	10000	-1	0	-1	2500	0	0	1	-1	-1	-1	-1	-1	-1	-1	0	5250	0	0	0	0	525	1	1	7	0	0	1	1	1	1	1	0	tipbhp07	0	0	0	
ipbhp08	1	720007	8	Целебная Микстура HP+5000	200	250	11000	10000	-1	0	-1	2500	0	0	1	-1	-1	-1	-1	-1	-1	-1	0	11257	0	0	0	0	1126	1	1	8	0	0	1	1	1	1	1	0	tipbhp08	0	0	0	
ipchp01	1	820008	9	Священное Зелье HP+100	200	250	00110	10000	-1	0	-1	1600	0	0	1	-1	-1	-1	-1	-1	-1	-1	0	40	0	0	0	0	4	1	1	9	0	0	1	1	1	1	1	0	tipchp01	0	0	0	
ipchp02	1	820009	10	Священное Зелье HP+250	200	250	00110	10000	-1	0	-1	1600	0	0	1	-1	-1	-1	-1	-1	-1	-1	0	100	0	0	0	0	10	1	1	A	0	0	1	1	1	1	1	0	tipchp02	0	0	0	
ipchp03	1	82000A	11	Священное Зелье HP+500	200	250	00110	10000	-1	0	-1	1600	0	0	1	-1	-1	-1	-1	-1	-1	-1	0	220	0	0	0	0	22	1	1	B	0	0	1	1	1	1	1	0	tipchp03	0	0	0	
ipchp04	1	82000B	12	Священное Зелье HP+1000	200	250	00110	10000	-1	0	-1	1800	0	0	1	-1	-1	-1	-1	-1	-1	-1	0	500	0	0	0	0	50	1	1	C	0	0	1	1	1	1	1	0	tipchp04	0	0	0	
ipchp05	1	82000C	13	Священное Зелье HP+2000	200	250	00110	10000	-1	0	-1	2200	0	0	1	-1	-1	-1	-1	-1	-1	-1	0	1200	0	0	0	0	120	1	1	D	0	0	1	1	1	1	1	0	tipchp05	0	0	0	
ipchp06	1	82000D	14	Священное Зелье HP+3000	200	250	00110	10000	-1	0	-1	2500	0	0	1	-1	-1	-1	-1	-1	-1	-1	0	2250	0	0	0	0	225	1	1	E	0	0	1	1	1	1	1	0	tipchp06	0	0	0	
ipchp07	1	82000E	15	Священное Зелье HP+4000	200	250	00110	10000	-1	0	-1	2500	0	0	1	-1	-1	-1	-1	-1	-1	-1	0	5250	0	0	0	0	525	1	1	F	0	0	1	1	1	1	1	0	tipchp07	0	0	0	
ipchp08	1	82000F	16	Священное Зелье HP+5000	200	250	00110	10000	-1	0	-1	2500	0	0	1	-1	-1	-1	-1	-1	-1	-1	0	11257	0	0	0	0	1126	1	1	10	0	0	1	1	1	1	1	0	tipchp08	0	0	0	
ipahp01	1	420010	17	Восстановитель HP+100	200	250	00001	10000	-1	0	-1	1600	0	0	1	-1	-1	-1	-1	-1	-1	-1	0	40	0	0	0	0	4	1	1	11	0	0	1	1	1	1	1	0	tipahp01	0	0	0	
ipahp02	1	420011	18	Восстановитель HP+250	200	250	00001	10000	-1	0	-1	1600	0	0	1	-1	-1	-1	-1	-1	-1	-1	0	100	0	0	0	0	10	1	1	12	0	0	1	1	1	1	1	0	tipahp02	0	0	0	
ipahp03	1	420012	19	Восстановитель HP+500	200	250	00001	10000	-1	0	-1	1600	0	0	1	-1	-1	-1	-1	-1	-1	-1	0	220	0	0	0	0	22	1	1	13	0	0	1	1	1	1	1	0	tipahp03	0	0	0	
ipahp04	1	420013	20	Восстановитель HP+1000	200	250	00001	10000	-1	0	-1	1800	0	0	1	-1	-1	-1	-1	-1	-1	-1	0	500	0	0	0	0	50	1	1	14	0	0	1	1	1	1	1	0	tipahp04	0	0	0	
ipahp05	1	420014	21	Восстановитель HP+2000	200	250	00001	10000	-1	0	-1	2200	0	0	1	-1	-1	-1	-1	-1	-1	-1	0	1200	0	0	0	0	120	1	1	15	0	0	1	1	1	1	1	0	tipahp05	0	0	0	
ipahp06	1	420015	22	Восстановитель HP+3000	200	250	00001	10000	-1	0	-1	2500	0	0	1	-1	-1	-1	-1	-1	-1	-1	0	2250	0	0	0	0	225	1	1	16	0	0	1	1	1	1	1	0	tipahp06	0	0	0	
ipahp07	1	420016	23	Восстановитель HP+4000	200	250	00001	10000	-1	0	-1	2500	0	0	1	-1	-1	-1	-1	-1	-1	-1	0	5250	0	0	0	0	525	1	1	17	0	0	1	1	1	1	1	0	tipahp07	0	0	0	
ipahp08	1	420017	24	Восстановитель HP+5000	200	250	00001	10000	-1	0	-1	2500	0	0	1	-1	-1	-1	-1	-1	-1	-1	0	11257	0	0	0	0	1126	1	1	18	0	0	1	1	1	1	1	0	tipahp08	0	0	0	
ipbfp01	1	720118	25	Магическая Микстура FP+50	201	250	11000	10000	-1	0	-1	1600	1	0	1	-1	-1	-1	-1	-1	-1	-1	0	40	0	0	0	0	1	1	1	19	0	0	1	1	1	1	1	0	tipbfp01	0	0	0	
ipbfp02	1	720119	26	Магическая Микстура FP+125	201	250	11000	10000	-1	0	-1	1600	1	0	1	-1	-1	-1	-1	-1	-1	-1	0	100	0	0	0	0	1	1	1	1A	0	0	1	1	1	1	1	0	tipbfp02	0	0	0	
ipbfp03	1	72011A	27	Магическая Микстура FP+250	201	250	11000	10000	-1	0	-1	1600	1	0	1	-1	-1	-1	-1	-1	-1	-1	0	220	0	0	0	0	1	1	1	1B	0	0	1	1	1	1	1	0	tipbfp03	0	0	0	
ipbfp04	1	72011B	28	Магическая Микстура FP+500	201	250	11000	10000	-1	0	-1	1800	1	0	1	-1	-1	-1	-1	-1	-1	-1	0	500	0	0	0	0	1	1	1	1C	0	0	1	1	1	1	1	0	tipbfp04	0	0	0	
ipbfp05	1	72011C	29	Магическая Микстура FP+1000	201	250	11000	10000	-1	0	-1	2200	1	0	1	-1	-1	-1	-1	-1	-1	-1	0	1200	0	0	0	0	1	1	1	1D	0	0	1	1	1	1	1	0	tipbfp05	0	0	0	
ipbfp06	1	72011D	30	Магическая Микстура FP+1500	201	250	11000	10000	-1	0	-1	2500	1	0	1	-1	-1	-1	-1	-1	-1	-1	0	2250	0	0	0	0	1	1	1	1E	0	0	1	1	1	1	1	0	tipbfp06	0	0	0	
ipbfp07	1	72011E	31	Магическая Микстура FP+2000	201	250	11000	10000	-1	0	-1	4000	1	0	1	-1	-1	-1	-1	-1	-1	-1	0	3900	0	0	0	0	1	1	1	1F	0	0	1	1	1	1	1	0	tipbfp07	0	0	0	
ipbfp08	1	72011F	32	Магическая Микстура FP+2500	201	250	11000	10000	-1	0	-1	5000	1	0	1	-1	-1	-1	-1	-1	-1	-1	0	6580	0	0	0	0	1	1	1	20	0	0	1	1	1	1	1	0	tipbfp08	0	0	0	
ipcfp01	1	820120	33	Благословенное Зелье FP+50	201	250	00110	10000	-1	0	-1	1600	1	0	1	-1	-1	-1	-1	-1	-1	-1	0	40	0	0	0	0	1	1	1	21	0	0	1	1	1	1	1	0	tipcfp01	0	0	0	
ipcfp02	1	820121	34	Благословенное Зелье FP+125	201	250	00110	10000	-1	0	-1	1600	1	0	1	-1	-1	-1	-1	-1	-1	-1	0	100	0	0	0	0	1	1	1	22	0	0	1	1	1	1	1	0	tipcfp02	0	0	0	
ipcfp03	1	820122	35	Благословенное Зелье FP+250	201	250	00110	10000	-1	0	-1	1600	1	0	1	-1	-1	-1	-1	-1	-1	-1	0	220	0	0	0	0	1	1	1	23	0	0	1	1	1	1	1	0	tipcfp03	0	0	0	
ipcfp04	1	820123	36	Благословенное Зелье FP+500	201	250	00110	10000	-1	0	-1	1800	1	0	1	-1	-1	-1	-1	-1	-1	-1	0	500	0	0	0	0	1	1	1	24	0	0	1	1	1	1	1	0	tipcfp04	0	0	0	
ipcfp05	1	820124	37	Благословенное Зелье FP+1000	201	250	00110	10000	-1	0	-1	2200	1	0	1	-1	-1	-1	-1	-1	-1	-1	0	1200	0	0	0	0	1	1	1	25	0	0	1	1	1	1	1	0	tipcfp05	0	0	0	
ipcfp06	1	820125	38	Благословенное Зелье FP+1500	201	250	00110	10000	-1	0	-1	2500	1	0	1	-1	-1	-1	-1	-1	-1	-1	0	2250	0	0	0	0	1	1	1	26	0	0	1	1	1	1	1	0	tipcfp06	0	0	0	
ipcfp07	1	820126	39	Благословенное Зелье FP+2000	201	250	00110	10000	-1	0	-1	4000	1	0	1	-1	-1	-1	-1	-1	-1	-1	0	3900	0	0	0	0	1	1	1	27	0	0	1	1	1	1	1	0	tipcfp07	0	0	0	
ipcfp08	1	820127	40	Благословенное Зелье FP+2500	201	250	00110	10000	-1	0	-1	5000	1	0	1	-1	-1	-1	-1	-1	-1	-1	0	6580	0	0	0	0	1	1	1	28	0	0	1	1	1	1	1	0	tipcfp08	0	0	0	
ipafp01	1	420128	41	Восстановитель FP+50	201	250	00001	10000	-1	0	-1	1600	1	0	1	-1	-1	-1	-1	-1	-1	-1	0	40	0	0	0	0	1	1	1	29	0	0	1	1	1	1	1	0	tipafp01	0	0	0	
ipafp02	1	420129	42	Восстановитель FP+125	201	250	00001	10000	-1	0	-1	1600	1	0	1	-1	-1	-1	-1	-1	-1	-1	0	100	0	0	0	0	1	1	1	2A	0	0	1	1	1	1	1	0	tipafp02	0	0	0	
ipafp03	1	42012A	43	Восстановитель FP+250	201	250	00001	10000	-1	0	-1	1600	1	0	1	-1	-1	-1	-1	-1	-1	-1	0	220	0	0	0	0	1	1	1	2B	0	0	1	1	1	1	1	0	tipafp03	0	0	0	
ipafp04	1	42012B	44	Восстановитель FP+500	201	250	00001	10000	-1	0	-1	1800	1	0	1	-1	-1	-1	-1	-1	-1	-1	0	500	0	0	0	0	1	1	1	2C	0	0	1	1	1	1	1	0	tipafp04	0	0	0	
ipafp05	1	42012C	45	Восстановитель FP+1000	201	250	00001	10000	-1	0	-1	2200	1	0	1	-1	-1	-1	-1	-1	-1	-1	0	1200	0	0	0	0	1	1	1	2D	0	0	1	1	1	1	1	0	tipafp05	0	0	0	
ipafp06	1	42012D	46	Восстановитель FP+1500	201	250	00001	10000	-1	0	-1	2500	1	0	1	-1	-1	-1	-1	-1	-1	-1	0	2250	0	0	0	0	1	1	1	2E	0	0	1	1	1	1	1	0	tipafp06	0	0	0	
ipafp07	1	42012E	47	Восстановитель FP+2000	201	250	00001	10000	-1	0	-1	4000	1	0	1	-1	-1	-1	-1	-1	-1	-1	0	3900	0	0	0	0	1	1	1	2F	0	0	1	1	1	1	1	0	tipafp07	0	0	0	
ipafp08	1	42012F	48	Восстановитель FP+2500	201	250	00001	10000	-1	0	-1	5000	1	0	1	-1	-1	-1	-1	-1	-1	-1	0	6580	0	0	0	0	1	1	1	30	0	0	1	1	1	1	1	0	tipafp08	0	0	0	
ipbsp01	1	720230	49	Микстура Выносливости SP+100	202	250	11000	10000	-1	0	-1	1600	2	0	1	-1	-1	-1	-1	-1	-1	-1	0	40	0	0	0	0	4	1	1	31	0	0	1	1	1	1	1	0	tipbsp01	0	0	0	
ipbsp02	1	720231	50	Микстура Выносливости SP+200	202	250	11000	10000	-1	0	-1	1600	2	0	1	-1	-1	-1	-1	-1	-1	-1	0	100	0	0	0	0	10	1	1	32	0	0	1	1	1	1	1	0	tipbsp02	0	0	0	
ipbsp03	1	720232	51	Микстура Выносливости SP+400	202	250	11000	10000	-1	0	-1	4000	2	0	1	-1	-1	-1	-1	-1	-1	-1	0	220	0	0	0	0	22	1	1	33	0	0	1	1	1	1	1	0	tipbsp03	0	0	0	
ipbsp04	1	720233	52	Микстура Выносливости SP+800	202	250	11000	10000	-1	0	-1	5000	2	0	1	-1	-1	-1	-1	-1	-1	-1	0	500	0	0	0	0	50	1	1	34	0	0	1	1	1	1	1	0	tipbsp04	0	0	0	
ipcsp01	1	820234	53	Зелье Выносливости SP+100	202	250	00110	10000	-1	0	-1	1600	2	0	1	-1	-1	-1	-1	-1	-1	-1	0	40	0	0	0	0	4	1	1	35	0	0	1	1	1	1	1	0	tipcsp01	0	0	0	
ipcsp02	1	820235	54	Зелье Выносливости SP+200	202	250	00110	10000	-1	0	-1	1600	2	0	1	-1	-1	-1	-1	-1	-1	-1	0	100	0	0	0	0	10	1	1	36	0	0	1	1	1	1	1	0	tipcsp02	0	0	0	
ipcsp03	1	820236	55	Зелье Выносливости SP+400	202	250	00110	10000	-1	0	-1	4000	2	0	1	-1	-1	-1	-1	-1	-1	-1	0	220	0	0	0	0	22	1	1	37	0	0	1	1	1	1	1	0	tipcsp03	0	0	0	
ipcsp04	1	820237	56	Зелье Выносливости SP+800	202	250	00110	10000	-1	0	-1	5000	2	0	1	-1	-1	-1	-1	-1	-1	-1	0	500	0	0	0	0	50	1	1	38	0	0	1	1	1	1	1	0	tipcsp04	0	0	0	
ipasp01	1	420238	57	Восстановитель SP+100	202	250	00001	10000	-1	0	-1	1600	2	0	1	-1	-1	-1	-1	-1	-1	-1	0	40	0	0	0	0	4	1	1	39	0	0	1	1	1	1	1	0	tipasp01	0	0	0	
ipasp02	1	420239	58	Восстановитель SP+200	202	250	00001	10000	-1	0	-1	1600	2	0	1	-1	-1	-1	-1	-1	-1	-1	0	100	0	0	0	0	10	1	1	3A	0	0	1	1	1	1	1	0	tipasp02	0	0	0	
ipasp03	1	42023A	59	Восстановитель SP+400	202	250	00001	10000	-1	0	-1	4000	2	0	1	-1	-1	-1	-1	-1	-1	-1	0	220	0	0	0	0	22	1	1	3B	0	0	1	1	1	1	1	0	tipasp03	0	0	0	
ipasp04	1	42023B	60	Восстановитель SP+800	202	250	00001	10000	-1	0	-1	5000	2	0	1	-1	-1	-1	-1	-1	-1	-1	0	500	0	0	0	0	50	1	1	3C	0	0	1	1	1	1	1	0	tipasp04	0	0	0	
ipbad00	1	72053C	61	Микстура Допинга	205	200	11000	10000	3	0	-1	10000	4	0	1	-1	-1	-1	-1	-1	-1	-1	0	1000	0	0	0	0	100	1	1	3D	0	0	1	1	1	1	1	0	tipbad00	0	0	0	
ipcad00	1	82053D	62	Зелье Ярости	205	200	00110	10000	3	0	-1	10000	4	0	1	-1	-1	-1	-1	-1	-1	-1	0	1000	0	0	0	0	100	1	1	3E	0	0	1	1	1	1	1	0	tipcad00	0	0	0	
ipaad00	1	42053E	63	Программатор Ненависти	205	200	00001	10000	3	0	-1	10000	4	0	1	-1	-1	-1	-1	-1	-1	-1	0	1000	0	0	0	0	100	1	1	3F	0	0	1	1	1	1	1	0	tipaad00	0	0	0	
ipbhp00	1	72003F	1	Целебная Микстура Новичка HP+100	200	250	11000	10000	-1	0	-1	1600	0	0	1	-1	-1	-1	-1	-1	-1	-1	0	1	0	0	0	0	1	1	1	40	0	0	1	0	0	0	1	0	tipbhp00	0	0	0	
ipchp00	1	820040	9	Священное Зелье Неофита HP+100	200	250	00110	10000	-1	0	-1	1600	0	0	1	-1	-1	-1	-1	-1	-1	-1	0	1	0	0	0	0	1	1	1	41	0	0	1	0	0	0	1	0	tipchp00	0	0	0	
ipahp00	1	420041	17	Восстановитель Новобранца HP+100	200	250	00001	10000	-1	0	-1	1600	0	0	1	-1	-1	-1	-1	-1	-1	-1	0	1	0	0	0	0	1	1	1	42	0	0	1	0	0	0	1	0	tipahp00	0	0	0	
ipbfp00	1	720142	25	Магическая Микстура Неофита FP+50	201	250	11000	10000	-1	0	-1	1600	1	0	1	-1	-1	-1	-1	-1	-1	-1	0	1	0	0	0	0	1	1	1	43	0	0	1	0	0	0	1	0	tipbfp00	0	0	0	
ipcfp00	1	820143	33	Благословленное Зелье Неофита FP+50	201	250	00110	10000	-1	0	-1	1600	1	0	1	-1	-1	-1	-1	-1	-1	-1	0	1	0	0	0	0	1	1	1	44	0	0	1	0	0	0	1	0	tipcfp00	0	0	0	
ipafp00	1	420144	41	Восстановитель Новобранца FP+50	201	250	00001	10000	-1	0	-1	1600	1	0	1	-1	-1	-1	-1	-1	-1	-1	0	1	0	0	0	0	1	1	1	45	0	0	1	0	0	0	1	0	tipafp00	0	0	0	
ipbsp00	1	720245	49	Микстура Выносливости Новичка ST+100	202	250	11000	10000	-1	0	-1	1600	2	0	1	-1	-1	-1	-1	-1	-1	-1	0	1	0	0	0	0	1	1	1	46	0	0	1	0	0	0	1	0	tipbsp00	0	0	0	
ipcsp00	1	820246	53	Зелье Выносливости Неофита ST+100	202	250	00110	10000	-1	0	-1	1600	2	0	1	-1	-1	-1	-1	-1	-1	-1	0	1	0	0	0	0	1	1	1	47	0	0	1	0	0	0	1	0	tipcsp00	0	0	0	
ipasp00	1	420247	57	Восстановитель Новичка ST+100	202	250	00001	10000	-1	0	-1	1600	2	0	1	-1	-1	-1	-1	-1	-1	-1	0	1	0	0	0	0	1	1	1	48	0	0	1	0	0	0	1	0	tipasp00	0	0	0	
ipbcu00	1	720648	64	Микстура Сопротивления	206	200	11000	10000	-1	0	-1	5000	3	0	1	-1	-1	-1	-1	-1	-1	-1	0	500	0	0	0	0	97	1	1	49	0	0	1	1	1	1	1	0	tipbcu00	0	0	0	
ipccu00	1	820649	65	Зелье Сопротивления	206	200	00110	10000	-1	0	-1	5000	3	0	1	-1	-1	-1	-1	-1	-1	-1	0	500	0	0	0	0	97	1	1	4A	0	0	1	1	1	1	1	0	tipccu00	0	0	0	
ipacu00	1	42064A	66	Стихийный Восстановитель	206	200	00001	10000	-1	0	-1	5000	3	0	1	-1	-1	-1	-1	-1	-1	-1	0	500	0	0	0	0	97	1	1	4B	0	0	1	1	1	1	1	0	tipacu00	0	0	0	
ipbnp01	1	72004B	1	Целебная Микстура HP+100 [Быстрая 	200	250	11000	10000	-1	0	-1	0	0	0	1	-1	-1	-1	-1	-1	-1	-1	0	500	0	0	0	0	50	1	1	4C	0	0	1	1	1	1	1	0	tipbnp01	0	0	0	
ipbnp02	1	72004C	2	Целебная Микстура HP+250 [Быстрая 	200	250	11000	10000	-1	0	-1	0	0	0	1	-1	-1	-1	-1	-1	-1	-1	0	500	0	0	0	0	50	1	1	4D	0	0	1	1	1	1	1	0	tipbnp02	0	0	0	
ipbnp03	1	72004D	3	Целебная Микстура HP+500 [Быстрая 	200	250	11000	10000	-1	0	-1	0	0	0	1	-1	-1	-1	-1	-1	-1	-1	0	500	0	0	0	0	50	1	1	4E	0	0	1	1	1	1	1	0	tipbnp03	0	0	0	
ipbnp04	1	72004E	4	Целебная Микстура HP+1000 [Быстрая 	200	250	11000	10000	-1	0	-1	0	0	0	1	-1	-1	-1	-1	-1	-1	-1	0	500	0	0	0	0	50	1	1	4F	0	0	1	1	1	1	1	0	tipbnp04	0	0	0	
ipbnp05	1	72004F	5	Целебная Микстура HP+2000 [Быстрая 	200	250	11000	10000	-1	0	-1	0	0	0	1	-1	-1	-1	-1	-1	-1	-1	0	500	0	0	0	0	50	1	1	50	0	0	1	1	1	1	1	0	tipbnp05	0	0	0	
ipbnp06	1	720050	6	Целебная Микстура HP+3000 [Быстрая 	200	250	11000	10000	-1	0	-1	0	0	0	1	-1	-1	-1	-1	-1	-1	-1	0	500	0	0	0	0	50	1	1	51	0	0	1	1	1	1	1	0	tipbnp06	0	0	0	
ipbnp07	1	720051	7	Целебная Микстура HP+4000 [Быстрая 	200	250	11000	10000	-1	0	-1	0	0	0	1	-1	-1	-1	-1	-1	-1	-1	0	500	0	0	0	0	50	1	1	52	0	0	1	1	1	1	1	0	tipbnp07	0	0	0	
ipbnp08	1	720052	8	Целебная Микстура HP+5000 [Быстрая 	200	250	11000	10000	-1	0	-1	0	0	0	1	-1	-1	-1	-1	-1	-1	-1	0	500	0	0	0	0	50	1	1	53	0	0	1	1	1	1	1	0	tipbnp08	0	0	0	
ipcnp01	1	820053	9	Священное Зелье HP+100 [Быстрое 	200	250	00110	10000	-1	0	-1	0	0	0	1	-1	-1	-1	-1	-1	-1	-1	0	500	0	0	0	0	50	1	1	54	0	0	1	1	1	1	1	0	tipcnp01	0	0	0	
ipcnp02	1	820054	10	Священное Зелье HP+250 [Быстрое 	200	250	00110	10000	-1	0	-1	0	0	0	1	-1	-1	-1	-1	-1	-1	-1	0	500	0	0	0	0	50	1	1	55	0	0	1	1	1	1	1	0	tipcnp02	0	0	0	
ipcnp03	1	820055	11	Священное Зелье HP+500 [Быстрое 	200	250	00110	10000	-1	0	-1	0	0	0	1	-1	-1	-1	-1	-1	-1	-1	0	500	0	0	0	0	50	1	1	56	0	0	1	1	1	1	1	0	tipcnp03	0	0	0	
ipcnp04	1	820056	12	Священное Зелье HP+1000 [Быстрое 	200	250	00110	10000	-1	0	-1	0	0	0	1	-1	-1	-1	-1	-1	-1	-1	0	500	0	0	0	0	50	1	1	57	0	0	1	1	1	1	1	0	tipcnp04	0	0	0	
ipcnp05	1	820057	13	Священное Зелье HP+2000 [Быстрое 	200	250	00110	10000	-1	0	-1	0	0	0	1	-1	-1	-1	-1	-1	-1	-1	0	500	0	0	0	0	50	1	1	58	0	0	1	1	1	1	1	0	tipcnp05	0	0	0	
ipcnp06	1	820058	14	Священное Зелье HP+3000 [Быстрое 	200	250	00110	10000	-1	0	-1	0	0	0	1	-1	-1	-1	-1	-1	-1	-1	0	500	0	0	0	0	50	1	1	59	0	0	1	1	1	1	1	0	tipcnp06	0	0	0	
ipcnp07	1	820059	15	Священное Зелье HP+4000 [Быстрое 	200	250	00110	10000	-1	0	-1	0	0	0	1	-1	-1	-1	-1	-1	-1	-1	0	500	0	0	0	0	50	1	1	5A	0	0	1	1	1	1	1	0	tipcnp07	0	0	0	
ipcnp08	1	82005A	16	Священное Зелье HP+5000 [Быстрое 	200	250	00110	10000	-1	0	-1	0	0	0	1	-1	-1	-1	-1	-1	-1	-1	0	500	0	0	0	0	50	1	1	5B	0	0	1	1	1	1	1	0	tipcnp08	0	0	0	
ipanp01	1	42005B	17	Восстановитель HP+100 [Быстрый 	200	250	00001	10000	-1	0	-1	0	0	0	1	-1	-1	-1	-1	-1	-1	-1	0	500	0	0	0	0	50	1	1	5C	0	0	1	1	1	1	1	0	tipanp01	0	0	0	
ipanp02	1	42005C	18	Восстановитель HP+250 [Быстрый 	200	250	00001	10000	-1	0	-1	0	0	0	1	-1	-1	-1	-1	-1	-1	-1	0	500	0	0	0	0	50	1	1	5D	0	0	1	1	1	1	1	0	tipanp02	0	0	0	
ipanp03	1	42005D	19	Восстановитель HP+500 [Быстрый 	200	250	00001	10000	-1	0	-1	0	0	0	1	-1	-1	-1	-1	-1	-1	-1	0	500	0	0	0	0	50	1	1	5E	0	0	1	1	1	1	1	0	tipanp03	0	0	0	
ipanp04	1	42005E	20	Восстановитель HP+1000 [Быстрый 	200	250	00001	10000	-1	0	-1	0	0	0	1	-1	-1	-1	-1	-1	-1	-1	0	500	0	0	0	0	50	1	1	5F	0	0	1	1	1	1	1	0	tipanp04	0	0	0	
ipanp05	1	42005F	21	Восстановитель HP+2000 [Быстрый 	200	250	00001	10000	-1	0	-1	0	0	0	1	-1	-1	-1	-1	-1	-1	-1	0	500	0	0	0	0	50	1	1	60	0	0	1	1	1	1	1	0	tipanp05	0	0	0	
ipanp06	1	420060	22	Восстановитель HP+3000 [Быстрый 	200	250	00001	10000	-1	0	-1	0	0	0	1	-1	-1	-1	-1	-1	-1	-1	0	500	0	0	0	0	50	1	1	61	0	0	1	1	1	1	1	0	tipanp06	0	0	0	
ipanp07	1	420061	23	Восстановитель HP+4000 [Быстрый 	200	250	00001	10000	-1	0	-1	0	0	0	1	-1	-1	-1	-1	-1	-1	-1	0	500	0	0	0	0	50	1	1	62	0	0	1	1	1	1	1	0	tipanp07	0	0	0	
ipanp08	1	420062	24	Восстановитель HP+5000 [Быстрый 	200	250	00001	10000	-1	0	-1	0	0	0	1	-1	-1	-1	-1	-1	-1	-1	0	500	0	0	0	0	50	1	1	63	0	0	1	1	1	1	1	0	tipanp08	0	0	0	
ipeee01	1	A20063	67	Каштан	200	250	11111	10000	-1	0	-1	0	0	0	1	-1	-1	-1	-1	-1	-1	-1	0	10	0	0	0	0	1	1	1	64	0	0	1	1	1	1	1	0	tipeee01	0	0	0	
ipeee02	1	A20064	68	Мармелад	200	250	11111	10000	-1	0	-1	0	0	0	1	-1	-1	-1	-1	-1	-1	-1	0	10	0	0	0	0	1	1	1	65	0	0	1	1	1	1	1	0	tipeee02	0	0	0	
ipeee03	1	A20065	69	Спелая Хурма	200	250	11111	10000	-1	0	-1	0	0	0	1	-1	-1	-1	-1	-1	-1	-1	0	10	0	0	0	0	1	1	1	66	0	0	1	1	1	1	1	0	tipeee03	0	0	0	
ipeee04	1	A20066	70	Елка из Рисовых Тортиков	200	250	11111	10000	-1	0	-1	0	0	0	1	-1	-1	-1	-1	-1	-1	-1	0	10	0	0	0	0	1	1	1	67	0	0	1	1	1	1	1	0	tipeee04	0	0	0	
ipeee05	1	A20067	71	Елка из Полынных Рисовых Тортиков	200	250	11111	10000	-1	0	-1	0	0	0	1	-1	-1	-1	-1	-1	-1	-1	0	10	0	0	0	0	1	1	1	68	0	0	1	1	1	1	1	0	tipeee05	0	0	0	
ipeee06	1	A20068	67	Большай Каштан	200	250	11111	10000	-1	0	-1	0	0	0	1	-1	-1	-1	-1	-1	-1	-1	0	10	0	0	0	0	1	1	1	69	0	0	1	1	1	1	1	0	tipeee06	0	0	0	
ipbad01	1	720569	61	Насыщенная Микстура Допинга 	205	200	11000	10000	3	0	-1	10000	4	0	1	-1	-1	-1	-1	-1	-1	-1	0	3000	0	0	0	0	300	1	1	6A	0	0	1	1	1	1	1	0	tipbad01	0	0	0	
ipcad01	1	82056A	62	Усиленное Зелье Ярости 	205	200	00110	10000	3	0	-1	10000	4	0	1	-1	-1	-1	-1	-1	-1	-1	0	3000	0	0	0	0	300	1	1	6B	0	0	1	1	1	1	1	0	tipcad01	0	0	0	
ipaad01	1	42056B	63	Программатор Ненависти Мк.II 	205	200	00001	10000	3	0	-1	10000	4	0	1	-1	-1	-1	-1	-1	-1	-1	0	3000	0	0	0	0	300	1	1	6C	0	0	1	1	1	1	1	0	tipaad01	0	0	0	
ipeee07	1	A20068	72	Земляной Орех	200	250	11111	10000	-1	0	-1	0	0	0	1	-1	-1	-1	-1	-1	-1	-1	0	10	0	0	0	0	1	1	1	6D	0	0	1	1	1	1	1	0	tipeee07	0	0	0	
ipeee08	1	A20068	73	Грецкий Орех	200	250	11111	10000	-1	0	-1	0	0	0	1	-1	-1	-1	-1	-1	-1	-1	0	10	0	0	0	0	1	1	1	6E	0	0	1	1	1	1	1	0	tipeee08	0	0	0	
ipeee09	1	A20068	74	Кедровый Орех	200	250	11111	10000	-1	0	-1	0	0	0	1	-1	-1	-1	-1	-1	-1	-1	0	10	0	0	0	0	1	1	1	6F	0	0	1	1	1	1	1	0	tipeee09	0	0	0	
ipbax01	1	72053C	99	Взрывная Микстура	205	200	11000	10000	3	0	-1	10000	4	0	1	-1	-1	-1	-1	-1	-1	-1	0	1515	0	0	0	0	152	1	1	70	0	0	1	1	1	1	1	0	tipbax01	0	0	0	
ipbax02	1	82053D	100	Взрывное Зелье	205	200	00110	10000	3	0	-1	10000	4	0	1	-1	-1	-1	-1	-1	-1	-1	0	1515	0	0	0	0	152	1	1	71	0	0	1	1	1	1	1	0	tipbax02	0	0	0	
ipbax03	1	42053E	101	Программатор Ярости	205	200	00001	10000	3	0	-1	10000	4	0	1	-1	-1	-1	-1	-1	-1	-1	0	1515	0	0	0	0	152	1	1	72	0	0	1	1	1	1	1	0	tipbax03	0	0	0	
ipbdx01	1	72053C	102	Защитная Микстура	205	200	11000	10000	3	0	-1	10000	4	0	1	-1	-1	-1	-1	-1	-1	-1	0	1515	0	0	0	0	152	1	1	73	0	0	1	1	1	1	1	0	tipbdx01	0	0	0	
ipbdx02	1	82053D	103	Защитное Зелье	205	200	00110	10000	3	0	-1	10000	4	0	1	-1	-1	-1	-1	-1	-1	-1	0	1515	0	0	0	0	152	1	1	74	0	0	1	1	1	1	1	0	tipbdx02	0	0	0	
ipbdx03	1	42053E	104	Программатор Защиты	205	200	00001	10000	3	0	-1	10000	11	0	1	-1	-1	-1	-1	-1	-1	-1	0	1515	0	0	0	0	152	1	1	75	0	0	1	1	1	1	1	0	tipbdx03	0	0	0	
ipbco01	1	72053C	75	Микстура Крита	205	200	11000	10000	3	0	-1	10000	4	0	1	-1	-1	-1	-1	-1	-1	-1	0	1000	0	0	0	0	100	1	1	76	0	0	1	1	1	1	1	0	tipbco01	0	0	0	
ipcco01	1	82053D	76	Зелье Крита	205	200	00110	10000	3	0	-1	10000	4	0	1	-1	-1	-1	-1	-1	-1	-1	0	1000	0	0	0	0	100	1	1	77	0	0	1	1	1	1	1	0	tipcco01	0	0	0	
ipaco01	1	42053E	77	Программатор Крита	205	200	00001	10000	3	0	-1	10000	4	0	1	-1	-1	-1	-1	-1	-1	-1	0	1000	0	0	0	0	100	1	1	78	0	0	1	1	1	1	1	0	tipaco01	0	0	0	
iptwe01	1	A20068	85	Конфетка	200	250	11111	10000	-1	0	-1	50	4	0	1	-1	-1	-1	-1	-1	-1	-1	0	5000	0	0	0	0	500	1	1	79	0	0	1	1	1	1	1	0	tiptwe01	0	0	0	
iptwe02	1	A20068	86	Новогодняя Конфетка	200	250	11111	10000	-1	0	-1	1500	4	0	1	-1	-1	-1	-1	-1	-1	-1	0	10000	0	0	0	0	1000	1	1	7A	0	0	1	1	1	1	1	0	tiptwe02	0	0	0	
ipeex01	1	A20068	91	Тортик	200	250	11111	10000	-1	0	-1	0	0	0	1	-1	-1	-1	-1	-1	-1	-1	0	10	0	0	0	0	1	1	1	7B	0	0	1	1	1	1	1	0	tipeex01	0	0	0	
ipeex02	1	A20068	92	Восхитительная Конфетка	200	250	11111	10000	-1	0	-1	0	0	0	1	-1	-1	-1	-1	-1	-1	-1	0	20	0	0	0	0	2	1	1	7C	0	0	1	1	1	1	1	0	tipeex02	0	0	0	
ipeex03	1	A20068	93	Восхитительная Новогодная Конфетка	200	250	11111	10000	-1	0	-1	0	0	0	1	-1	-1	-1	-1	-1	-1	-1	0	30	0	0	0	0	3	1	1	7D	0	0	1	1	1	1	1	0	tipeex03	0	0	0	
ipeex04	1	A20068	94	Восхитительный Тортик	200	250	11111	10000	-1	0	-1	0	0	0	1	-1	-1	-1	-1	-1	-1	-1	0	35	0	0	0	0	4	1	1	7E	0	0	1	1	1	1	1	0	tipeex04	0	0	0	
ipeex05	1	A20068	95	Новогодний Увеличитель Силы Атаки 50штук	200	250	11111	10000	-1	0	-1	0	0	0	1	-1	-1	-1	-1	-1	-1	-1	0	45	0	0	0	0	5	1	1	7F	0	0	1	1	1	1	1	0	tipeex05	0	0	0	
ipeex06	1	A20068	96	Новогодний Увеличитель Защитной Силы 50штук	200	250	11111	10000	-1	0	-1	0	0	0	1	-1	-1	-1	-1	-1	-1	-1	0	55	0	0	0	0	6	1	1	80	0	0	1	1	1	1	1	0	tipeex06	0	0	0	
ipeex07	1	A21368	97	Насыщенная Микстура Крита	213	200	11111	10000	-1	0	-1	10000	4	0	1	-1	-1	-1	-1	-1	-1	-1	0	3000	0	0	0	0	300	1	1	81	0	0	1	1	1	1	1	0	tipeex07	0	0	0	
ipeex08	1	A21368	98	Усиленное Зелье Крита	213	200	11111	10000	-1	0	-1	10000	11	0	1	-1	-1	-1	-1	-1	-1	-1	0	3000	0	0	0	0	300	1	1	82	0	0	1	1	1	1	1	0	tipeex08	0	0	0	
ipbco02	1	72053C	75	Программатор Крита Mk.II	205	200	11000	10000	3	0	-1	10000	4	0	1	-1	-1	-1	-1	-1	-1	-1	0	5000	0	0	0	0	500	1	1	83	0	0	1	1	1	1	1	0	tipbco02	0	0	0	
ipcco02	1	82053D	76	Настойка 	205	200	00110	10000	3	0	-1	10000	4	0	1	-1	-1	-1	-1	-1	-1	-1	0	5000	0	0	0	0	500	1	1	84	0	0	1	1	1	1	1	0	tipcco02	0	0	0	
ipaco02	1	42053E	77	 	205	200	00001	10000	3	0	-1	10000	4	0	1	-1	-1	-1	-1	-1	-1	-1	0	5000	0	0	0	0	500	1	1	85	0	0	1	1	1	1	1	0	tipaco02	0	0	0	
ipdbr01	1	A20068	113	Рис	200	250	11111	10000	-1	0	-1	0	0	0	1	-1	-1	-1	-1	-1	-1	-1	0	10	0	0	0	0	1	1	1	86	0	0	1	1	1	1	1	0	tipdbr01	0	0	0	
ipdbr02	1	A20068	114	Рис	200	250	11111	10000	-1	0	-1	0	0	0	1	-1	-1	-1	-1	-1	-1	-1	0	20	0	0	0	0	2	1	1	87	0	0	1	1	1	1	1	0	tipdbr02	0	0	0	
ipdbr03	0	A20568	97	Боевая Микстура	205	200	11111	10000	3	0	-1	10000	8	0	1	-1	-1	-1	-1	-1	-1	-1	0	3000	0	0	0	0	300	1	1	88	0	0	1	1	1	1	1	0	tipdbr03	0	0	0	
ipdbr04	0	A20568	98	Боевое Зелье	205	200	11111	10000	3	0	-1	10000	11	0	1	-1	-1	-1	-1	-1	-1	-1	0	3000	0	0	0	0	300	1	1	89	0	0	1	1	1	1	1	0	tipdbr04	0	0	0	
ipdbr05	0	A20568	115	Боевой Программатор	205	200	11111	10000	3	0	-1	10000	8	0	1	-1	-1	-1	-1	-1	-1	-1	0	3000	0	0	0	0	300	1	1	8A	0	0	1	1	1	1	1	0	tipdbr05	0	0	1	
ipbch01	1	72003C	117	Микстура Патриарха	200	250	11000	10000	-1	0	-1	2400	0	0	1	-1	-1	-1	-1	-1	-1	-1	0	3900	0	0	0	0	390	1	1	8B	0	0	1	1	1	1	1	0	tipbch01	0	0	0	
ipcch01	1	82003D	118	Зелье Патриарха	200	250	00110	10000	-1	0	-1	2400	0	0	1	-1	-1	-1	-1	-1	-1	-1	0	3900	0	0	0	0	390	1	1	8C	0	0	1	1	1	1	1	0	tipcch01	0	0	0	
ipach01	1	42003E	119	Восстановитель Патриарха	200	250	00001	10000	-1	0	-1	2400	0	0	1	-1	-1	-1	-1	-1	-1	-1	0	3900	0	0	0	0	390	1	1	8D	0	0	1	1	1	1	1	0	tipach01	0	0	0	
ipbhp10	1	72003C	6	Целебная Микстура HP+3200 	200	250	11000	10000	-1	0	-1	2500	0	0	1	-1	-1	-1	-1	-1	-1	-1	0	5	0	0	0	0	1	1	1	8E	0	0	1	1	1	1	1	0	tipbhp10	0	0	0	
ipchp10	1	82003D	14	Священное Зелье HP+3200 	200	250	00110	10000	-1	0	-1	2500	0	0	1	-1	-1	-1	-1	-1	-1	-1	0	5	0	0	0	0	1	1	1	8F	0	0	1	1	1	1	1	0	tipchp10	0	0	0	
ipahp10	1	42003E	22	Восстановитель HP+3200 	200	250	00001	10000	-1	0	-1	2500	0	0	1	-1	-1	-1	-1	-1	-1	-1	0	5	0	0	0	0	1	1	1	90	0	0	1	1	1	1	1	0	tipahp10	0	0	0	
ipbhp20	1	72003C	6	Целебная Микстура HP+3500 	200	250	11000	10000	-1	0	-1	2500	0	0	1	-1	-1	-1	-1	-1	-1	-1	0	15	0	0	0	0	2	1	1	91	0	0	1	1	1	1	1	0	tipbhp20	0	0	0	
ipchp20	1	82003D	14	Священное Зелье HP+3500 	200	250	00110	10000	-1	0	-1	2500	0	0	1	-1	-1	-1	-1	-1	-1	-1	0	15	0	0	0	0	2	1	1	92	0	0	1	1	1	1	1	0	tipchp20	0	0	0	
ipahp20	1	42003E	22	Восстановитель HP+3500 	200	250	00001	10000	-1	0	-1	2500	0	0	1	-1	-1	-1	-1	-1	-1	-1	0	15	0	0	0	0	2	1	1	93	0	0	1	1	1	1	1	0	tipahp20	0	0	0	
ipcha01	1	72053C	125	Микстура Хаоса	205	200	11000	10000	-1	0	-1	54000	8	0	1	-1	-1	-1	-1	-1	-1	-1	1	50	0	0	0	0	5	1	1	94	0	0	1	1	1	1	1	0	tipcha01	0	0	0	
ipcha02	1	82053D	127	Зелье Хаоса	205	200	00110	10000	-1	0	-1	54000	8	0	1	-1	-1	-1	-1	-1	-1	-1	1	50	0	0	0	0	5	1	1	95	0	0	1	1	1	1	1	0	tipcha02	0	0	0	
ipcha03	1	42053E	129	Программатор Хаоса	205	200	00001	10000	-1	0	-1	54000	8	0	1	-1	-1	-1	-1	-1	-1	-1	1	50	0	0	0	0	5	1	1	96	0	0	1	1	1	1	1	0	tipcha03	0	0	0	
ipcha04	1	72053C	126	Микстура Порядка	205	200	11000	10000	-1	0	-1	0	9	0	1	-1	-1	-1	-1	-1	-1	-1	1	50	0	0	0	0	5	1	1	97	0	0	1	1	1	1	1	0	tipcha04	0	0	0	
ipcha05	1	82053D	128	Зелье Порядка	205	200	00110	10000	-1	0	-1	0	9	0	1	-1	-1	-1	-1	-1	-1	-1	1	50	0	0	0	0	5	1	1	98	0	0	1	1	1	1	1	0	tipcha05	0	0	0	
ipcha06	1	42053E	130	Программатор Порядка	205	200	00001	10000	-1	0	-1	0	9	0	1	-1	-1	-1	-1	-1	-1	-1	1	50	0	0	0	0	5	1	1	99	0	0	1	1	1	1	1	0	tipcha06	0	0	0	
ipbde04	1	72053C	102	Силовая Микстура	205	200	11000	10000	3	0	-1	10000	4	0	1	-1	-1	-1	-1	-1	-1	-1	0	9000	0	0	0	0	900	1	1	9A	0	0	1	1	1	1	1	0	tipbde04	0	0	0	
ipbde05	1	82053D	103	Силовое Зелье	205	200	00110	10000	3	0	-1	10000	4	0	1	-1	-1	-1	-1	-1	-1	-1	0	9000	0	0	0	0	900	1	1	9B	0	0	1	1	1	1	1	0	tipbde05	0	0	0	
ipbde06	1	42053E	104	Силовой Программатор	205	200	00001	10000	3	0	-1	10000	4	0	1	-1	-1	-1	-1	-1	-1	-1	0	9000	0	0	0	0	900	1	1	9C	0	0	1	1	1	1	1	0	tipbde06	0	0	0	
ipbae01	1	72053C	99	Абсолютная Микстура	205	200	11000	10000	3	0	-1	10000	4	0	1	-1	-1	-1	-1	-1	-1	-1	0	1515	0	0	0	0	152	1	1	9D	0	0	1	1	1	1	1	0	tipbae01	0	0	0	
ipbae02	1	82053D	100	Абсолютное Зелье	205	200	00110	10000	3	0	-1	10000	4	0	1	-1	-1	-1	-1	-1	-1	-1	0	1515	0	0	0	0	152	1	1	9E	0	0	1	1	1	1	1	0	tipbae02	0	0	0	
ipbae03	1	42053E	101	Абсолютный Программатор	205	200	00001	10000	3	0	-1	10000	4	0	1	-1	-1	-1	-1	-1	-1	-1	0	1515	0	0	0	0	152	1	1	9F	0	0	1	1	1	1	1	0	tipbae03	0	0	0	
ipbde01	1	72053C	102	Охранная Микстура	205	200	11000	10000	3	0	-1	10000	4	0	1	-1	-1	-1	-1	-1	-1	-1	0	1515	0	0	0	0	152	1	1	A0	0	0	1	1	1	1	1	0	tipbde01	0	0	0	
ipbde02	1	82053D	103	Охранное Зелье	205	200	00110	10000	3	0	-1	10000	4	0	1	-1	-1	-1	-1	-1	-1	-1	0	1515	0	0	0	0	152	1	1	A1	0	0	1	1	1	1	1	0	tipbde02	0	0	0	
ipbde03	1	42053E	104	Программатор Брони	205	200	00001	10000	3	0	-1	10000	4	0	1	-1	-1	-1	-1	-1	-1	-1	0	1515	0	0	0	0	152	1	1	A2	0	0	1	1	1	1	1	0	tipbde03	0	0	0	
ipbhx00	1	72003C	2	Тренировочная Благословенная Микстура HP+250	200	250	11000	10000	-1	0	-1	1600	0	0	1	-1	-1	-1	-1	-1	-1	-1	0	1	0	0	0	0	1	1	1	A3	0	0	1	0	0	1	1	0	tipbhx00	0	0	0	
ipchx00	1	82003D	10	Тренировочное Священное Зелье HP+250	200	250	00110	10000	-1	0	-1	1600	0	0	1	-1	-1	-1	-1	-1	-1	-1	0	1	0	0	0	0	1	1	1	A4	0	0	1	0	0	1	1	0	tipchx00	0	0	0	
ipahx00	1	42003E	18	Тренировочный Восстановитель HP+250	200	250	00001	10000	-1	0	-1	1600	0	0	1	-1	-1	-1	-1	-1	-1	-1	0	1	0	0	0	0	1	1	1	A5	0	0	1	0	0	1	1	0	tipahx00	0	0	0	
ipcsa01	1	72053C	134	Микстура Атаки 	205	200	11000	10000	3	0	-1	10000	4	0	1	-1	-1	-1	-1	-1	-1	-1	0	1	0	0	0	0	1	1	1	A6	0	0	1	1	1	1	1	0	tipcsa01	1	0	0	
ipcsa02	1	82053D	135	Зелье Атаки 	205	200	00110	10000	3	0	-1	10000	4	0	1	-1	-1	-1	-1	-1	-1	-1	0	1	0	0	0	0	1	1	1	A7	0	0	1	1	1	1	1	0	tipcsa02	1	0	0	
ipcsa03	1	42053E	136	Атакующий Восстановитель 	205	200	00001	10000	3	0	-1	10000	4	0	1	-1	-1	-1	-1	-1	-1	-1	0	1	0	0	0	0	1	1	1	A8	0	0	1	1	1	1	1	0	tipcsa03	1	0	0	
ipcsa04	1	72053C	137	Защитная Микстура [Премиум 	205	200	11000	10000	3	0	-1	10000	4	0	1	-1	-1	-1	-1	-1	-1	-1	0	1	0	0	0	0	1	1	1	A9	0	0	1	1	1	1	1	0	tipcsa04	1	0	0	
ipcsa05	1	82053D	138	Зелье защиты [Премиум 	205	200	00110	10000	3	0	-1	10000	4	0	1	-1	-1	-1	-1	-1	-1	-1	0	1	0	0	0	0	1	1	1	AA	0	0	1	1	1	1	1	0	tipcsa05	1	0	0	
ipcsa06	1	42053E	139	Защитный Восстановитель [Премиум 	205	200	00001	10000	3	0	-1	10000	4	0	1	-1	-1	-1	-1	-1	-1	-1	0	1	0	0	0	0	1	1	1	AB	0	0	1	1	1	1	1	0	tipcsa06	1	0	0	
ipcsa07	1	72053C	140	Микстура Меткости [Премиум 	205	200	11000	10000	3	0	-1	10000	4	0	1	-1	-1	-1	-1	-1	-1	-1	0	1	0	0	0	0	1	1	1	AC	0	0	1	1	1	1	1	0	tipcsa07	1	0	0	
ipcsa08	1	82053D	141	Зелье Меткости [Премиум 	205	200	00110	10000	3	0	-1	10000	4	0	1	-1	-1	-1	-1	-1	-1	-1	0	1	0	0	0	0	1	1	1	AD	0	0	1	1	1	1	1	0	tipcsa08	1	0	0	
ipcsa09	1	42053E	142	Восстановитель Меткости [Премиум 	205	200	00001	10000	3	0	-1	10000	4	0	1	-1	-1	-1	-1	-1	-1	-1	0	1	0	0	0	0	1	1	1	AE	0	0	1	1	1	1	1	0	tipcsa09	1	0	0	
ipcsa10	1	72003C	143	Микстура Восстановления Жизни HP+2500 [Премиум 	200	250	11000	10000	-1	0	-1	1800	0	0	1	-1	-1	-1	-1	-1	-1	-1	0	1	0	0	0	0	1	1	1	AF	0	0	1	1	1	1	1	0	tipcsa10	1	0	0	
ipcsa11	1	82003D	144	Зелье Восстановления Жизни HP+2500 [Премиум 	200	250	00110	10000	-1	0	-1	1800	0	0	1	-1	-1	-1	-1	-1	-1	-1	0	1	0	0	0	0	1	1	1	B0	0	0	1	1	1	1	1	0	tipcsa11	1	0	0	
ipcsa12	1	42003E	145	Восстановитель Жизни HP+2500 [Премиум 	200	250	00001	10000	-1	0	-1	1800	0	0	1	-1	-1	-1	-1	-1	-1	-1	0	1	0	0	0	0	1	1	1	B1	0	0	1	1	1	1	1	0	tipcsa12	1	0	0	
ipcsa13	1	72003C	146	Микстура Восстановления Жизни HP+4000 [Премиум 	200	250	11000	10000	-1	0	-1	2200	0	0	1	-1	-1	-1	-1	-1	-1	-1	0	1	0	0	0	0	1	1	1	B2	0	0	1	1	1	1	1	0	tipcsa13	1	0	0	
ipcsa14	1	82003D	147	Зелье Восстановления Жизни HP+4000 [Премиум 	200	250	00110	10000	-1	0	-1	2200	0	0	1	-1	-1	-1	-1	-1	-1	-1	0	1	0	0	0	0	1	1	1	B3	0	0	1	1	1	1	1	0	tipcsa14	1	0	0	
ipcsa15	1	42003E	148	Восстановитель Жизни HP+4000 [Премиум 	200	250	00001	10000	-1	0	-1	2200	0	0	1	-1	-1	-1	-1	-1	-1	-1	0	1	0	0	0	0	1	1	1	B4	0	0	1	1	1	1	1	0	tipcsa15	1	0	0	
ipcsa16	1	72053C	152	Микстура Защиты и Атаки 	205	200	11000	10000	1	0	-1	10000	5	0	1	-1	-1	-1	-1	-1	-1	-1	0	1	0	0	0	0	1	1	1	B5	0	0	1	1	1	1	1	0	tipcsa16	1	0	0	
ipcsa17	1	82053D	153	Зелье Защиты и Атаки 	205	200	00110	10000	1	0	-1	10000	5	0	1	-1	-1	-1	-1	-1	-1	-1	0	1	0	0	0	0	1	1	1	B6	0	0	1	1	1	1	1	0	tipcsa17	1	0	0	
ipcsa18	1	42053E	154	Восстановитель Защиты и Атаки 	205	200	00001	10000	1	0	-1	10000	5	0	1	-1	-1	-1	-1	-1	-1	-1	0	1	0	0	0	0	1	1	1	B7	0	0	1	1	1	1	1	0	tipcsa18	1	0	0	
ipcsa19	1	72053C	156	Микстура Критической Атаки 	205	200	11000	10000	3	0	-1	10000	4	0	1	-1	-1	-1	-1	-1	-1	-1	0	1	0	0	0	0	1	1	1	B8	0	0	1	1	1	1	1	0	tipcsa19	1	0	0	
ipcsa20	1	82053D	157	Зелье Критической Атаки 	205	200	00110	10000	3	0	-1	10000	4	0	1	-1	-1	-1	-1	-1	-1	-1	0	1	0	0	0	0	1	1	1	B9	0	0	1	1	1	1	1	0	tipcsa20	1	0	0	
ipcsa21	1	42053E	158	Восстановитель Критической Атаки 	205	200	00001	10000	3	0	-1	10000	4	0	1	-1	-1	-1	-1	-1	-1	-1	0	1	0	0	0	0	1	1	1	BA	0	0	1	1	1	1	1	0	tipcsa21	1	0	0	
ipcsa22	1	72053C	159	Микстура Увеличения Жизни 	205	200	11000	10000	3	0	-1	10000	4	0	1	-1	-1	-1	-1	-1	-1	-1	0	1	0	0	0	0	1	1	1	BB	0	0	1	1	1	1	1	0	tipcsa22	1	0	0	
ipcsa23	1	82053D	160	Зелье Увеличения Жизни 	205	200	00110	10000	3	0	-1	10000	4	0	1	-1	-1	-1	-1	-1	-1	-1	0	1	0	0	0	0	1	1	1	BC	0	0	1	1	1	1	1	0	tipcsa23	1	0	0	
ipcsa24	1	42053E	161	Восстановитель Увеличения Жизни 	205	200	00001	10000	3	0	-1	10000	4	0	1	-1	-1	-1	-1	-1	-1	-1	0	1	0	0	0	0	1	1	1	BD	0	0	1	1	1	1	1	0	tipcsa24	1	0	0	
ipcsa25	1	72053C	162	Микстура Быстрых Умений 	205	200	11000	10000	3	0	-1	10000	4	0	1	-1	-1	-1	-1	-1	-1	-1	0	1	0	0	0	0	1	1	1	BE	0	0	1	1	1	1	1	0	tipcsa25	1	0	0	
ipcsa26	1	82053D	163	Зелье Быстрых Умений 	205	200	00110	10000	3	0	-1	10000	4	0	1	-1	-1	-1	-1	-1	-1	-1	0	1	0	0	0	0	1	1	1	BF	0	0	1	1	1	1	1	0	tipcsa26	1	0	0	
ipcsa27	1	42053E	164	Восстановитель Быстрых Умений 	205	200	00001	10000	3	0	-1	10000	4	0	1	-1	-1	-1	-1	-1	-1	-1	0	1	0	0	0	0	1	1	1	C0	0	0	1	1	1	1	1	0	tipcsa27	1	0	0	
ipcsa28	1	72053C	165	Микстура Невидимости 	205	200	11000	10000	3	0	-1	10000	4	0	1	-1	-1	-1	-1	-1	-1	-1	0	1	0	0	0	0	1	1	1	C1	0	0	1	1	1	1	1	0	tipcsa28	1	0	0	
ipcsa29	1	82053D	166	Зелье Невидимости 	205	200	00110	10000	3	0	-1	10000	4	0	1	-1	-1	-1	-1	-1	-1	-1	0	1	0	0	0	0	1	1	1	C2	0	0	1	1	1	1	1	0	tipcsa29	1	0	0	
ipcsa30	1	42053E	167	Восстановитель Невидимости 	205	200	00001	10000	3	0	-1	10000	4	0	1	-1	-1	-1	-1	-1	-1	-1	0	1	0	0	0	0	1	1	1	C3	0	0	1	1	1	1	1	0	tipcsa30	1	0	0	
ipcsa31	1	72053C	168	Микстура Ловкости 	205	200	11000	10000	3	0	-1	10000	4	0	1	-1	-1	-1	-1	-1	-1	-1	0	1	0	0	0	0	1	1	1	C4	0	0	1	1	1	1	1	0	tipcsa31	1	0	0	
ipcsa32	1	82053D	169	Зелье Ловкости 	205	200	00110	10000	3	0	-1	10000	4	0	1	-1	-1	-1	-1	-1	-1	-1	0	1	0	0	0	0	1	1	1	C5	0	0	1	1	1	1	1	0	tipcsa32	1	0	0	
ipcsa33	1	42053E	170	Восстановитель Ловкости 	205	200	00001	10000	3	0	-1	10000	4	0	1	-1	-1	-1	-1	-1	-1	-1	0	1	0	0	0	0	1	1	1	C6	0	0	1	1	1	1	1	0	tipcsa33	1	0	0	
ipcsa34	1	72063C	171	Микстура Очищения 	206	200	11000	10000	-1	0	-1	2500	3	0	1	-1	-1	-1	-1	-1	-1	-1	0	1	0	0	0	0	1	1	1	C7	0	0	1	1	1	1	1	0	tipcsa34	1	0	0	
ipcsa35	1	82063D	172	Зелье Очищения 	206	200	00110	10000	-1	0	-1	2500	3	0	1	-1	-1	-1	-1	-1	-1	-1	0	1	0	0	0	0	1	1	1	C8	0	0	1	1	1	1	1	0	tipcsa35	1	0	0	
ipcsa36	1	42063E	173	Восстановитель Очищения 	206	200	00001	10000	-1	0	-1	2500	3	0	1	-1	-1	-1	-1	-1	-1	-1	0	1	0	0	0	0	1	1	1	C9	0	0	1	1	1	1	1	0	tipcsa36	1	0	0	
ipcsa37	1	72063C	174	Микстура Очищения [Премиум 	206	200	11000	10000	-1	0	-1	1000	3	0	1	-1	-1	-1	-1	-1	-1	-1	0	1	0	0	0	0	1	1	1	CA	0	0	1	1	1	1	1	0	tipcsa37	1	0	0	
ipcsa38	1	82063D	175	Зелье Очищения [Премиум 	206	200	00110	10000	-1	0	-1	1000	3	0	1	-1	-1	-1	-1	-1	-1	-1	0	1	0	0	0	0	1	1	1	CB	0	0	1	1	1	1	1	0	tipcsa38	1	0	0	
ipcsa39	1	42063E	176	Восстановитель Очищения [Премиум 	206	200	00001	10000	-1	0	-1	1000	3	0	1	-1	-1	-1	-1	-1	-1	-1	0	1	0	0	0	0	1	1	1	CC	0	0	1	1	1	1	1	0	tipcsa39	1	0	0	
ipcsa40	1	72053C	177	Микстура Совершенной Атаки 	205	200	11000	10000	2	0	-1	10000	5	0	1	-1	-1	-1	-1	-1	-1	-1	0	1	0	0	0	0	1	1	1	CD	0	0	1	1	1	1	1	0	tipcsa40	1	0	0	
ipcsa41	1	82053D	178	Зелье Совершенной Атаки 	205	200	00110	10000	2	0	-1	10000	5	0	1	-1	-1	-1	-1	-1	-1	-1	0	1	0	0	0	0	1	1	1	CE	0	0	1	1	1	1	1	0	tipcsa41	1	0	0	
ipcsa42	1	42053E	179	Восстановитель Совершенной Атаки 	205	200	00001	10000	2	0	-1	10000	5	0	1	-1	-1	-1	-1	-1	-1	-1	0	1	0	0	0	0	1	1	1	CF	0	0	1	1	1	1	1	0	tipcsa42	1	0	0	
ipcsa43	1	72053C	180	Микстура Жизни и Защиты 	205	200	11000	10000	2	0	-1	10000	5	0	1	-1	-1	-1	-1	-1	-1	-1	0	1	0	0	0	0	1	1	1	D0	0	0	1	1	1	1	1	0	tipcsa43	1	0	0	
ipcsa44	1	82053D	181	Зелье Жизни и Защиты 	205	200	00110	10000	2	0	-1	10000	5	0	1	-1	-1	-1	-1	-1	-1	-1	0	1	0	0	0	0	1	1	1	D1	0	0	1	1	1	1	1	0	tipcsa44	1	0	0	
ipcsa45	1	42053E	182	Восстановитель Жизни и Защиты 	205	200	00001	10000	2	0	-1	10000	5	0	1	-1	-1	-1	-1	-1	-1	-1	0	1	0	0	0	0	1	1	1	D2	0	0	1	1	1	1	1	0	tipcsa45	1	0	0	
ipcsa46	1	72053C	183	Микстура Быстрых Умений [Премиум 	205	200	11000	10000	2	0	-1	10000	5	0	1	-1	-1	-1	-1	-1	-1	-1	0	1	0	0	0	0	1	1	1	D3	0	0	1	1	1	1	1	0	tipcsa46	1	0	0	
ipcsa47	1	82053D	184	Зелье Быстрых Умений [Премиум 	205	200	00110	10000	2	0	-1	10000	5	0	1	-1	-1	-1	-1	-1	-1	-1	0	1	0	0	0	0	1	1	1	D4	0	0	1	1	1	1	1	0	tipcsa47	1	0	0	
ipcsa48	1	42053E	185	Восстановитель Быстрых Умений [Премиум 	205	200	00001	10000	2	0	-1	10000	5	0	1	-1	-1	-1	-1	-1	-1	-1	0	1	0	0	0	0	1	1	1	D5	0	0	1	1	1	1	1	0	tipcsa48	1	0	0	
ipcsa49	1	72053C	186	Ударная Микстура Спокойствия 	205	200	11000	10000	2	0	-1	10000	5	0	1	-1	-1	-1	-1	-1	-1	-1	0	1	0	0	0	0	1	1	1	D6	0	0	1	1	1	1	1	0	tipcsa49	1	0	0	
ipcsa50	1	82053D	187	Ударное Зелье Спокойствия 	205	200	00110	10000	2	0	-1	10000	5	0	1	-1	-1	-1	-1	-1	-1	-1	0	1	0	0	0	0	1	1	1	D7	0	0	1	1	1	1	1	0	tipcsa50	1	0	0	
ipcsa51	1	42053E	188	Агрессивный Восстановитель Спокойствия 	205	200	00001	10000	2	0	-1	10000	5	0	1	-1	-1	-1	-1	-1	-1	-1	0	1	0	0	0	0	1	1	1	D8	0	0	1	1	1	1	1	0	tipcsa51	1	0	0	
ipcsa52	1	72053C	189	Ограждающая Микстура Усиления [Премиум  	205	200	11000	10000	2	0	-1	10000	5	0	1	-1	-1	-1	-1	-1	-1	-1	0	1	0	0	0	0	1	1	1	D9	0	0	1	1	1	1	1	0	tipcsa52	1	0	0	
ipcsa53	1	82053D	190	Ограждающее Зелье Усиления [Премиум  	205	200	00110	10000	2	0	-1	10000	5	0	1	-1	-1	-1	-1	-1	-1	-1	0	1	0	0	0	0	1	1	1	DA	0	0	1	1	1	1	1	0	tipcsa53	1	0	0	
ipcsa54	1	42053E	191	Укрепляющий Восстановитель Усиления [Премиум  	205	200	00001	10000	2	0	-1	10000	5	0	1	-1	-1	-1	-1	-1	-1	-1	0	1	0	0	0	0	1	1	1	DB	0	0	1	1	1	1	1	0	tipcsa54	1	0	0	
ipcsa55	1	72053C	192	Ударная Микстура Спокойного Времени 	205	200	11000	10000	1	0	-1	10000	6	0	1	-1	-1	-1	-1	-1	-1	-1	0	1	0	0	0	0	1	1	1	DC	0	0	1	1	1	1	1	0	tipcsa55	1	0	0	
ipcsa56	1	82053D	193	Ударное Зелье Спокойного Времени 	205	200	00110	10000	1	0	-1	10000	6	0	1	-1	-1	-1	-1	-1	-1	-1	0	1	0	0	0	0	1	1	1	DD	0	0	1	1	1	1	1	0	tipcsa56	1	0	0	
ipcsa57	1	42053E	194	Агрессивный Восстановитель Спокойного Времени 	205	200	00001	10000	1	0	-1	10000	6	0	1	-1	-1	-1	-1	-1	-1	-1	0	1	0	0	0	0	1	1	1	DE	0	0	1	1	1	1	1	0	tipcsa57	1	0	0	
ipcsa58	1	72053C	195	Ударная Микстура Спокойного Остроумия 	205	200	11000	10000	1	0	-1	10000	6	0	1	-1	-1	-1	-1	-1	-1	-1	0	1	0	0	0	0	1	1	1	DF	0	0	1	1	1	1	1	0	tipcsa58	1	0	0	
ipcsa59	1	82053D	196	Ударное Зелье Спокойного Остроумия 	205	200	00110	10000	1	0	-1	10000	6	0	1	-1	-1	-1	-1	-1	-1	-1	0	1	0	0	0	0	1	1	1	E0	0	0	1	1	1	1	1	0	tipcsa59	1	0	0	
ipcsa60	1	42053E	197	Агрессивный Восстановитель Спокойного Остроумия 	205	200	00001	10000	1	0	-1	10000	6	0	1	-1	-1	-1	-1	-1	-1	-1	0	1	0	0	0	0	1	1	1	E1	0	0	1	1	1	1	1	0	tipcsa60	1	0	0	
ipcsa61	1	72053C	198	Агресивная Ограждающая Микстура 	205	200	11000	10000	1	0	-1	10000	6	0	1	-1	-1	-1	-1	-1	-1	-1	0	1	0	0	0	0	1	1	1	E2	0	0	1	1	1	1	1	0	tipcsa61	1	0	0	
ipcsa62	1	82053D	199	Агресивное Ограждающее Зелье 	205	200	00110	10000	1	0	-1	10000	6	0	1	-1	-1	-1	-1	-1	-1	-1	0	1	0	0	0	0	1	1	1	E3	0	0	1	1	1	1	1	0	tipcsa62	1	0	0	
ipcsa63	1	42053E	200	Агресивный Ограждающий Восстановитель 	205	200	00001	10000	1	0	-1	10000	6	0	1	-1	-1	-1	-1	-1	-1	-1	0	1	0	0	0	0	1	1	1	E4	0	0	1	1	1	1	1	0	tipcsa63	1	0	0	
ipcsa64	1	72053C	201	Агрессивная Микстура Времени 	205	200	11000	10000	1	0	-1	10000	7	0	1	-1	-1	-1	-1	-1	-1	-1	0	1	0	0	0	0	1	1	1	E5	0	0	1	1	1	1	1	0	tipcsa64	1	0	0	
ipcsa65	1	82053D	202	Агрессивное Зелье Времени 	205	200	00110	10000	1	0	-1	10000	7	0	1	-1	-1	-1	-1	-1	-1	-1	0	1	0	0	0	0	1	1	1	E6	0	0	1	1	1	1	1	0	tipcsa65	1	0	0	
ipcsa66	1	42053E	203	Агрессивный Восстановитель Времени 	205	200	00001	10000	1	0	-1	10000	7	0	1	-1	-1	-1	-1	-1	-1	-1	0	1	0	0	0	0	1	1	1	E7	0	0	1	1	1	1	1	0	tipcsa66	1	0	0	
ipcsa67	1	72053C	204	Агрессивная Микстура Остроумия и Времени 	205	200	11000	10000	1	0	-1	10000	7	0	1	-1	-1	-1	-1	-1	-1	-1	0	1	0	0	0	0	1	1	1	E8	0	0	1	1	1	1	1	0	tipcsa67	1	0	0	
ipcsa68	1	82053D	205	Агрессивное Зелье Остроумия и Времени 	205	200	00110	10000	1	0	-1	10000	7	0	1	-1	-1	-1	-1	-1	-1	-1	0	1	0	0	0	0	1	1	1	E9	0	0	1	1	1	1	1	0	tipcsa68	1	0	0	
ipcsa69	1	42053E	206	Агрессивный Восстановитель Остроумия и Времени 	205	200	00001	10000	1	0	-1	10000	7	0	1	-1	-1	-1	-1	-1	-1	-1	0	1	0	0	0	0	1	1	1	EA	0	0	1	1	1	1	1	0	tipcsa69	1	0	0	
ipcsa70	1	72003C	207	Великая Микстура НР+5000 [Премиум 	200	250	11000	10000	-1	0	-1	2200	0	0	1	-1	-1	-1	-1	-1	-1	-1	0	1	0	0	0	0	1	1	1	EB	0	0	1	1	1	1	1	0	tipcsa70	1	0	0	
ipcsa71	1	82003D	208	Великое Зелье НР+5000 [Премиум 	200	250	00110	10000	-1	0	-1	2200	0	0	1	-1	-1	-1	-1	-1	-1	-1	0	1	0	0	0	0	1	1	1	EC	0	0	1	1	1	1	1	0	tipcsa71	1	0	0	
ipcsa72	1	42003E	209	Великий Восстановитель НР+5000 [Премиум 	200	250	00001	10000	-1	0	-1	2200	0	0	1	-1	-1	-1	-1	-1	-1	-1	0	1	0	0	0	0	1	1	1	ED	0	0	1	1	1	1	1	0	tipcsa72	1	0	0	
ipwem01	1	A20F01	232	Одинокий Волк 	302	250	11111	10000	-1	0	-1	3000	12	0	1	-1	-1	-1	-1	-1	-1	-1	0	5000	0	0	0	0	500	1	1	EF	0	0	1	1	1	1	1	0	tipwem01	0	0	0	
ipwef01	1	A20F02	233	Марка лисы 	302	250	11111	01000	-1	0	1	1000	12	200	1	-1	-1	-1	-1	-1	-1	-1	0	5000	0	0	0	0	500	1	1	F0	4	0	1	1	1	1	1	0	tipwef01	0	0	0	
ipcsa73	1	A20068	230	Капсула Смены Специализации	200	250	11111	10000	-1	0	-1	0	13	0	1	-1	-1	-1	-1	-1	-1	-1	0	1	0	0	0	0	1	1	1	F1	0	0	0	0	0	1	1	0	tipcsa73	1	0	0	
ipbad02	1	72053C	234	Адреналиновый Допинг 	205	250	11000	10000	3	0	-1	8000	4	0	1	-1	-1	-1	-1	-1	-1	-1	0	24700	0	0	0	0	2470	1	1	F2	0	0	1	1	1	1	1	0	Tipbad02	0	0	0	
ipcad02	1	82053D	235	Адреналиновый Допинг 	205	250	00110	10000	3	0	-1	8000	4	0	1	-1	-1	-1	-1	-1	-1	-1	0	24700	0	0	0	0	2470	1	1	F3	0	0	1	1	1	1	1	0	Tipcad02	0	0	0	
ipaad02	1	42053E	236	Адреналиновый Восстановитель	205	250	00001	10000	3	0	-1	8000	4	0	1	-1	-1	-1	-1	-1	-1	-1	0	24700	0	0	0	0	2470	1	1	F4	0	0	1	1	1	1	1	0	Tipaad02	0	0	0	
ipbde07	1	72053C	237	Допинг Протекции 	205	250	11000	10000	3	0	-1	8000	4	0	1	-1	-1	-1	-1	-1	-1	-1	0	16300	0	0	0	0	1630	1	1	F5	0	0	1	1	1	1	1	0	Tipbde07	0	0	0	
ipbde08	1	82053D	238	Допинг Протекции 	205	250	00110	10000	3	0	-1	8000	4	0	1	-1	-1	-1	-1	-1	-1	-1	0	16300	0	0	0	0	1630	1	1	F6	0	0	1	1	1	1	1	0	Tipbde08	0	0	0	
ipbde09	1	42053E	239	Восстановитель Протекции	205	250	00001	10000	3	0	-1	8000	4	0	1	-1	-1	-1	-1	-1	-1	-1	0	16300	0	0	0	0	1630	1	1	F7	0	0	1	1	1	1	1	0	Tipbde09	0	0	0	
ipdrw01	1	A20503	240	Концентрированный Яд	205	250	11111	00110	-1	0	-1	6000	4	140	45	-1	-1	-1	-1	-1	-1	-1	0	1	0	0	0	0	1	1	1	F8	1	60	1	0	0	1	1	0	Tipdrw01	0	0	0	
ipdrw02	1	A20504	241	Допинг Берсерка	205	250	11111	10000	-1	0	-1	10000	4	0	1	-1	-1	-1	-1	-1	-1	-1	0	1	0	0	0	0	1	1	1	F9	0	0	1	0	0	1	1	0	Tipdrw02	0	0	0	
ipdrw03	1	A20505	242	Сеть Гремла Шипоголова	205	250	11111	00110	-1	0	-1	60000	4	140	45	-1	-1	-1	-1	-1	-1	-1	0	1	0	0	0	0	1	1	1	FA	0	0	1	0	0	1	1	0	Tipdrw03	0	0	0	
ipncl01	1	A20605	261	Капсула Антирада	206	205	11111	10000	-1	0	-1	1000	14	0	1	-1	-1	-1	-1	-1	-1	-1	0	250000	0	0	0	0	25000	1	1	FB	0	0	1	1	1	1	1	0	Tipncl01	0	0	0	
ipacu01	1	42064A	66	Восстановитель Жизни 	206	200	1	10000	-1	0	-1	4000	3	0	1	-1	-1	-1	-1	-1	-1	-1	0	2100	0	0	0	0	97	1	1	FC	0	0	1	1	1	1	1	0	tipacu01	0	0	0	
ipbfp09	1	720118	25	Допинг FP+50	201	250	11000	10000	-1	0	-1	1600	1	0	1	-1	-1	-1	-1	-1	-1	-1	0	120	0	0	0	0	12	1	1	FD	0	0	1	1	1	1	1	0	tipbfp09	0	0	0	
ipbfp10	1	720119	26	Допинг FP+125	201	250	11000	10000	-1	0	-1	1600	1	0	1	-1	-1	-1	-1	-1	-1	-1	0	300	0	0	0	0	30	1	1	FE	0	0	1	1	1	1	1	0	tipbfp10	0	0	0	
ipbfp11	1	72011A	27	Допинг FP+250	201	250	11000	10000	-1	0	-1	1600	1	0	1	-1	-1	-1	-1	-1	-1	-1	0	660	0	0	0	0	66	1	1	FF	0	0	1	1	1	1	1	0	tipbfp11	0	0	0	
ipbfp12	1	72011B	28	Допинг FP+500	201	250	11000	10000	-1	0	-1	1800	1	0	1	-1	-1	-1	-1	-1	-1	-1	0	1500	0	0	0	0	150	1	1	100	0	0	1	1	1	1	1	0	tipbfp12	0	0	0	
ipbfp13	1	72011C	29	Допинг FP+1000	201	250	11000	10000	-1	0	-1	2200	1	0	1	-1	-1	-1	-1	-1	-1	-1	0	3600	0	0	0	0	360	1	1	101	0	0	1	1	1	1	1	0	tipbfp13	0	0	0	
ipbfp14	1	72011D	30	Допинг FP+1500	201	250	11000	10000	-1	0	-1	2500	1	0	1	-1	-1	-1	-1	-1	-1	-1	0	6750	0	0	0	0	675	1	1	102	0	0	1	1	1	1	1	0	tipbfp14	0	0	0	
ipbfp15	1	72011E	31	Допинг FP+2000	201	250	11000	10000	-1	0	-1	4000	1	0	1	-1	-1	-1	-1	-1	-1	-1	0	11700	0	0	0	0	1170	1	1	103	0	0	1	1	1	1	1	0	tipbfp15	0	0	0	
ipbfp16	1	72011F	32	Допинг FP+2500	201	250	11000	10000	-1	0	-1	5000	1	0	1	-1	-1	-1	-1	-1	-1	-1	0	19740	0	0	0	0	1974	1	1	104	0	0	1	1	1	1	1	0	tipbfp16	0	0	0	
ipcfp09	1	820120	33	Допинг FP+50	201	250	00110	10000	-1	0	-1	1600	1	0	1	-1	-1	-1	-1	-1	-1	-1	0	120	0	0	0	0	12	1	1	105	0	0	1	1	1	1	1	0	tipcfp09	0	0	0	
ipcfp10	1	820121	34	Допинг FP+125	201	250	00110	10000	-1	0	-1	1600	1	0	1	-1	-1	-1	-1	-1	-1	-1	0	300	0	0	0	0	30	1	1	106	0	0	1	1	1	1	1	0	tipcfp10	0	0	0	
ipcfp11	1	820122	35	Допинг FP+250	201	250	00110	10000	-1	0	-1	1600	1	0	1	-1	-1	-1	-1	-1	-1	-1	0	660	0	0	0	0	66	1	1	107	0	0	1	1	1	1	1	0	tipcfp11	0	0	0	
ipcfp12	1	820123	36	Допинг FP+500	201	250	00110	10000	-1	0	-1	1800	1	0	1	-1	-1	-1	-1	-1	-1	-1	0	1500	0	0	0	0	150	1	1	108	0	0	1	1	1	1	1	0	tipcfp12	0	0	0	
ipcfp13	1	820124	37	Допинг FP+1000	201	250	00110	10000	-1	0	-1	2200	1	0	1	-1	-1	-1	-1	-1	-1	-1	0	3600	0	0	0	0	360	1	1	109	0	0	1	1	1	1	1	0	tipcfp13	0	0	0	
ipcfp14	1	820125	38	Допинг FP+1500	201	250	00110	10000	-1	0	-1	2500	1	0	1	-1	-1	-1	-1	-1	-1	-1	0	6750	0	0	0	0	675	1	1	10A	0	0	1	1	1	1	1	0	tipcfp14	0	0	0	
ipcfp15	1	820126	39	Допинг FP+2000	201	250	00110	10000	-1	0	-1	4000	1	0	1	-1	-1	-1	-1	-1	-1	-1	0	11700	0	0	0	0	1170	1	1	10B	0	0	1	1	1	1	1	0	tipcfp15	0	0	0	
ipcfp16	1	820127	40	Допинг FP+2500	201	250	00110	10000	-1	0	-1	5000	1	0	1	-1	-1	-1	-1	-1	-1	-1	0	19740	0	0	0	0	1974	1	1	10C	0	0	1	1	1	1	1	0	tipcfp16	0	0	0	
ipafp09	1	420128	41	Допинг FP+50	201	250	00001	10000	-1	0	-1	1600	1	0	1	-1	-1	-1	-1	-1	-1	-1	0	120	0	0	0	0	12	1	1	10D	0	0	1	1	1	1	1	0	tipafp09	0	0	0	
ipafp10	1	420129	42	Допинг FP+125	201	250	00001	10000	-1	0	-1	1600	1	0	1	-1	-1	-1	-1	-1	-1	-1	0	300	0	0	0	0	30	1	1	10E	0	0	1	1	1	1	1	0	tipafp10	0	0	0	
ipafp11	1	42012A	43	Допинг FP+250	201	250	00001	10000	-1	0	-1	1600	1	0	1	-1	-1	-1	-1	-1	-1	-1	0	660	0	0	0	0	66	1	1	10F	0	0	1	1	1	1	1	0	tipafp11	0	0	0	
ipafp12	1	42012B	44	Допинг FP+500	201	250	00001	10000	-1	0	-1	1800	1	0	1	-1	-1	-1	-1	-1	-1	-1	0	1500	0	0	0	0	150	1	1	110	0	0	1	1	1	1	1	0	tipafp12	0	0	0	
ipafp13	1	42012C	45	Допинг FP+1000	201	250	00001	10000	-1	0	-1	2200	1	0	1	-1	-1	-1	-1	-1	-1	-1	0	3600	0	0	0	0	360	1	1	111	0	0	1	1	1	1	1	0	tipafp13	0	0	0	
ipafp14	1	42012D	46	Допинг FP+1500	201	250	00001	10000	-1	0	-1	2500	1	0	1	-1	-1	-1	-1	-1	-1	-1	0	6750	0	0	0	0	675	1	1	112	0	0	1	1	1	1	1	0	tipafp14	0	0	0	
ipafp15	1	42012E	47	Допинг FP+2000	201	250	00001	10000	-1	0	-1	4000	1	0	1	-1	-1	-1	-1	-1	-1	-1	0	11700	0	0	0	0	1170	1	1	113	0	0	1	1	1	1	1	0	tipafp15	0	0	0	
ipafp16	1	42012F	48	Допинг FP+2500	201	250	00001	10000	-1	0	-1	5000	1	0	1	-1	-1	-1	-1	-1	-1	-1	0	19740	0	0	0	0	1974	1	1	114	0	0	1	1	1	1	1	0	tipafp16	0	0	0	
ipche01	1	A20068	265	Средство изменения имени персонажа	200	250	11111	10000	-1	0	-1	0	15	0	1	-1	-1	-1	-1	-1	-1	-1	0	1	0	0	0	0	1	1	1	115	0	0	0	0	0	1	1	0	tipche01	1	0	0	
ipcal01	1	A20503	263	Допинг Вызывания	201	250	11111	01000	-1	0	-1	10000	16	-1	1	-1	0	40108	40203	-1	-1	-1	0	1	0	0	0	0	1000	1	1	116	0	0	1	1	0	1	1	0	tipcal01	1	0	0	
ipwhp01	1	A20503	264	Допинг Телепортации	201	250	11111	01000	-1	0	-1	10000	17	-1	1	-1	0	40108	40203	-1	-1	-1	0	1	0	0	0	0	1000	1	1	117	0	0	1	1	0	1	1	0	tipwhp01	1	0	0	
ipexp01	1	A20068	241	Допинг 1 процента опыта	201	250	11111	10000	-1	0	-1	0	18	0	1	-1	-1	-1	-1	-1	-1	-1	0	1	0	0	0	0	1	1	1	118	0	0	0	0	0	0	1	0	tipexp01	1	0	1	
ipexp02	1	A20068	241	Допинг 100 миллионов опыта	201	250	11111	10000	-1	0	-1	0	18	0	1	-1	-1	-1	-1	-1	-1	-1	0	1	0	0	0	0	1	1	1	119	0	0	0	0	0	1	1	0	tipexp02	1	0	0	
ipgag01	1	A20068	268	Допинг показателя защиты	205	250	11111	10000	-1	1	-1	300000	12	0	1	-1	-1	-1	-1	-1	-1	-1	0	250000	0	0	0	0	1000	1	1	11A	0	0	1	1	1	1	1	0	tipgag01	0	0	0	
iprun01	1	A2012F	276	Руна Изгнания	205	250	11111	00100	-1	0	-1	600000	19	200	1	-1	-1	-1	-1	-1	-1	-1	0	800	0	0	0	0	10000	1	1	11B	0	0	1	1	1	1	1	0	tiprun01	0	0	0	
iprun02	1	A2012F	274	Руна разрушения	201	250	11111	10000	-1	0	-1	300000	19	200	1	-1	-1	-1	-1	-1	-1	-1	0	12500	0	0	0	0	10000	1	1	11C	0	0	1	1	1	1	1	0	tiprun02	0	0	0	
iprun03	1	A2012F	280	Руна Забвения	205	250	11111	00100	-1	0	-1	300000	19	200	1	-1	-1	-1	-1	-1	-1	-1	0	400	0	0	0	0	10000	1	1	11D	0	0	1	1	1	1	1	0	tiprun03	0	0	0	
iprun04	1	A2012F	279	Руна Противодействия	205	250	11111	00100	-1	0	-1	300000	19	200	1	-1	-1	-1	-1	-1	-1	-1	0	400	0	0	0	0	10000	1	1	11E	0	0	1	1	1	1	1	0	tiprun04	0	0	0	
iprun05	1	A2012F	273	Руна Тьмы	205	250	11111	00100	-1	0	-1	600000	19	200	1	-1	-1	-1	-1	-1	-1	-1	0	300	0	0	0	0	10000	1	1	11F	0	0	1	1	1	1	1	0	tiprun05	0	0	0	
iprun06	1	A2012F	278	Руна Вампира	205	250	11111	00100	-1	0	-1	300000	19	200	1	-1	-1	-1	-1	-1	-1	-1	0	50000	0	0	0	0	10000	1	1	120	0	0	1	1	1	1	1	0	tiprun06	0	0	0	
iprun07	1	A2012F	277	Руна Быстроты	201	250	11111	10000	-1	0	-1	300000	19	0	1	-1	-1	-1	-1	-1	-1	-1	0	12500	0	0	0	0	10000	1	1	121	0	0	1	1	1	1	1	0	tiprun07	0	0	0	
iprun08	1	A2012F	281	Руна Спасения	201	250	11111	10000	-1	0	-1	1800000	19	0	1	-1	-1	-1	-1	-1	-1	-1	0	75000	0	0	0	0	10000	1	1	122	0	0	1	1	1	1	1	0	tiprun08	0	0	0	
iprun09	1	A2012F	275	Руна Защиты	205	250	11111	11000	-1	0	-1	300000	19	200	1	-1	-1	-1	-1	-1	-1	-1	0	75000	0	0	0	0	10000	1	1	123	0	0	1	1	1	1	1	0	tiprun09	0	0	0	
ipgag02	1	A20068	268	Допинг показателя защиты 150	205	250	11111	10000	-1	1	-1	300000	12	0	1	-1	-1	-1	-1	-1	-1	-1	0	500000	0	0	0	0	1000	1	1	124	0	0	1	1	1	1	1	0	tipgag02	0	0	0	
ipgag03	1	A20068	268	Допинг показателя защиты 100	205	250	11111	10000	-1	1	-1	300000	12	0	1	-1	-1	-1	-1	-1	-1	-1	0	500000	0	0	0	0	1000	1	1	125	0	0	1	1	1	1	1	0	tipgag03	0	0	0	
ipgag04	1	A20068	268	Допинг показателя защиты 50	205	250	11111	10000	-1	1	-1	300000	12	0	1	-1	-1	-1	-1	-1	-1	-1	0	500000	0	0	0	0	1000	1	1	126	0	0	1	1	1	1	1	0	tipgag04	0	0	0	
ipgag05	1	A20068	268	Допинг показателя защиты 40	205	250	11111	10000	-1	1	-1	300000	12	0	1	-1	-1	-1	-1	-1	-1	-1	0	500000	0	0	0	0	1000	1	1	127	0	0	1	1	1	1	1	0	tipgag05	0	0	0	
ipgag06	1	A20068	268	Допинг показателя защиты 30	205	250	11111	10000	-1	1	-1	300000	12	0	1	-1	-1	-1	-1	-1	-1	-1	0	500000	0	0	0	0	1000	1	1	128	0	0	1	1	1	1	1	0	tipgag06	0	0	0	
ipgag07	1	A20068	268	Допинг показателя защиты 20	205	250	11111	10000	-1	1	-1	300000	12	0	1	-1	-1	-1	-1	-1	-1	-1	0	500000	0	0	0	0	1000	1	1	129	0	0	1	1	1	1	1	0	tipgag07	0	0	0	
ipgag08	1	A20068	268	Допинг показателя защиты 10	205	250	11111	10000	-1	1	-1	300000	12	0	1	-1	-1	-1	-1	-1	-1	-1	0	500000	0	0	0	0	1000	1	1	12A	0	0	1	1	1	1	1	0	tipgag08	0	0	0	
ipftr01	1	A20201	282	Детектор Ловушек 5 сек.	205	250	11111	10000	-1	0	-1	1000	4	0	1	-1	-1	-1	-1	-1	-1	-1	0	1	0	0	0	0	1000	1	1	12B	0	0	1	1	1	1	1	0	tipftr01	0	0	0	
ipftr02	1	A20201	283	Определитель Ловушек [1 мин.]	205	250	11111	10000	-1	0	-1	1000	4	0	1	-1	-1	-1	-1	-1	-1	-1	0	1	0	0	0	0	1000	1	1	12C	0	0	1	1	1	1	1	0	tipftr02	1	0	0	
ipabc01	1	A20237	298	Кровь Эльфа	205	200	11111	10000	-1	0	-1	10000	4	0	1	-1	-1	-1	-1	-1	-1	-1	0	1	0	0	0	0	3000	1	1	12D	0	0	1	1	1	1	1	0	tipabc01	0	0	0	
ipabc02	1	A20237	299	Слеза Эльфа	205	200	11111	10000	-1	0	-1	10000	4	0	1	-1	-1	-1	-1	-1	-1	-1	0	1	0	0	0	0	3000	1	1	12E	0	0	1	1	1	1	1	0	tipabc02	0	0	0	
ipcsb01	1	A2052F	286	Опыт +50% на 30 мин.	205	250	11111	10000	-1	0	-1	1000	20	0	1	-1	-1	-1	-1	-1	-1	-1	0	1000	0	0	0	0	1000	1	1	12F	0	0	1	1	1	1	1	0	tipcsb01	1	0	0	
ipcsb02	1	A2052F	286	Опыт +100% на 1 час	205	250	11111	10000	-1	0	-1	1000	20	0	1	-1	-1	-1	-1	-1	-1	-1	0	1000	0	0	0	0	1000	1	1	130	0	0	1	1	1	1	1	0	tipcsb02	1	0	0	
ipcsb03	1	A2052F	291	Увеличивает PT x1	205	250	11111	10000	-1	0	-1	1000	21	0	1	-1	-1	-1	-1	-1	-1	-1	0	1000	0	0	0	0	1000	1	1	131	0	0	1	1	1	1	1	0	tipcsb03	1	0	0	
ipcsb04	1	A2052F	292	Увеличивает PT x2	205	250	11111	10000	-1	0	-1	1000	21	0	1	-1	-1	-1	-1	-1	-1	-1	0	1000	0	0	0	0	1000	1	1	132	0	0	1	1	1	1	1	0	tipcsb04	1	0	0	
ipcsb05	1	A2052F	293	Увеличивает PT x3	205	250	11111	10000	-1	0	-1	1000	21	0	1	-1	-1	-1	-1	-1	-1	-1	0	1000	0	0	0	0	1000	1	1	133	0	0	1	1	1	1	1	0	tipcsb05	1	0	0	
ipcsb06	1	A2052F	288	Увеличение выпадения 50% на 30 мин.	205	250	11111	10000	-1	0	-1	1000	22	0	1	-1	-1	-1	-1	-1	-1	-1	0	1000	0	0	0	0	1000	1	1	134	0	0	1	1	1	1	1	0	tipcsb06	1	0	0	
ipcsb07	1	A2052F	288	Увеличение выпадения 100% на 1 час	205	250	11111	10000	-1	0	-1	1000	22	0	1	-1	-1	-1	-1	-1	-1	-1	0	1000	0	0	0	0	1000	1	1	135	0	0	1	1	1	1	1	0	tipcsb07	1	0	0	
ipcsb08	1	A2052F	289	Увеличивает добычу руды х2 на 30 мин.	205	250	11111	10000	-1	0	-1	1000	23	0	1	-1	-1	-1	-1	-1	-1	-1	0	1000	0	0	0	0	1000	1	1	136	0	0	1	1	1	1	1	0	tipcsb08	1	0	0	
ipcsb09	1	A2052F	289	Увеличивает добычу руды х4 на 30 мин.	205	250	11111	10000	-1	0	-1	1000	23	0	1	-1	-1	-1	-1	-1	-1	-1	0	1000	0	0	0	0	1000	1	1	137	0	0	1	1	1	1	1	0	tipcsb09	1	0	0	
ipgag09	1	A20068	295	Зелье восстанавливающее доп. защиту	205	250	11111	10000	-1	0	-1	300000	12	0	1	-1	-1	-1	-1	-1	-1	-1	0	1000	0	0	0	0	1000	1	1	138	0	0	1	1	1	1	1	0	tipgag09	1	0	0	
ipcsa74	1	A20068	294	Зелье возрождения	200	250	11111	10000	-1	3	-1	0	24	0	1	-1	-1	-1	-1	-1	-1	-1	0	1	0	0	0	0	1	1	1	139	0	0	0	0	0	1	1	0	tipcsa74	1	0	0	
ipdou01	1	A20101	289	Зелье расширения слота положительного умения	200	250	11111	10000	-1	0	-1	0	25	0	1	-1	-1	-1	-1	-1	-1	-1	0	1	0	0	0	0	1	1	1	13A	0	0	0	0	0	1	1	0	tipduo01	1	0	0	
ipexp03	1	A20068	241	Малое Зелье Опыта	201	250	11111	10000	-1	0	-1	0	18	0	1	-1	-1	-1	-1	-1	-1	-1	0	1	0	0	0	0	1	1	1	13B	0	0	0	0	0	1	1	0	tipexp03	1	0	1	
ipqsa01	1	A2052F	300	Блюдо из ножек Королевы Крук	205	250	11111	10000	-1	0	-1	300000	12	0	1	-1	-1	-1	-1	-1	-1	-1	0	30000	0	0	0	0	1	1	1	13C	0	0	1	0	0	1	1	0	tipqsa01	0	0	0	
ipqsa07	1	A2052F	306	Кристал Наяла	205	250	11111	10000	-1	0	-1	300000	12	0	1	-1	-1	-1	-1	-1	-1	-1	0	1	0	0	0	0	1	1	1	13D	0	0	1	0	0	1	1	0	tipqsa07	0	0	0	
ipqsa08	1	A2052F	307	Зелье Железного Человека	205	250	11111	10000	-1	0	-1	300000	12	0	1	-1	-1	-1	-1	-1	-1	-1	0	1	0	0	0	0	1	1	1	13E	0	0	1	0	0	0	1	0	tipqsa08	0	0	0	
ipqsa09	1	A2052F	308	Создатель Кровопийц	205	250	11111	00100	-1	0	-1	300000	12	0	1	-1	-1	-1	-1	-1	-1	-1	0	1	0	0	0	0	1	1	1	13F	0	0	1	0	0	0	1	0	tipqsa09	0	0	0	
ipqsa10	1	A2052F	309	Зелье Опыта	205	250	11111	10000	-1	0	-1	420000	12	0	1	-1	-1	-1	-1	-1	-1	-1	0	1	0	0	0	0	1	1	1	140	0	0	1	0	0	0	1	0	tipqsa10	0	0	1	
ipevn01	1	A2053F	313	Шоколад [Предмет Дня Св. Валентина	205	250	11111	10000	-1	0	-1	1000	12	0	1	-1	-1	-1	-1	-1	-1	-1	0	1	0	0	0	0	1	1	1	141	0	0	1	1	1	0	1	0	tipevn01	1	0	0	
ipevn02	1	A2054F	314	Букет любимой [Предмет Дня Св. Валентина	205	250	11111	10000	-1	0	-1	1000	12	0	1	-1	-1	-1	-1	-1	-1	-1	0	1	0	0	0	0	1	1	1	142	0	0	1	1	1	0	1	0	tipevn02	1	0	0	
ipevn03	1	A2055F	315	Зелье увеличивающее скорость передвижения	205	250	11111	10000	-1	0	-1	1000	12	0	1	-1	-1	-1	-1	-1	-1	-1	0	1	0	0	0	0	1	1	1	143	0	0	1	1	1	0	1	0	tipevn03	1	0	0	
ipevn04	1	A2056F	316	Конфеты [Предмет Белого Дня	205	250	11111	10000	-1	0	-1	1000	12	0	1	-1	-1	-1	-1	-1	-1	-1	0	1	0	0	0	0	1	1	1	144	0	0	1	1	1	0	1	0	tipevn04	1	0	0	
ipbpc01	1	72053C	335	Премиум Микстура Защиты	205	250	11000	10000	3	0	-1	10000	4	0	1	-1	-1	-1	-1	-1	-1	-1	0	0	0	0	0	0	0	1	1	145	0	0	0	0	0	0	1	0	tipbpc01	0	0	0	
ipcpc01	1	82053D	336	Премиум Зелье Защиты	205	250	00110	10000	3	0	-1	10000	4	0	1	-1	-1	-1	-1	-1	-1	-1	0	0	0	0	0	0	0	1	1	146	0	0	0	0	0	0	1	0	tipcpc01	0	0	0	
ipapc01	1	42053E	337	Премиум Программатор Взрыва	205	250	00001	10000	3	0	-1	10000	4	0	1	-1	-1	-1	-1	-1	-1	-1	0	0	0	0	0	0	0	1	1	147	0	0	0	0	0	0	1	0	tipapc01	0	0	0	
ipbpc02	1	72053C	338	Премиум Микстура Защиты	205	250	11000	10000	3	0	-1	10000	4	0	1	-1	-1	-1	-1	-1	-1	-1	0	0	0	0	0	0	0	1	1	148	0	0	0	0	0	0	1	0	tipbpc02	0	0	0	
ipcpc02	1	82053D	339	Премиум Зелье Защиты	205	250	00110	10000	3	0	-1	10000	4	0	1	-1	-1	-1	-1	-1	-1	-1	0	0	0	0	0	0	0	1	1	149	0	0	0	0	0	0	1	0	tipcpc02	0	0	0	
ipapc02	1	42053E	340	Премиум Программатор Защиты	205	250	00001	10000	3	0	-1	10000	4	0	1	-1	-1	-1	-1	-1	-1	-1	0	0	0	0	0	0	0	1	1	14A	0	0	0	0	0	0	1	0	tipapc02	0	0	0	
ipbpc03	1	72053C	341	Премиум Микстура Крита	205	250	11000	10000	3	0	-1	10000	4	0	1	-1	-1	-1	-1	-1	-1	-1	0	0	0	0	0	0	0	1	1	14B	0	0	0	0	0	0	1	0	tipbpc03	0	0	0	
ipcpc03	1	82053D	342	Премиум Зелье Крита	205	250	00110	10000	3	0	-1	10000	4	0	1	-1	-1	-1	-1	-1	-1	-1	0	0	0	0	0	0	0	1	1	14C	0	0	0	0	0	0	1	0	tipcpc03	0	0	0	
ipapc03	1	42053E	343	Премиум Программатор Крита	205	250	00001	10000	3	0	-1	10000	4	0	1	-1	-1	-1	-1	-1	-1	-1	0	0	0	0	0	0	0	1	1	14D	0	0	0	0	0	0	1	0	tipapc03	0	0	0	
ipbpc04	1	72053C	344	Премиум Микстура Ловкости	205	250	11000	10000	3	0	-1	10000	4	0	1	-1	-1	-1	-1	-1	-1	-1	0	0	0	0	0	0	0	1	1	14E	0	0	0	0	0	0	1	0	tipbpc04	0	0	0	
ipcpc04	1	82053D	345	Премиум Зелье Ловкости	205	250	00110	10000	3	0	-1	10000	4	0	1	-1	-1	-1	-1	-1	-1	-1	0	0	0	0	0	0	0	1	1	14F	0	0	0	0	0	0	1	0	tipcpc04	0	0	0	
ipapc04	1	42053E	346	Премиум Восстановитель Ловкости	205	250	00001	10000	3	0	-1	10000	4	0	1	-1	-1	-1	-1	-1	-1	-1	0	0	0	0	0	0	0	1	1	150	0	0	0	0	0	0	1	0	tipapc04	0	0	0	
ipbpc05	1	720004	326	Премиум Целебная Микстура HP+2000	200	250	11000	10000	-1	0	-1	2500	0	0	1	-1	-1	-1	-1	-1	-1	-1	0	0	0	0	0	0	0	1	1	151	0	0	1	0	0	0	1	0	tipbpc05	0	0	0	
ipbpc06	1	720005	327	Премиум Целебная Микстура HP+3000	200	250	11000	10000	-1	0	-1	2500	0	0	1	-1	-1	-1	-1	-1	-1	-1	0	0	0	0	0	0	0	1	1	152	0	0	1	0	0	0	1	0	tipbpc06	0	0	0	
ipbpc07	1	720006	328	Премиум Целебная Микстура HP+4000	200	250	11000	10000	-1	0	-1	2500	0	0	1	-1	-1	-1	-1	-1	-1	-1	0	0	0	0	0	0	0	1	1	153	0	0	1	0	0	0	1	0	tipbpc07	0	0	0	
ipcpc05	1	82000C	329	Священное Зелье HP+2000	200	250	00110	10000	-1	0	-1	2500	0	0	1	-1	-1	-1	-1	-1	-1	-1	0	0	0	0	0	0	0	1	1	154	0	0	1	0	0	0	1	0	tipcpc05	0	0	0	
ipcpc06	1	82000D	330	Священное Зелье HP+3000	200	250	00110	10000	-1	0	-1	2500	0	0	1	-1	-1	-1	-1	-1	-1	-1	0	0	0	0	0	0	0	1	1	155	0	0	1	0	0	0	1	0	tipcpc06	0	0	0	
ipcpc07	1	82000E	331	Священное Зелье HP+4000	200	250	00110	10000	-1	0	-1	2500	0	0	1	-1	-1	-1	-1	-1	-1	-1	0	0	0	0	0	0	0	1	1	156	0	0	1	0	0	0	1	0	tipcpc07	0	0	0	
ipapc05	1	420014	332	Премиум Восстановитель HP+2000	200	250	00001	10000	-1	0	-1	2500	0	0	1	-1	-1	-1	-1	-1	-1	-1	0	0	0	0	0	0	0	1	1	157	0	0	1	0	0	0	1	0	tipapc05	0	0	0	
ipapc06	1	420015	333	Премиум Восстановитель HP+3000	200	250	00001	10000	-1	0	-1	2500	0	0	1	-1	-1	-1	-1	-1	-1	-1	0	0	0	0	0	0	0	1	1	158	0	0	1	0	0	0	1	0	tipapc06	0	0	0	
ipapc07	1	420016	334	Премиум Восстановитель HP+4000	200	250	00001	10000	-1	0	-1	2500	0	0	1	-1	-1	-1	-1	-1	-1	-1	0	0	0	0	0	0	0	1	1	159	0	0	1	0	0	0	1	0	tipapc07	0	0	0	
ipsav01	1	A20505	353	Увеличивающая Капсула Склада	205	250	11111	10000	-1	0	-1	1000	26	0	1	-1	-1	-1	-1	-1	-1	-1	0	0	0	0	0	0	0	1	1	15A	0	0	1	1	0	0	1	0	tipsav01	1	0	0	
ipcsa94	1	A2056F	347	Благославленное Зелье Восстановления 1 ур.	205	250	11111	10000	-1	0	-1	1000	27	0	1	-1	-1	-1	-1	-1	-1	-1	0	1	0	0	0	0	1	1	1	15B	0	0	1	1	0	1	1	0	tipcsa94	1	0	0	
ipcsa95	1	A2056F	348	Благославленное Зелье Восстановления 1 ур.	205	250	11111	10000	-1	0	-1	1000	27	0	1	-1	-1	-1	-1	-1	-1	-1	0	1	0	0	0	0	1	1	1	15C	0	0	1	1	0	1	1	0	tipcsa95	1	0	0	
ipcsa96	1	A2056F	349	Благославленное Зелье Восстановления 1 ур.	205	250	11111	10000	-1	0	-1	1000	27	0	1	-1	-1	-1	-1	-1	-1	-1	0	1	0	0	0	0	1	1	1	15D	0	0	1	1	0	1	1	0	tipcsa96	1	0	0	
ipcsa97	1	A2056F	350	Благославленное Зелье Сопротивления 1 ур.	205	250	11111	10000	-1	0	-1	1000	27	0	1	-1	-1	-1	-1	-1	-1	-1	0	1	0	0	0	0	1	1	1	15E	0	0	1	1	0	1	1	0	tipcsa97	1	0	0	
ipcsa98	1	A2056F	351	Благославленное Зелье Сопротивления 2 ур.	205	250	11111	10000	-1	0	-1	1000	27	0	1	-1	-1	-1	-1	-1	-1	-1	0	1	0	0	0	0	1	1	1	15F	0	0	1	1	0	1	1	0	tipcsa98	1	0	0	
ipcsa99	1	A2056F	352	Благославленное Зелье Сопротивления 3 ур.	205	250	11111	10000	-1	0	-1	1000	27	0	1	-1	-1	-1	-1	-1	-1	-1	0	1	0	0	0	0	1	1	1	160	0	0	1	1	0	1	1	0	tipcsa99	1	0	0	
ipbhp09	1	720006	7	Целебная Микстура HP+4000 [Специальная  	200	250	11000	10000	-1	0	-1	2500	0	0	1	-1	-1	-1	-1	-1	-1	-1	0	6000	0	0	0	0	525	1	1	161	0	0	1	1	1	1	1	0	tipbhp09	0	0	0	
ipbhp11	1	720007	8	Целебная Микстура HP+5000 [Специальная  	200	250	11000	10000	-1	0	-1	2500	0	0	1	-1	-1	-1	-1	-1	-1	-1	0	12000	0	0	0	0	1126	1	1	162	0	0	1	1	1	1	1	0	tipbhp11	0	0	0	
ipchp09	1	82000E	15	Священное Зелье HP+4000 [Специальная  	200	250	00110	10000	-1	0	-1	2500	0	0	1	-1	-1	-1	-1	-1	-1	-1	0	6000	0	0	0	0	525	1	1	163	0	0	1	1	1	1	1	0	tipchp09	0	0	0	
ipchp11	1	82000F	16	Священное Зелье HP+5000 [Специальная  	200	250	00110	10000	-1	0	-1	2500	0	0	1	-1	-1	-1	-1	-1	-1	-1	0	12000	0	0	0	0	1126	1	1	164	0	0	1	1	1	1	1	0	tipchp11	0	0	0	
ipahp09	1	420016	23	Восстановитель HP+4000 [Специальная  	200	250	00001	10000	-1	0	-1	2500	0	0	1	-1	-1	-1	-1	-1	-1	-1	0	6000	0	0	0	0	525	1	1	165	0	0	1	1	1	1	1	0	tipahp09	0	0	0	
ipahp11	1	420017	24	Восстановитель HP+5000 [Специальная  	200	250	00001	10000	-1	0	-1	2500	0	0	1	-1	-1	-1	-1	-1	-1	-1	0	12000	0	0	0	0	1126	1	1	166	0	0	1	1	1	1	1	0	tipahp11	0	0	0	
ipexp04	1	A20068	241	Мекстура Опыта 7%	201	250	11111	10000	-1	0	-1	0	18	0	1	-1	-1	-1	-1	-1	-1	-1	0	1	0	0	0	0	1	1	1	167	0	0	0	0	0	0	1	0	tipexp04	0	0	1	
ipexp05	1	A20068	241	Маленькая Мекстура Увеличения Опыта	201	250	11111	10000	-1	0	-1	420000	18	0	1	-1	-1	-1	-1	-1	-1	-1	0	1	0	0	0	0	1	1	1	168	0	0	0	0	0	0	1	0	tipexp05	0	0	1	
ipqsa11	1	A20570	268	Капсула ДНК [Мечта 	205	250	11111	10000	3	0	-1	10000	4	0	1	-1	-1	-1	-1	-1	-1	-1	0	1	0	0	0	0	1	1	1	169	0	0	1	0	0	0	1	0	tipqsa11	0	0	0	
ipqsa12	1	A20570	268	Капсула ДНК [Защита 	205	250	11111	10000	3	0	-1	10000	4	0	1	-1	-1	-1	-1	-1	-1	-1	0	1	0	0	0	0	1	1	1	16A	0	0	1	0	0	0	1	0	tipqsa12	0	0	0	
ipqsa13	1	A20570	268	Капсула ДНК [Стальная Броня 	205	250	11111	10000	3	0	-1	10000	4	0	1	-1	-1	-1	-1	-1	-1	-1	0	1	0	0	0	0	1	1	1	16B	0	0	1	0	0	0	1	0	tipqsa13	0	0	0	
ipqsa14	1	A20570	268	Капсула ДНК [Ветер 	205	250	11111	10000	3	0	-1	10000	4	0	1	-1	-1	-1	-1	-1	-1	-1	0	1	0	0	0	0	1	1	1	16C	0	0	1	0	0	0	1	0	tipqsa14	0	0	0	
ipqsa15	1	A20570	268	Капсула ДНК [Двойная Мощьность 	205	250	11111	10000	3	0	-1	10000	4	0	1	-1	-1	-1	-1	-1	-1	-1	0	1	0	0	0	0	1	1	1	16D	0	0	1	0	0	0	1	0	tipqsa15	0	0	0	
ipqsa16	1	A20570	268	Капсула ДНК [Смещение 	205	250	11111	10000	-1	0	-1	10000	4	0	1	-1	-1	-1	-1	-1	-1	-1	0	1	0	0	0	0	1	1	1	16E	0	0	1	0	0	0	1	0	tipqsa16	0	0	0	
ipqsa17	1	A20570	268	Капсула ДНК [Чуство 	205	250	11111	10000	-1	0	-1	10000	4	0	1	-1	-1	-1	-1	-1	-1	-1	0	1	0	0	0	0	1	1	1	16F	0	0	1	0	0	0	1	0	tipqsa17	0	0	0	
ipqsa18	1	A20570	268	Капсула ДНК [Скрытность 	205	250	11111	10000	3	0	-1	10000	4	0	1	-1	-1	-1	-1	-1	-1	-1	0	1	0	0	0	0	1	1	1	170	0	0	1	0	0	0	1	0	tipqsa18	0	0	0	
ipqsa19	1	A20570	268	Капсула ДНК [Скорость Света 	205	250	11111	10000	-1	0	-1	10000	4	0	1	-1	-1	-1	-1	-1	-1	-1	0	1	0	0	0	0	1	1	1	171	0	0	1	0	0	0	1	0	tipqsa19	0	0	0	
ipqsa20	1	A20570	268	Капсула ДНК [Молчание 	205	250	11111	10000	4	0	-1	10000	4	0	1	-1	-1	-1	-1	-1	-1	-1	0	1	0	0	0	0	1	1	1	172	0	0	1	0	0	0	1	0	tipqsa20	0	0	0	
ipqsa21	1	72053C	192	Мекстура Увеличения Обьемного Взрыва	205	250	11000	10000	-1	0	-1	10000	12	0	1	40	-1	-1	-1	-1	-1	-1	0	1	0	0	0	0	1	1	1	173	0	0	1	0	0	1	1	0	tipqsa21	0	0	0	
ipqsa22	1	82053D	193	Мекстура Увеличения Обьемного Взрыва	205	250	00110	10000	-1	0	-1	10000	12	0	1	40	-1	-1	-1	-1	-1	-1	0	1	0	0	0	0	1	1	1	174	0	0	1	0	0	1	1	0	tipqsa22	0	0	0	
ipqsa23	1	42053E	194	Наступательная Мекстура Защиты	205	250	00001	10000	-1	0	-1	10000	12	0	1	40	-1	-1	-1	-1	-1	-1	0	1	0	0	0	0	1	1	1	175	0	0	1	0	0	1	1	0	tipqsa23	0	0	0	
ipqsa24	1	A20068	241	Мекстура Опыта 5%	201	250	11111	10000	-1	0	-1	420000	18	0	1	-1	-1	-1	-1	-1	-1	-1	0	1	0	0	0	0	1	1	1	176	0	0	0	0	0	0	1	0	tipqsa24	0	0	1	
ipevn05	1	A2053F	382	Жареный Каштан	205	250	11111	10000	3	0	-1	10000	4	0	1	-1	-1	-1	-1	-1	-1	-1	0	1	0	0	0	0	1	1	1	177	0	0	1	1	1	0	1	0	tipevn05	1	0	0	
ipevn06	1	A2054F	383	Жареный Сладкий Картофель	205	250	11111	10000	3	0	-1	10000	4	0	1	-1	-1	-1	-1	-1	-1	-1	0	1	0	0	0	0	1	1	1	178	0	0	1	1	1	0	1	0	tipevn06	1	0	0	
ipevn07	1	A2056F	381	Горячий Шоколад	205	250	11111	10000	3	0	-1	10000	4	0	1	-1	-1	-1	-1	-1	-1	-1	0	1	0	0	0	0	1	1	1	179	0	0	1	1	1	0	1	0	tipevn07	1	0	0	
ipftr03	1	A20201	282	Устройство Обнаружения Ловушек 30 сек	205	250	11111	10000	-1	0	-1	1000	4	0	1	-1	-1	-1	-1	-1	-1	-1	0	1	0	0	0	0	1	1	1	17A	0	0	1	1	1	1	1	0	tipftr03	1	0	0	
ipgld01	1	A2056F	385	Золотая Капсула+1	205	250	11111	10000	-1	0	-1	0	28	0	1	-1	-1	-1	-1	-1	-1	-1	0	1	0	0	0	0	1	1	1	17B	0	0	1	1	0	0	1	0	tipgld01	0	0	0	
ipgld02	1	A2056F	386	Золотая Капсула+2	205	250	11111	10000	-1	0	-1	0	28	0	1	-1	-1	-1	-1	-1	-1	-1	0	1	0	0	0	0	1	1	1	17C	0	0	1	1	0	0	1	0	tipgld02	0	0	0	
ipgld03	1	A2056F	387	Золотая Капсула+3	205	250	11111	10000	-1	0	-1	0	28	0	1	-1	-1	-1	-1	-1	-1	-1	0	1	0	0	0	0	1	1	1	17D	0	0	1	1	0	0	1	0	tipgld03	0	0	0	
ipgld04	1	A2056F	388	Золотая Капсула+4	205	250	11111	10000	-1	0	-1	0	28	0	1	-1	-1	-1	-1	-1	-1	-1	0	1	0	0	0	0	1	1	1	17E	0	0	1	1	0	0	1	0	tipgld04	0	0	0	
ipgld05	1	A2056F	389	Золотая Капсула+5	205	250	11111	10000	-1	0	-1	0	28	0	1	-1	-1	-1	-1	-1	-1	-1	0	1	0	0	0	0	1	1	1	17F	0	0	1	1	0	0	1	0	tipgld05	0	0	0	
ipgld06	1	A2056F	390	Золотая Капсула+6	205	250	11111	10000	-1	0	-1	0	28	0	1	-1	-1	-1	-1	-1	-1	-1	0	1	0	0	0	0	1	1	1	180	0	0	1	1	0	0	1	0	tipgld06	0	0	0	
ipgld07	1	A2056F	391	Золотая Капсула+7	205	250	11111	10000	-1	0	-1	0	28	0	1	-1	-1	-1	-1	-1	-1	-1	0	1	0	0	0	0	1	1	1	181	0	0	1	1	0	0	1	0	tipgld07	0	0	0	
ipgld08	1	A2056F	392	Золотая Капсула+8	205	250	11111	10000	-1	0	-1	0	28	0	1	-1	-1	-1	-1	-1	-1	-1	0	1	0	0	0	0	1	1	1	182	0	0	1	1	0	0	1	0	tipgld08	0	0	0	
ipgld09	1	A2056F	393	Золотая Капсула+9	205	250	11111	10000	-1	0	-1	0	28	0	1	-1	-1	-1	-1	-1	-1	-1	0	1	0	0	0	0	1	1	1	183	0	0	1	1	0	0	1	0	tipgld09	0	0	0	
ipgld10	1	A2056F	394	Золотая Капсула+10	205	250	11111	10000	-1	0	-1	0	28	0	1	-1	-1	-1	-1	-1	-1	-1	0	1	0	0	0	0	1	1	1	184	0	0	1	1	0	0	1	0	tipgld10	0	0	0	
ipgld11	1	A2056F	395	Золотая Капсула+11	205	250	11111	10000	-1	0	-1	0	28	0	1	-1	-1	-1	-1	-1	-1	-1	0	1	0	0	0	0	1	1	1	185	0	0	1	1	0	0	1	0	tipgld11	0	0	0	
ipgld12	1	A2056F	396	Золотая Капсула+12	205	250	11111	10000	-1	0	-1	0	28	0	1	-1	-1	-1	-1	-1	-1	-1	0	1	0	0	0	0	1	1	1	186	0	0	1	1	0	0	1	0	tipgld12	0	0	0	
ipgld13	1	A2056F	397	Золотая Капсула+13	205	250	11111	10000	-1	0	-1	0	28	0	1	-1	-1	-1	-1	-1	-1	-1	0	1	0	0	0	0	1	1	1	187	0	0	1	1	0	0	1	0	tipgld13	0	0	0	
ipgld14	1	A2056F	398	Золотая Капсула+14	205	250	11111	10000	-1	0	-1	0	28	0	1	-1	-1	-1	-1	-1	-1	-1	0	1	0	0	0	0	1	1	1	188	0	0	1	1	0	0	1	0	tipgld14	0	0	0	
ipgld15	1	A2056F	399	Золотая Капсула+15	205	250	11111	10000	-1	0	-1	0	28	0	1	-1	-1	-1	-1	-1	-1	-1	0	1	0	0	0	0	1	1	1	189	0	0	1	1	0	0	1	0	tipgld15	0	0	0	
ipgld16	1	A2056F	400	Золотая Капсула+16	205	250	11111	10000	-1	0	-1	0	28	0	1	-1	-1	-1	-1	-1	-1	-1	0	1	0	0	0	0	1	1	1	18A	0	0	1	1	0	0	1	0	tipgld16	0	0	0	
ipgld17	1	A2056F	401	Золотая Капсула+17	205	250	11111	10000	-1	0	-1	0	28	0	1	-1	-1	-1	-1	-1	-1	-1	0	1	0	0	0	0	1	1	1	18B	0	0	1	1	0	0	1	0	tipgld17	0	0	0	
ipgld18	1	A2056F	402	Золотая Капсула+18	205	250	11111	10000	-1	0	-1	0	28	0	1	-1	-1	-1	-1	-1	-1	-1	0	1	0	0	0	0	1	1	1	18C	0	0	1	1	0	0	1	0	tipgld18	0	0	0	
ipgld19	1	A2056F	403	Золотая Капсула+19	205	250	11111	10000	-1	0	-1	0	28	0	1	-1	-1	-1	-1	-1	-1	-1	0	1	0	0	0	0	1	1	1	18D	0	0	1	1	0	0	1	0	tipgld19	0	0	0	
ipgld20	1	A2056F	405	Золотая Капсула+21	205	250	11111	10000	-1	0	-1	0	28	0	1	-1	-1	-1	-1	-1	-1	-1	0	1	0	0	0	0	1	1	1	18E	0	0	1	1	0	0	1	0	tipgld20	0	0	0	
ipgld21	1	A2056F	406	Золотая Капсула+22	205	250	11111	10000	-1	0	-1	0	28	0	1	-1	-1	-1	-1	-1	-1	-1	0	1	0	0	0	0	1	1	1	18F	0	0	1	1	0	0	1	0	tipgld21	0	0	0	
ipgld22	1	A2056F	407	Золотая Капсула+23	205	250	11111	10000	-1	0	-1	0	28	0	1	-1	-1	-1	-1	-1	-1	-1	0	1	0	0	0	0	1	1	1	190	0	0	1	1	0	0	1	0	tipgld22	0	0	0	
ipgld23	1	A2056F	408	Золотая Капсула+24	205	250	11111	10000	-1	0	-1	0	28	0	1	-1	-1	-1	-1	-1	-1	-1	0	1	0	0	0	0	1	1	1	191	0	0	1	1	0	0	1	0	tipgld23	0	0	0	
ipgld24	1	A2056F	409	Золотая Капсула+25	205	250	11111	10000	-1	0	-1	0	28	0	1	-1	-1	-1	-1	-1	-1	-1	0	1	0	0	0	0	1	1	1	192	0	0	1	1	0	0	1	0	tipgld24	0	0	0	
ipgld25	1	A2056F	410	Золотая Капсула+26	205	250	11111	10000	-1	0	-1	0	28	0	1	-1	-1	-1	-1	-1	-1	-1	0	1	0	0	0	0	1	1	1	193	0	0	1	1	0	0	1	0	tipgld25	0	0	0	
ipgld26	1	A2056F	411	Золотая Капсула+27	205	250	11111	10000	-1	0	-1	0	28	0	1	-1	-1	-1	-1	-1	-1	-1	0	1	0	0	0	0	1	1	1	194	0	0	1	1	0	0	1	0	tipgld26	0	0	0	
ipgld27	1	A2056F	412	Золотая Капсула+28	205	250	11111	10000	-1	0	-1	0	28	0	1	-1	-1	-1	-1	-1	-1	-1	0	1	0	0	0	0	1	1	1	195	0	0	1	1	0	0	1	0	tipgld27	0	0	0	
ipgld28	1	A2056F	413	Золотая Капсула+29	205	250	11111	10000	-1	0	-1	0	28	0	1	-1	-1	-1	-1	-1	-1	-1	0	1	0	0	0	0	1	1	1	196	0	0	1	1	0	0	1	0	tipgld28	0	0	0	
ipgld29	1	A2056F	415	Золотая Капсула+3000	205	250	11111	10000	-1	0	-1	0	28	0	1	-1	-1	-1	-1	-1	-1	-1	0	1	0	0	0	0	1	1	1	197	0	0	1	1	0	0	1	0	tipgld29	0	0	0	
ipgld30	1	A2056F	416	Золотая Капсула+4000	205	250	11111	10000	-1	0	-1	0	28	0	1	-1	-1	-1	-1	-1	-1	-1	0	1	0	0	0	0	1	1	1	198	0	0	1	1	0	0	1	0	tipgld30	0	0	0	
ipgld31	1	A2056F	425	Золотая Капсула+4500	205	250	11111	10000	-1	0	-1	0	28	0	1	-1	-1	-1	-1	-1	-1	-1	0	1	0	0	0	0	1	1	1	199	0	0	1	1	0	0	1	0	tipgld31	0	0	0	
ipgld32	1	A2056F	417	Золотая Капсула+5000	205	250	11111	10000	-1	0	-1	0	28	0	1	-1	-1	-1	-1	-1	-1	-1	0	1	0	0	0	0	1	1	1	19A	0	0	1	1	0	0	1	0	tipgld32	0	0	0	
ipgld33	1	A2056F	426	Золотая Капсула+5500	205	250	11111	10000	-1	0	-1	0	28	0	1	-1	-1	-1	-1	-1	-1	-1	0	1	0	0	0	0	1	1	1	19B	0	0	1	1	0	0	1	0	tipgld33	0	0	0	
ipgld34	1	A2056F	418	Золотая Капсула+6000	205	250	11111	10000	-1	0	-1	0	28	0	1	-1	-1	-1	-1	-1	-1	-1	0	1	0	0	0	0	1	1	1	19C	0	0	1	1	0	0	1	0	tipgld34	0	0	0	
ipgld35	1	A2056F	419	Золотая Капсула+6500	205	250	11111	10000	-1	0	-1	0	28	0	1	-1	-1	-1	-1	-1	-1	-1	0	1	0	0	0	0	1	1	1	19D	0	0	1	1	0	0	1	0	tipgld35	0	0	0	
ipgld36	1	A2056F	420	Золотая Капсула+7000	205	250	11111	10000	-1	0	-1	0	28	0	1	-1	-1	-1	-1	-1	-1	-1	0	1	0	0	0	0	1	1	1	19E	0	0	1	1	0	0	1	0	tipgld36	0	0	0	
ipgld37	1	A2056F	427	Золотая Капсула+7500	205	250	11111	10000	-1	0	-1	0	28	0	1	-1	-1	-1	-1	-1	-1	-1	0	1	0	0	0	0	1	1	1	19F	0	0	1	1	0	0	1	0	tipgld37	0	0	0	
ipgld38	1	A2056F	428	Золотая Капсула+10000	205	250	11111	10000	-1	0	-1	0	28	0	1	-1	-1	-1	-1	-1	-1	-1	0	1	0	0	0	0	1	1	1	201	0	0	1	1	0	0	1	0	tipgld38	0	0	0	
ipgld39	1	A2056F	429	Золотая Капсула+12500	205	250	11111	10000	-1	0	-1	0	28	0	1	-1	-1	-1	-1	-1	-1	-1	0	1	0	0	0	0	1	1	1	202	0	0	1	1	0	0	1	0	tipgld39	0	0	0	
ipgld40	1	A2056F	430	Золотая Капсула+15000	205	250	11111	10000	-1	0	-1	0	28	0	1	-1	-1	-1	-1	-1	-1	-1	0	1	0	0	0	0	1	1	1	203	0	0	1	1	0	0	1	0	tipgld40	0	0	0	
ipgld41	1	A2056F	431	Золотая Капсула+17500	205	250	11111	10000	-1	0	-1	0	28	0	1	-1	-1	-1	-1	-1	-1	-1	0	1	0	0	0	0	1	1	1	204	0	0	1	1	0	0	1	0	tipgld41	0	0	0	
ipgld42	1	A2056F	432	Золотая Капсула+20000	205	250	11111	10000	-1	0	-1	0	28	0	1	-1	-1	-1	-1	-1	-1	-1	0	1	0	0	0	0	1	1	1	205	0	0	1	1	0	0	1	0	tipgld42	0	0	0	
ipgld43	1	A2056F	433	Золотая Капсула+30000	205	250	11111	10000	-1	0	-1	0	28	0	1	-1	-1	-1	-1	-1	-1	-1	0	1	0	0	0	0	1	1	1	206	0	0	1	1	0	0	1	0	tipgld43	0	0	0	
ipmas01	1	A2056F	352	Зелье Снятия Ограничений на Мастерство ближнего боя	205	250	11111	10000	-1	0	-1	0	32	0	56	-1	-1	-1	-1	-1	-1	-1	0	0	0	0	0	0	1	1	1	21E	0	0	1	1	1	1	1	0	tipmas01	0	0	0	
ipmas02	1	A2056F	352	Зелье Снятия Ограничений на Мастерство дальнего боя	205	250	11111	10000	-1	0	-1	0	32	0	56	-1	-1	-1	-1	-1	-1	-1	0	0	0	0	0	0	1	1	1	21F	0	0	1	1	1	1	1	0	tipmas02	0	0	0	
ipmas03	1	A2056F	352	Зелье Снятия Ограничений на Мастерство защиты	205	250	11111	10000	-1	0	-1	0	32	0	56	-1	-1	-1	-1	-1	-1	-1	0	0	0	0	0	0	1	1	1	220	0	0	1	1	1	1	1	0	tipmas03	0	0	0	
ipmas04	1	A2056F	352	Зелье Снятия Ограничений на Мастерство силы	205	250	11111	10000	-1	0	-1	0	32	0	56	-1	-1	-1	-1	-1	-1	-1	0	0	0	0	0	0	1	1	1	221	0	0	1	1	1	1	1	0	tipmas04	0	0	0	
ipmas05	1	A2056F	352	Зелье Снятия Ограничений на Мастерство щита	205	250	11111	10000	-1	0	-1	0	32	0	56	-1	-1	-1	-1	-1	-1	-1	0	0	0	0	0	0	1	1	1	222	0	0	1	1	1	1	1	0	tipmas05	0	0	0	
ipmas06	1	A2056F	352	Зелье Снятия Ограничений на Мастерство расовой специализации	205	250	11111	10000	-1	0	-1	0	32	0	56	-1	-1	-1	-1	-1	-1	-1	0	0	0	0	0	0	1	1	1	223	0	0	1	1	1	1	1	0	tipmas06	0	0	0	
ipmas07	1	A2056F	352	Зелье Снятия Ограничений на все Мастерство	205	250	11111	10000	-1	0	-1	0	32	0	56	-1	-1	-1	-1	-1	-1	-1	0	0	0	0	0	0	1	1	1	224	0	0	1	1	1	1	1	0	tipmas07	0	0	0	
ipcsb10	1	72053C	156	Большая Микстура Критической Атаки 	205	200	11000	10000	3	0	-1	10000	4	0	1	-1	-1	-1	-1	-1	-1	-1	0	1	0	0	0	0	1	1	1	225	0	0	1	0	0	0	1	0	tipcsb10	1	0	0	
ipcsb11	1	82053D	157	Большое Зелье Критической Атаки 	205	200	00110	10000	3	0	-1	10000	4	0	1	-1	-1	-1	-1	-1	-1	-1	0	1	0	0	0	0	1	1	1	226	0	0	1	0	0	0	1	0	tipcsb11	1	0	0	
ipcsb12	1	42053E	158	Большой Восстановитель Критической Атаки 	205	200	00001	10000	3	0	-1	10000	4	0	1	-1	-1	-1	-1	-1	-1	-1	0	1	0	0	0	0	1	1	1	227	0	0	1	0	0	0	1	0	tipcsb12	1	0	0	
ipcsb13	1	72053C	168	Большая Микстура Ловкости 	205	200	11000	10000	3	0	-1	10000	4	0	1	-1	-1	-1	-1	-1	-1	-1	0	1	0	0	0	0	1	1	1	228	0	0	1	0	0	0	1	0	tipcsb13	1	0	0	
ipcsb14	1	82053D	169	Большое Зелье Ловкости 	205	200	00110	10000	3	0	-1	10000	4	0	1	-1	-1	-1	-1	-1	-1	-1	0	1	0	0	0	0	1	1	1	229	0	0	1	0	0	0	1	0	tipcsb14	1	0	0	
ipcsb15	1	42053E	170	Большой Восстановитель Ловкости 	205	200	00001	10000	3	0	-1	10000	4	0	1	-1	-1	-1	-1	-1	-1	-1	0	1	0	0	0	0	1	1	1	22A	0	0	1	0	0	0	1	0	tipcsb15	1	0	0	
ipcal02	1	A20503	446	Зелье Неуязвимого Призыва	201	250	11111	01000	-1	0	-1	10000	33	-1	1	-1	0	40108	40203	-1	-1	-1	0	1	0	0	0	0	1000	1	1	22B	0	0	1	1	0	1	1	0	tipcal02	1	0	0	
ipwhp02	1	A20503	447	Зелье Неуязвимой Телепортации	201	250	11111	01000	-1	0	-1	10000	34	-1	1	-1	0	40108	40203	-1	-1	-1	0	1	0	0	0	0	1000	1	1	22C	0	0	1	1	0	1	1	0	tipwhp02	1	0	0	
ipcsb16	1	72053C	448	Микстура Невидимости 	205	200	11000	10000	3	0	-1	10000	35	0	1	-1	-1	-1	-1	-1	-1	-1	0	1	0	0	0	0	1	1	1	22D	0	0	1	1	1	1	1	0	tipcsb16	1	0	0	
ipcsb17	1	82053D	448	Зелье Невидимости 	205	200	00110	10000	3	0	-1	10000	35	0	1	-1	-1	-1	-1	-1	-1	-1	0	1	0	0	0	0	1	1	1	22E	0	0	1	1	1	1	1	0	tipcsb17	1	0	0	
ipcsb18	1	42053E	448	Восстановитель Невидимости 	205	200	00001	10000	3	0	-1	10000	35	0	1	-1	-1	-1	-1	-1	-1	-1	0	1	0	0	0	0	1	1	1	22F	0	0	1	1	1	1	1	0	tipcsb18	1	0	0	
ipcsb19	1	A20068	449	Зелье Быстрого Возрождения	200	250	11111	10000	-1	3	-1	0	24	0	1	-1	-1	-1	-1	-1	-1	-1	0	1	0	0	0	0	1	1	1	230	0	0	0	0	0	1	1	0	tipcsb19	1	0	0	
ipgld44	1	A2056F	450	Золотая Капсула+1000	205	250	11111	10000	-1	0	-1	0	28	0	1	-1	-1	-1	-1	-1	-1	-1	0	1	0	0	0	0	1	1	1	231	0	0	1	0	0	0	1	0	tipgld44	0	0	0	
ipsup01	1	A2012F	447	Зелье Телепортации Неуязвимости	205	250	11111	11000	-1	0	-1	300000	19	200	1	-1	-1	-1	-1	-1	-1	-1	0	1	0	0	0	0	1	1	1	232	0	0	1	1	1	1	1	0	tipsup01	1	0	0	
ipcal03	1	A20503	455	Зелье Боевого Призыва	201	250	11111	01000	-1	0	-1	10000	16	-1	1	-1	0	40108	40203	-1	-1	-1	0	1	0	0	0	0	1000	1	1	233	0	0	1	1	0	1	1	0	tipcal03	1	0	0	
ipwhp03	1	A20503	456	Зелье Боевой Телепортации	201	250	11111	01000	-1	0	-1	10000	17	-1	1	-1	0	40108	40203	-1	-1	-1	0	1	0	0	0	0	1000	1	1	234	0	0	1	1	0	1	1	0	tipwhp03	1	0	0	
ipwed01	1	A20503	457	Обручальное Кольцо	201	250	11111	10000	-1	0	-1	360000	38	-1	1	-1	0	40108	40203	-1	-1	-1	0	1	0	0	0	0	1	0	1	235	0	0	0	0	0	0	1	0	tipwed01	1	0	0	
ipfhp01	1	A2012F	458	Зелье Ярости	201	250	11111	10000	-1	0	-1	2500	36	-1	1	-1	0	-1	-1	-1	-1	-1	0	1	0	0	0	0	1000	1	1	236	0	0	1	0	0	0	1	0	tipfhp01	1	0	0	
ipcur01	1	A2012F	459	Зелье Противоядия	201	250	11111	10000	-1	0	-1	5000	37	-1	1	-1	0	-1	-1	-1	-1	-1	0	1	0	0	0	0	1000	1	1	237	0	0	1	0	0	0	1	0	tipcur01	1	0	0	
