string[64]	dword	dword	dword	string[64]	string[64]	string[64]	string[64]	dword	dword	dword	string[64]	string[64]	string[64]	dword	string[64]	dword	dword	dword	dword	dword	dword	string[8]	dword	string[8]	dword	string[8]	dword	float	dword	dword	dword	string[64]	dword	dword	dword	dword	dword	dword	dword	dword	dword	dword	dword	dword	dword	dword	dword	float	dword	dword	string[64]	dword	dword	float	float	float	float	float	float	float	dword	dword	dword	dword	dword	dword	float	float	float	float	float	float	float	dword	dword	float	float	float	float	float	float	float	dword	dword	float	float	float	float	float	float	float	dword	dword	float	float	float	float	float	float	float	dword	dword	float	float	float	float	float	float	float	dword	dword	dword	dword	dword	dword	dword	dword	float	float	float	float	dword	END
Code	Class	Icon	MastIndex	MastKorName	MastEngName	KorName	EngName	Lv	IsActive	IsEnable	UsableRace	ActableDst	GradeLimit	NeedMastIndex	FixWeapon	IsFixShield	SpecialType	NeedSpecialType	NeedHP	NeedFP	NeedSP	NeedItemCode1	NeedItemCount1	NeedItemCode2	NeedItemCount2	NeedItemCode3	NeedItemCount3	ActDealy	IsCumulType	CumulCounter	NewEffCOunt	EffectCode	Attackable	AttType1	AttType2	AttType3	AttType4	AttType5	AttType6	AttType7	AttConstant1	AttConstant2	AttConstant3	AttConstant4	AttConstant5	AttConstant6	AttConstant7	AttFormulaConstant	AttNeedBt	BonusDistance	RangeEffCode	TempEffectType	TempParamCode	TempValue1	TempValue2	TempValue3	TempValue4	TempValue5	TempValue6	TempValue7	ContEffectType	EffLimType	EffLimType2	ContAreaType	ContParamCode1	ContParamIndex1	ContValue1_1	ContValue1_2	ContValue1_3	ContValue1_4	ContValue1_5	ContValue1_6	ContValue1_7	ContParamCode2	ContParamIndex2	ContValue2_1	ContValue2_2	ContValue2_3	ContValue2_4	ContValue2_5	ContValue2_6	ContValue2_7	ContParamCode3	ContParamIndex3	ContValue3_1	ContValue3_2	ContValue3_3	ContValue3_4	ContValue3_5	ContValue3_6	ContValue3_7	ContParamCode4	ContParamIndex4	ContValue4_1	ContValue4_2	ContValue4_3	ContValue4_4	ContValue4_5	ContValue4_6	ContValue4_7	ContParamCode5	ContParamIndex5	ContValue5_1	ContValue5_2	ContValue5_3	ContValue5_4	ContValue5_5	ContValue5_6	ContValue5_7	ContEffSec1	ContEffSec2	ContEffSec3	ContEffSec4	ContEffSec5	ContEffSec6	ContEffSec7	Etc	1_2speed	1_2distance	2_3speed	2_3distance	EffectClass	
1	1	101	-1	-1	-1	Снижает защиту противника	0	0	1	1	000010	00110	100000000000	-1	1111111111111111	0	-1	-1	0	0	0	-1	1	-1	-1	-1	-1	0	0	-1	-1	-1	0	8	8	8	8	8	8	8	0	0	0	0	0	0	0	0	1	0	-1	-1	-1	-1	-1	-1	-1	-1	-1	-1	0	-1	-1	0	0	6	-0,5	-0,5	-0,5	-0,5	-0,5	-0,5	-0,5	-1	-1	-1	-1	-1	-1	-1	-1	-1	-1	-1	-1	-1	-1	-1	-1	-1	-1	-1	-1	-1	-1	-1	-1	-1	-1	-1	-1	-1	-1	-1	-1	-1	-1	-1	-1	20	20	20	20	20	20	20	-1	-1	-1	-1	-1	6	
2	1	102	-1	-1	-1	Уменьшает шанс критического удар	0	0	1	1	000010	00110	100000000000	-1	1111111111111111	0	-1	-1	0	0	0	-1	-1	-1	-1	-1	-1	0	0	-1	-1	-1	0	8	8	8	8	8	8	8	0	0	0	0	0	0	0	0	1	0	-1	-1	-1	-1	-1	-1	-1	-1	-1	-1	0	-1	-1	1	1	14	-20	-20	-20	-20	-20	-20	-20	-1	-1	-1	-1	-1	-1	-1	-1	-1	-1	-1	-1	-1	-1	-1	-1	-1	-1	-1	-1	-1	-1	-1	-1	-1	-1	-1	-1	-1	-1	-1	-1	-1	-1	-1	-1	20	20	20	20	20	20	20	-1	-1	-1	-1	-1	6	
3	1	103	-1	-1	-1	Снижает меткость	0	0	1	1	000010	00110	100000000000	-1	1111111111111111	0	-1	-1	0	0	0	-1	-1	-1	-1	-1	-1	0	0	-1	-1	-1	0	8	8	8	8	8	8	8	0	0	0	0	0	0	0	0	1	0	-1	-1	-1	-1	-1	-1	-1	-1	-1	-1	0	-1	-1	0	1	0	-30	-30	-30	-30	-30	-30	-30	1	1	-30	-30	-30	-30	-30	-30	-30	1	2	-30	-30	-30	-30	-30	-30	-30	1	30	-30	-30	-30	-30	-30	-30	-30	1	31	-30	-30	-30	-30	-30	-30	-30	20	20	20	20	20	20	20	-1	-1	-1	-1	-1	6	
4	1	104	-1	-1	-1	Отменяет действующие положительн	0	0	1	1	000010	00100	100000000000	-1	1111111111111111	0	-1	-1	0	0	0	-1	-1	-1	-1	-1	-1	0	0	-1	-1	-1	0	8	8	8	8	8	8	8	0	0	0	0	0	0	0	0	1	0	-1	8	1	1	1	1	1	1	1	1	-1	-1	-1	0	-1	-1	-1	-1	-1	-1	-1	-1	-1	-1	-1	-1	-1	-1	-1	-1	-1	-1	-1	-1	-1	-1	-1	-1	-1	-1	-1	-1	-1	-1	-1	-1	-1	-1	-1	-1	-1	-1	-1	-1	-1	-1	-1	-1	-1	20	20	20	20	20	20	20	-1	-1	-1	-1	-1	6	
5	1	105	-1	-1	-1	Запрещает использование атакующи	0	0	1	1	000010	00110	100000000000	-1	1111111111111111	0	-1	-1	0	0	0	-1	-1	-1	-1	-1	-1	0	0	-1	-1	-1	0	8	8	8	8	8	8	8	0	0	0	0	0	0	0	0	1	0	-1	-1	-1	-1	-1	-1	-1	-1	-1	-1	0	-1	-1	1	2	4	1	1	1	1	1	1	1	-1	-1	-1	-1	-1	-1	-1	-1	-1	-1	-1	-1	-1	-1	-1	-1	-1	-1	-1	-1	-1	-1	-1	-1	-1	-1	-1	-1	-1	-1	-1	-1	-1	-1	-1	-1	20	20	20	20	20	20	20	-1	-1	-1	-1	-1	6	
6	1	106	-1	-1	-1	Оглушает противника на некоторое	0	0	1	1	000010	00110	100000000000	-1	1111111111111111	0	-1	-1	0	0	0	-1	-1	-1	-1	-1	-1	0	0	-1	-1	-1	1	0	0	0	0	0	0	0	788	788	788	788	788	788	788	1,5625	1	0	-1	-1	-1	-1	-1	-1	-1	-1	-1	-1	-1	-1	-1	-1	-1	-1	-1	-1	-1	-1	-1	-1	-1	-1	-1	-1	-1	-1	-1	-1	-1	-1	-1	-1	-1	-1	-1	-1	-1	-1	-1	-1	-1	-1	-1	-1	-1	-1	-1	-1	-1	-1	-1	-1	-1	-1	-1	-1	-1	20	20	20	20	20	20	20	-1	-1	-1	-1	-1	6	
7	1	107	-1	-1	-1	Снижает силу атаки противника	0	0	1	1	000010	00110	100000000000	-1	1111111111111111	0	-1	-1	0	0	0	-1	-1	-1	-1	-1	-1	0	0	-1	-1	-1	0	8	8	8	8	8	8	8	0	0	0	0	0	0	0	0	1	0	-1	-1	-1	-1	-1	-1	-1	-1	-1	-1	0	-1	-1	1	0	0	-0,5	-0,5	-0,5	-0,5	-0,5	-0,5	-0,5	0	1	-0,5	-0,5	-0,5	-0,5	-0,5	-0,5	-0,5	0	2	-0,5	-0,5	-0,5	-0,5	-0,5	-0,5	-0,5	0	3	-0,5	-0,5	-0,5	-0,5	-0,5	-0,5	-0,5	0	4	-0,5	-0,5	-0,5	-0,5	-0,5	-0,5	-0,5	20	20	20	20	20	20	20	-1	-1	-1	-1	-1	6	
8	1	108	-1	-1	-1	Блокирует восстановление SP	0	0	1	1	000010	00100	100000000000	-1	1111111111111111	0	-1	-1	0	0	0	-1	-1	-1	-1	-1	-1	0	0	-1	-1	-1	0	8	8	8	8	8	8	8	0	0	0	0	0	0	0	0	1	0	-1	24	0	0,100000001	0,100000001	0,100000001	0,100000001	0,100000001	0,100000001	0,100000001	0	-1	-1	1	2	17	1	1	1	1	1	1	1	-1	-1	-1	-1	-1	-1	-1	-1	-1	-1	-1	-1	-1	-1	-1	-1	-1	-1	-1	-1	-1	-1	-1	-1	-1	-1	-1	-1	-1	-1	-1	-1	-1	-1	-1	-1	20	20	20	20	20	20	20	-1	-1	-1	-1	-1	6	
9	1	109	-1	-1	-1	Замедляет передвижение противник	0	0	1	1	000010	00110	100000000000	-1	1111111111111111	0	-1	-1	0	0	0	-1	-1	-1	-1	-1	-1	0	0	-1	-1	-1	0	8	8	8	8	8	8	8	0	0	0	0	0	0	0	0	1	0	-1	-1	-1	-1	-1	-1	-1	-1	-1	-1	0	-1	-1	1	1	20	-2	-2	-2	-2	-2	-2	-2	-1	-1	-1	-1	-1	-1	-1	-1	-1	-1	-1	-1	-1	-1	-1	-1	-1	-1	-1	-1	-1	-1	-1	-1	-1	-1	-1	-1	-1	-1	-1	-1	-1	-1	-1	-1	20	20	20	20	20	20	20	-1	-1	-1	-1	-1	6	
A	1	110	-1	-1	-1	Придает защите обратный эффект	0	0	1	1	000010	00110	100000000000	-1	1111111111111111	0	-1	-1	0	0	0	-1	-1	-1	-1	-1	-1	0	0	-1	-1	-1	0	8	8	8	8	8	8	8	0	0	0	0	0	0	0	0	1	0	-1	-1	-1	-1	-1	-1	-1	-1	-1	-1	0	-1	-1	0	2	19	1	1	1	1	1	1	1	-1	-1	-1	-1	-1	-1	-1	-1	-1	-1	-1	-1	-1	-1	-1	-1	-1	-1	-1	-1	-1	-1	-1	-1	-1	-1	-1	-1	-1	-1	-1	-1	-1	-1	-1	-1	20	20	20	20	20	20	20	-1	-1	-1	-1	-1	6	
B	1	111	-1	-1	-1	Блокирует восстановление FP	0	0	1	1	000010	00100	100000000000	-1	1111111111111111	0	-1	-1	0	0	0	-1	-1	-1	-1	-1	-1	0	0	-1	-1	-1	0	8	8	8	8	8	8	8	0	0	0	0	0	0	0	0	1	0	-1	25	0	0,300000012	0,300000012	0,300000012	0,300000012	0,300000012	0,300000012	0,300000012	0	-1	-1	0	2	16	1	1	1	1	1	1	1	-1	-1	-1	-1	-1	-1	-1	-1	-1	-1	-1	-1	-1	-1	-1	-1	-1	-1	-1	-1	-1	-1	-1	-1	-1	-1	-1	-1	-1	-1	-1	-1	-1	-1	-1	-1	20	20	20	20	20	20	20	-1	-1	-1	-1	-1	6	
C	1	112	-1	-1	-1	Оглушает и блокирует восстановле	0	0	1	1	000010	00100	100000000000	-1	1111111111111111	0	-1	-1	0	0	0	-1	-1	-1	-1	-1	-1	0	0	-1	-1	-1	0	8	8	8	8	8	8	8	0	0	0	0	0	0	0	0	1	0	-1	10	-1	-1	-1	-1	-1	-1	-1	-1	-1	-1	-1	0	0	-1	-1	-1	-1	-1	-1	-1	-1	-1	-1	-1	-1	-1	-1	-1	-1	-1	-1	-1	-1	-1	-1	-1	-1	-1	-1	-1	-1	-1	-1	-1	-1	-1	-1	-1	-1	-1	-1	-1	-1	-1	-1	-1	-1	20	20	20	20	20	20	20	-1	-1	-1	-1	-1	6	
D	1	113	-1	-1	-1	Ослепляет противника	0	0	1	1	000010	00100	100000000000	-1	1111111111111111	0	-1	-1	0	0	0	-1	-1	-1	-1	-1	-1	0	0	-1	-1	-1	0	8	8	8	8	8	8	8	0	0	0	0	0	0	0	0	1	0	-1	-1	-1	-1	-1	-1	-1	-1	-1	-1	0	-1	-1	0	2	18	-1	-1	-1	-1	-1	-1	-1	-1	-1	-1	-1	-1	-1	-1	-1	-1	-1	-1	-1	-1	-1	-1	-1	-1	-1	-1	-1	-1	-1	-1	-1	-1	-1	-1	-1	-1	-1	-1	-1	-1	-1	-1	-1	20	20	20	20	20	20	20	-1	-1	-1	-1	-1	6	
E	1	114	-1	-1	-1	Обездвиживает противника	0	0	1	1	000010	00110	100000000000	-1	1111111111111111	0	-1	-1	0	0	0	-1	-1	-1	-1	-1	-1	0	0	-1	-1	-1	0	8	8	8	8	8	8	8	0	0	0	0	0	0	0	0	1	0	-1	-1	-1	-1	-1	-1	-1	-1	-1	-1	0	-1	-1	0	2	6	1	1	1	1	1	1	1	-1	-1	-1	-1	-1	-1	-1	-1	-1	-1	-1	-1	-1	-1	-1	-1	-1	-1	-1	-1	-1	-1	-1	-1	-1	-1	-1	-1	-1	-1	-1	-1	-1	-1	-1	-1	20	20	20	20	20	20	20	-1	-1	-1	-1	-1	6	
F	1	115	-1	-1	-1	Блокирует восстановление FP	0	0	1	1	000010	00100	100000000000	-1	1111111111111111	0	-1	-1	0	0	0	-1	-1	-1	-1	-1	-1	0	0	-1	-1	-1	0	8	8	8	8	8	8	8	0	0	0	0	0	0	0	0	1	0	-1	-1	-1	-1	-1	-1	-1	-1	-1	-1	0	-1	-1	0	0	18	-0,800000012	-0,800000012	-0,800000012	-0,800000012	-0,800000012	-0,800000012	-0,800000012	-1	-1	-1	-1	-1	-1	-1	-1	-1	-1	-1	-1	-1	-1	-1	-1	-1	-1	-1	-1	-1	-1	-1	-1	-1	-1	-1	-1	-1	-1	-1	-1	-1	-1	-1	-1	20	20	20	20	20	20	20	-1	-1	-1	-1	-1	6	
10	1	116	-1	-1	-1	Запрещает использование любых ат	0	0	1	1	000010	00110	100000000000	-1	1111111111111111	0	-1	-1	0	0	0	-1	-1	-1	-1	-1	-1	0	0	-1	-1	-1	0	8	8	8	8	8	8	8	0	0	0	0	0	0	0	0	1	0	-1	-1	-1	-1	-1	-1	-1	-1	-1	-1	0	-1	-1	0	2	0	1	1	1	1	1	1	1	2	1	1	1	1	1	1	1	1	-1	-1	-1	-1	-1	-1	-1	-1	-1	-1	-1	-1	-1	-1	-1	-1	-1	-1	-1	-1	-1	-1	-1	-1	-1	-1	-1	20	20	20	20	20	20	20	-1	-1	-1	-1	-1	6	
11	1	117	-1	-1	-1	Изменение траектории заряда	0	0	1	1	000010	00100	100000000000	-1	1111111111111111	0	-1	-1	0	0	0	-1	-1	-1	-1	-1	-1	0	0	-1	-1	-1	0	8	8	8	8	8	8	8	0	0	0	0	0	0	0	0	1	0	-1	-1	-1	-1	-1	-1	-1	-1	-1	-1	0	-1	-1	0	2	6	1	1	1	1	1	1	1	-1	-1	-1	-1	-1	-1	-1	-1	-1	-1	-1	-1	-1	-1	-1	-1	-1	-1	-1	-1	-1	-1	-1	-1	-1	-1	-1	-1	-1	-1	-1	-1	-1	-1	-1	-1	10	10	10	10	10	10	10	-1	-1	-1	-1	-1	6	
12	1	118	-1	-1	-1	Ракетный массовый залп	0	0	1	1	000010	00100	100000000000	-1	1111111111111111	0	-1	-1	0	0	0	-1	-1	-1	-1	-1	-1	0	0	-1	-1	-1	0	8	8	8	8	8	8	8	0	0	0	0	0	0	0	0	1	0	-1	-1	-1	-1	-1	-1	-1	-1	-1	-1	0	-1	-1	0	1	3	-30	-30	-30	-30	-30	-30	-30	-1	-1	-1	-1	-1	-1	-1	-1	-1	-1	-1	-1	-1	-1	-1	-1	-1	-1	-1	-1	-1	-1	-1	-1	-1	-1	-1	-1	-1	-1	-1	-1	-1	-1	-1	-1	10	10	10	10	10	10	10	-1	-1	-1	-1	-1	6	
13	1	119	-1	-1	-1	Лечебный Эффект	0	0	1	1	000010	01000	100000000000	-1	1111111111111111	0	-1	-1	0	0	0	-1	-1	-1	-1	-1	-1	0	0	-1	-1	-1	0	8	8	8	8	8	8	8	0	0	0	0	0	0	0	0	1	0	-1	9	-1	0	0	0	0	0	0	0	-1	-1	-1	0	-1	-1	0	0	0	0	0	0	0	-1	-1	-1	-1	-1	-1	-1	-1	-1	-1	-1	-1	-1	-1	-1	-1	-1	-1	-1	-1	-1	-1	-1	-1	-1	-1	-1	-1	-1	-1	-1	-1	-1	-1	-1	-1	0	0	0	0	0	0	0	-1	-1	-1	-1	-1	6	
14	1	120	-1	-1	-1	Восстанавливающий Эффект	0	0	1	1	000010	01000	100000000000	-1	1111111111111111	0	-1	-1	0	0	0	-1	-1	-1	-1	-1	-1	0	0	-1	-1	-1	0	8	8	8	8	8	8	8	0	0	0	0	0	0	0	0	1	0	-1	3	0	0,100000001	0,119999997	0,150000006	0,180000007	0,209999993	0,25	0,300000012	-1	-1	-1	0	-1	-1	0	0	0	0	0	0	0	-1	-1	-1	-1	-1	-1	-1	-1	-1	-1	-1	-1	-1	-1	-1	-1	-1	-1	-1	-1	-1	-1	-1	-1	-1	-1	-1	-1	-1	-1	-1	-1	-1	-1	-1	-1	0	0	0	0	0	0	0	-1	-1	-1	-1	-1	6	
15	1	130	-1	-1	-1	Вы целиком в снегу	0	0	1	1	111110	01100	100000000000	-1	1111111111111111	0	-1	-1	0	0	0	-1	-1	-1	-1	-1	-1	0	1	3	3	16	0	8	8	8	8	8	8	8	0	0	0	0	0	0	0	0	1	0	-1	-1	-1	-1	-1	-1	-1	-1	-1	-1	0	-1	-1	0	0	18	-0,5	-0,5	-0,5	-0,5	-0,5	-0,5	-0,5	2	7	-1	-1	-1	-1	-1	-1	-1	1	20	-1	-1	-1	-1	-1	-1	-1	-1	-1	-1	-1	-1	-1	-1	-1	-1	-1	-1	-1	-1	-1	-1	-1	-1	-1	30	30	30	30	30	30	30	-1	-1	-1	-1	-1	2	
16	1	131	-1	-1	-1	Вы стали снеговиком	0	0	1	1	111110	01100	100000000000	-1	1111111111111111	0	-1	-1	0	0	0	-1	-1	-1	-1	-1	-1	0	0	-1	-1	-1	0	8	8	8	8	8	8	8	0	0	0	0	0	0	0	0	0	0	-1	-1	-1	-1	-1	-1	-1	-1	-1	-1	0	-1	-1	0	2	20	-1	-1	-1	-1	-1	-1	-1	2	15	1	1	1	1	1	1	1	-1	-1	-1	-1	-1	-1	-1	-1	-1	-1	-1	-1	-1	-1	-1	-1	-1	-1	-1	-1	-1	-1	-1	-1	-1	-1	-1	22	22	22	22	22	22	22	-1	-1	-1	-1	-1	2	
17	1	132	-1	-1	-1	Последствия ядерной атаки	0	0	1	1	111110	11100	100000000000	-1	1111111111111111	0	-1	-1	0	0	0	-1	-1	-1	-1	-1	-1	0	0	-1	-1	-1	0	8	8	8	8	8	8	8	0	0	0	0	0	0	0	0	0	0	-1	-1	-1	-1	-1	-1	-1	-1	-1	-1	0	-1	-1	0	0	6	-0,699999988	-0,699999988	-0,699999988	-0,699999988	-0,699999988	-0,699999988	-0,699999988	0	32	-0,699999988	-0,699999988	-0,699999988	-0,699999988	-0,699999988	-0,699999988	-0,699999988	0	9	-0,699999988	-0,699999988	-0,699999988	-0,699999988	-0,699999988	-0,699999988	-0,699999988	0	10	-0,699999988	-0,699999988	-0,699999988	-0,699999988	-0,699999988	-0,699999988	-0,699999988	2	25	1	1	1	1	1	1	1	300	300	300	300	300	300	300	-1	-1	-1	-1	-1	2	
18	1	117	-1	-1	-1	Уменьшает уровень атаки противни	0	0	1	1	000010	00100	100000000000	-1	1111111111111111	0	-1	-1	0	0	0	-1	-1	-1	-1	-1	-1	0	0	-1	-1	-1	0	8	8	8	8	8	8	8	0	0	0	0	0	0	0	0	5	0	-1	-1	-1	-1	-1	-1	-1	-1	-1	-1	0	-1	-1	0	0	32	-0,99000001	-0,99000001	-0,99000001	-0,99000001	-0,99000001	-0,99000001	-0,99000001	1	20	-1	-1	-1	-1	-1	-1	-1	-1	-1	-1	-1	-1	-1	-1	-1	-1	-1	-1	-1	-1	-1	-1	-1	-1	-1	-1	-1	-1	-1	-1	-1	-1	-1	-1	30	30	30	30	30	30	30	-1	-1	-1	-1	-1	6	
19	1	117	-1	-1	-1	Уменьшает точность противника	0	0	1	1	000010	00100	100000000000	-1	1111111111111111	0	-1	-1	0	0	0	-1	-1	-1	-1	-1	-1	0	0	-1	-1	-1	0	8	8	8	8	8	8	8	0	0	0	0	0	0	0	0	5	0	-1	-1	-1	-1	-1	-1	-1	-1	-1	-1	0	-1	-1	0	1	40	-200	-200	-200	-200	-200	-200	-200	1	20	-1	-1	-1	-1	-1	-1	-1	-1	-1	-1	-1	-1	-1	-1	-1	-1	-1	-1	-1	-1	-1	-1	-1	-1	-1	-1	-1	-1	-1	-1	-1	-1	-1	-1	30	30	30	30	30	30	30	-1	-1	-1	-1	-1	6	
1A	1	117	-1	-1	-1	Уменьшает скорость восстановлени	0	0	1	1	000010	00100	100000000000	-1	1111111111111111	0	-1	-1	0	0	0	-1	-1	-1	-1	-1	-1	0	0	-1	-1	-1	0	8	8	8	8	8	8	8	0	0	0	0	0	0	0	0	3	0	-1	-1	-1	-1	-1	-1	-1	-1	-1	-1	0	-1	-1	0	2	6	1	1	1	1	1	1	1	1	32	-300	-300	-300	-300	-300	-300	-300	-1	-1	-1	-1	-1	-1	-1	-1	-1	-1	-1	-1	-1	-1	-1	-1	-1	-1	-1	-1	-1	-1	-1	-1	-1	-1	-1	30	30	30	30	30	30	30	-1	-1	-1	-1	-1	6	
1B	1	117	-1	-1	-1	Противник не может использовать 	0	0	1	1	000010	00100	100000000000	-1	1111111111111111	0	-1	-1	0	0	0	-1	-1	-1	-1	-1	-1	0	0	-1	-1	-1	0	8	8	8	8	8	8	8	0	0	0	0	0	0	0	0	4	0	-1	7	2	1	1	1	1	1	1	1	0	-1	-1	0	0	10	-0,99000001	-0,99000001	-0,99000001	-0,99000001	-0,99000001	-0,99000001	-0,99000001	-1	-1	-1	-1	-1	-1	-1	-1	-1	-1	-1	-1	-1	-1	-1	-1	-1	-1	-1	-1	-1	-1	-1	-1	-1	-1	-1	-1	-1	-1	-1	-1	-1	-1	-1	-1	40	40	40	40	40	40	40	-1	-1	-1	-1	-1	6	
1C	1	117	-1	-1	-1	Уменьшает скорость восстановлени	0	0	1	1	000010	00100	100000000000	-1	1111111111111111	0	-1	-1	0	0	0	-1	-1	-1	-1	-1	-1	0	0	-1	-1	-1	0	8	8	8	8	8	8	8	0	0	0	0	0	0	0	0	4	0	-1	-1	-1	-1	-1	-1	-1	-1	-1	-1	0	-1	-1	0	0	18	-0,800000012	-0,800000012	-0,800000012	-0,800000012	-0,800000012	-0,800000012	-0,800000012	0	19	-0,899999976	-0,899999976	-0,899999976	-0,899999976	-0,899999976	-0,899999976	-0,899999976	-1	-1	-1	-1	-1	-1	-1	-1	-1	-1	-1	-1	-1	-1	-1	-1	-1	-1	-1	-1	-1	-1	-1	-1	-1	-1	-1	40	40	40	40	40	40	40	-1	-1	-1	-1	-1	6	
1D	1	117	-1	-1	-1	Изоляция противника	0	0	1	1	000010	00100	100000000000	-1	1111111111111111	0	-1	-1	0	0	0	-1	-1	-1	-1	-1	-1	0	0	-1	-1	-1	0	8	8	8	8	8	8	8	0	0	0	0	0	0	0	0	3	0	-1	-1	-1	-1	-1	-1	-1	-1	-1	-1	0	-1	-1	0	2	6	1	1	1	1	1	1	1	1	40	-300	-300	-300	-300	-300	-300	-300	2	18	1	1	1	1	1	1	1	-1	-1	-1	-1	-1	-1	-1	-1	-1	-1	-1	-1	-1	-1	-1	-1	-1	-1	60	60	60	60	60	60	60	-1	-1	-1	-1	-1	6	
1E	1	118	-1	-1	-1	Противник не может уклониться от	0	0	1	1	000010	00100	100000000000	-1	1111111111111111	0	-1	-1	0	0	0	-1	-1	-1	-1	-1	-1	0	0	-1	-1	-1	0	8	8	8	8	8	8	8	0	0	0	0	0	0	0	0	5	0	-1	-1	-1	-1	-1	-1	-1	-1	-1	-1	0	-1	-1	0	1	3	-300	-300	-300	-300	-300	-300	-300	0	18	-0,5	-0,5	-0,5	-0,5	-0,5	-0,5	-0,5	-1	-1	-1	-1	-1	-1	-1	-1	-1	-1	-1	-1	-1	-1	-1	-1	-1	-1	-1	-1	-1	-1	-1	-1	-1	-1	-1	30	30	30	30	30	30	30	-1	-1	-1	-1	-1	6	
1F	1	118	-1	-1	-1	Уменьшает уровень защиты противн	0	0	1	1	000010	00100	100000000000	-1	1111111111111111	0	-1	-1	0	0	0	-1	-1	-1	-1	-1	-1	0	0	-1	-1	-1	0	8	8	8	8	8	8	8	0	0	0	0	0	0	0	0	5	0	-1	-1	-1	-1	-1	-1	-1	-1	-1	-1	0	-1	-1	0	0	33	-0,99000001	-0,99000001	-0,99000001	-0,99000001	-0,99000001	-0,99000001	-0,99000001	1	32	-500	-500	-500	-500	-500	-500	-500	0	18	-0,5	-0,5	-0,5	-0,5	-0,5	-0,5	-0,5	-1	-1	-1	-1	-1	-1	-1	-1	-1	-1	-1	-1	-1	-1	-1	-1	-1	-1	30	30	30	30	30	30	30	-1	-1	-1	-1	-1	6	
20	1	118	-1	-1	-1	Уменьшает скорость передвижения 	0	0	1	1	000010	00100	100000000000	-1	1111111111111111	0	-1	-1	0	0	0	-1	-1	-1	-1	-1	-1	0	0	-1	-1	-1	0	8	8	8	8	8	8	8	0	0	0	0	0	0	0	0	5	0	-1	-1	-1	-1	-1	-1	-1	-1	-1	-1	0	-1	-1	0	1	20	-4	-4	-4	-4	-4	-4	-4	2	7	-1	-1	-1	-1	-1	-1	-1	-1	-1	-1	-1	-1	-1	-1	-1	-1	-1	-1	-1	-1	-1	-1	-1	-1	-1	-1	-1	-1	-1	-1	-1	-1	-1	-1	30	30	30	30	30	30	30	-1	-1	-1	-1	-1	6	
21	1	118	-1	-1	-1	Отключает функции FP,SP противни	0	0	1	1	000010	00100	100000000000	-1	1111111111111111	0	-1	-1	0	0	0	-1	-1	-1	-1	-1	-1	0	0	-1	-1	-1	0	8	8	8	8	8	8	8	0	0	0	0	0	0	0	0	4	0	-1	-1	-1	-1	-1	-1	-1	-1	-1	-1	0	-1	-1	0	0	11	-0,699999988	-0,699999988	-0,699999988	-0,699999988	-0,699999988	-0,699999988	-0,699999988	0	10	-0,699999988	-0,699999988	-0,699999988	-0,699999988	-0,699999988	-0,699999988	-0,699999988	0	19	-0,899999976	-0,899999976	-0,899999976	-0,899999976	-0,899999976	-0,899999976	-0,899999976	0	20	-0,899999976	-0,899999976	-0,899999976	-0,899999976	-0,899999976	-0,899999976	-0,899999976	-1	-1	-1	-1	-1	-1	-1	-1	-1	40	40	40	40	40	40	40	-1	-1	-1	-1	-1	6	
22	1	118	-1	-1	-1	Противник не может использовать 	0	0	1	1	000010	00100	100000000000	-1	1111111111111111	0	-1	-1	0	0	0	-1	-1	-1	-1	-1	-1	0	0	-1	-1	-1	0	8	8	8	8	8	8	8	0	0	0	0	0	0	0	0	4	0	-1	-1	-1	-1	-1	-1	-1	-1	-1	-1	0	-1	-1	0	0	10	-0,99000001	-0,99000001	-0,99000001	-0,99000001	-0,99000001	-0,99000001	-0,99000001	-1	-1	-1	-1	-1	-1	-1	-1	-1	-1	-1	-1	-1	-1	-1	-1	-1	-1	-1	-1	-1	-1	-1	-1	-1	-1	-1	-1	-1	-1	-1	-1	-1	-1	-1	-1	40	40	40	40	40	40	40	-1	-1	-1	-1	-1	6	
23	1	118	-1	-1	-1	Изоляция противника	0	0	1	1	000010	00100	100000000000	-1	1111111111111111	0	-1	-1	0	0	0	-1	-1	-1	-1	-1	-1	0	0	-1	-1	-1	0	8	8	8	8	8	8	8	0	0	0	0	0	0	0	0	3	0	-1	-1	-1	-1	-1	-1	-1	-1	-1	-1	0	-1	-1	0	2	6	1	1	1	1	1	1	1	1	40	-300	-300	-300	-300	-300	-300	-300	2	18	1	1	1	1	1	1	1	-1	-1	-1	-1	-1	-1	-1	-1	-1	-1	-1	-1	-1	-1	-1	-1	-1	-1	60	60	60	60	60	60	60	-1	-1	-1	-1	-1	6	
24	1	118	-1	-1	-1	Уменьшает возможность уклонения 	0	0	1	0	111110	00110	100000000000	-1	1111111111111111	0	-1	-1	0	0	0	-1	-1	-1	-1	-1	-1	0	0	-1	-1	-1	0	8	8	8	8	8	8	8	0	0	0	0	0	0	0	0	1	0	-1	-1	-1	-1	-1	-1	-1	-1	-1	-1	0	-1	-1	0	1	3	-20	-20	-20	-20	-20	-20	-20	-1	-1	-1	-1	-1	-1	-1	-1	-1	-1	-1	-1	-1	-1	-1	-1	-1	-1	-1	-1	-1	-1	-1	-1	-1	-1	-1	-1	-1	-1	-1	-1	-1	-1	-1	-1	60	60	60	60	60	60	60	-1	-1	-1	-1	-1	6	
25	1	101	-1	-1	-1	Уменьшает возможность блока	0	0	1	0	111110	00110	100000000000	-1	1111111111111111	0	-1	-1	0	0	0	-1	-1	-1	-1	-1	-1	0	0	-1	-1	-1	0	8	8	8	8	8	8	8	0	0	0	0	0	0	0	0	1	0	-1	-1	-1	-1	-1	-1	-1	-1	-1	-1	0	-1	-1	0	1	29	-10	-10	-10	-10	-10	-10	-10	-1	-1	-1	-1	-1	-1	-1	-1	-1	-1	-1	-1	-1	-1	-1	-1	-1	-1	-1	-1	-1	-1	-1	-1	-1	-1	-1	-1	-1	-1	-1	-1	-1	-1	-1	-1	60	60	60	60	60	60	60	-1	-1	-1	-1	-1	6	
26	1	103	-1	-1	-1	Уменьшает уровень точности	0	0	1	0	111110	00110	100000000000	-1	1111111111111111	0	-1	-1	0	0	0	-1	-1	-1	-1	-1	-1	0	0	-1	-1	-1	0	8	8	8	8	8	8	8	0	0	0	0	0	0	0	0	1	0	-1	-1	-1	-1	-1	-1	-1	-1	-1	-1	0	-1	-1	0	1	0	-20	-20	-20	-20	-20	-20	-20	1	1	-20	-20	-20	-20	-20	-20	-20	1	2	-20	-20	-20	-20	-20	-20	-20	-1	-1	-1	-1	-1	-1	-1	-1	-1	-1	-1	-1	-1	-1	-1	-1	-1	-1	60	60	60	60	60	60	60	-1	-1	-1	-1	-1	6	
27	1	110	-1	-1	-1	Снижает иммунитет	0	0	1	0	111110	00110	100000000000	-1	1111111111111111	0	-1	-1	0	0	0	-1	-1	-1	-1	-1	-1	0	0	-1	-1	-1	0	8	8	8	8	8	8	8	0	0	0	0	0	0	0	0	1	0	-1	-1	-1	-1	-1	-1	-1	-1	-1	-1	0	-1	-1	0	0	25	-20	-20	-20	-20	-20	-20	-20	0	26	-20	-20	-20	-20	-20	-20	-20	0	27	-20	-20	-20	-20	-20	-20	-20	0	28	-20	-20	-20	-20	-20	-20	-20	-1	-1	-1	-1	-1	-1	-1	-1	-1	60	60	60	60	60	60	60	-1	-1	-1	-1	-1	6	
