string[64]	dword	dword	dword	string[64]	string[64]	string[64]	string[64]	dword	dword	dword	string[64]	string[64]	string[64]	dword	string[64]	dword	dword	dword	dword	dword	dword	string[8]	dword	string[8]	dword	string[8]	dword	float	dword	dword	dword	string[64]	dword	dword	dword	float	long	string[64]	dword	dword	float	float	float	float	float	float	float	dword	dword	dword	dword	float	float	float	float	float	float	float	dword	dword	float	float	float	float	float	float	float	dword	dword	float	float	float	float	float	float	float	dword	dword	float	float	float	float	float	float	float	dword	dword	float	float	float	float	float	float	float	dword	dword	dword	dword	dword	dword	dword	dword	END
Code	Class	Icon	MastIndex	MastKorName	MastEngName	KorName	EngName	Lv	IsActive	IsEnable	UsableRace	ActableDst	GradeLimit	NeedMastIndex	FixWeapon	IsFixShield	SpecialType	NeedSpecialType	NeedHP	NeedFP	NeedSP	NeedItemCode1	NeedItemCount1	NeedItemCode2	NeedItemCount2	NeedItemCode3	NeedItemCount3	ActDealy	IsCumulType	CumulCounter	NewEffCOunt	EffectCode	Attackable	Property	EffectGroup	AttFormulaConstant	ActDistance	RangeEffCode	TempEffectType	TempParamCode	TempValue1	TempValue2	TempValue3	TempValue4	TempValue5	TempValue6	TempValue7	ContEffectType	ContAreaType	ContParamCode1	ContParamIndex1	ContValue1_1	ContValue1_2	ContValue1_3	ContValue1_4	ContValue1_5	ContValue1_6	ContValue1_7	ContParamCode2	ContParamIndex2	ContValue2_1	ContValue2_2	ContValue2_3	ContValue2_4	ContValue2_5	ContValue2_6	ContValue2_7	ContParamCode3	ContParamIndex3	ContValue3_1	ContValue3_2	ContValue3_3	ContValue3_4	ContValue3_5	ContValue3_6	ContValue3_7	ContParamCode4	ContParamIndex4	ContValue4_1	ContValue4_2	ContValue4_3	ContValue4_4	ContValue4_5	ContValue4_6	ContValue4_7	ContParamCode5	ContParamIndex5	ContValue5_1	ContValue5_2	ContValue5_3	ContValue5_4	ContValue5_5	ContValue5_6	ContValue5_7	ContEffSec1	ContEffSec2	ContEffSec3	ContEffSec4	ContEffSec5	ContEffSec6	ContEffSec7	EffectClass	
8000	0	1	0	ґЩЕ©	Dark	Бешенство	Exertion	0	1	1	001100	01000	100000000000	-1	0000000000000000	0	-1	-1	0	30	0	-1	-1	-1	-1	-1	-1	1000	0	-1	-1	-1	0	-1	8	-1	165	-1	-1	-1	0	0	0	0	0	0	0	1	0	1	9	-100	-120	-150	-180	-210	-250	-300	-1	-1	-1	-1	-1	-1	-1	-1	-1	-1	-1	-1	-1	-1	-1	-1	-1	-1	-1	-1	-1	-1	-1	-1	-1	-1	-1	-1	-1	-1	-1	-1	-1	-1	-1	-1	90	140	210	320	480	720	1080	6	
8001	0	2	0	ґЩЕ©	Dark	Жертвоприношение	Sacrifice	0	1	1	001100	01000	100000000000	-1	0000000000000000	0	-1	-1	60	0	0	-1	-1	-1	-1	-1	-1	2000	0	-1	-1	-1	0	-1	8	-1	165	-1	0	0	0,100000001	0,119999997	0,150000006	0,180000007	0,209999993	0,25	0,300000012	-1	0	-1	-1	0	0	0	0	0	0	0	-1	-1	-1	-1	-1	-1	-1	-1	-1	-1	-1	-1	-1	-1	-1	-1	-1	-1	-1	-1	-1	-1	-1	-1	-1	-1	-1	-1	-1	-1	-1	-1	-1	-1	-1	-1	0	0	0	0	0	0	0	6	
8002	0	3	0	ґЩЕ©	Dark	Источник Силы	Approaching	0	1	1	001100	01000	100000000000	-1	0000000000000000	0	-1	-1	0	30	0	-1	-1	-1	-1	-1	-1	1000	0	-1	-1	-1	0	-1	8	-1	165	-1	-1	-1	0	0	0	0	0	0	0	1	0	1	13	-100	-200	-400	-700	-1100	-1600	-2200	-1	-1	-1	-1	-1	-1	-1	-1	-1	-1	-1	-1	-1	-1	-1	-1	-1	-1	-1	-1	-1	-1	-1	-1	-1	-1	-1	-1	-1	-1	-1	-1	-1	-1	-1	-1	90	140	210	320	480	720	1080	6	
8003	0	4	1	µҐѕІ	Death	Мощь	Mighty	1	1	1	001100	01000	100000000000	0	0000000000000000	0	-1	-1	0	60	0	-1	-1	-1	-1	-1	-1	1000	0	-1	-1	-1	0	-1	8	-1	165	-1	-1	-1	0	0	0	0	0	0	0	1	0	0	4	0,100000001	0,119999997	0,150000006	0,180000007	0,209999993	0,25	0,300000012	-1	-1	-1	-1	-1	-1	-1	-1	-1	-1	-1	-1	-1	-1	-1	-1	-1	-1	-1	-1	-1	-1	-1	-1	-1	-1	-1	-1	-1	-1	-1	-1	-1	-1	-1	-1	90	140	210	320	480	720	1080	6	
8004	0	5	1	µҐѕІ	Death	Обозрение	Broad Outlook	1	1	1	001100	01000	100000000000	0	0000000000000000	0	-1	-1	0	60	0	-1	-1	-1	-1	-1	-1	1000	0	-1	-1	-1	0	-1	8	-1	165	-1	-1	-1	0	0	0	0	0	0	0	1	0	1	8	50	50	50	50	50	50	50	-1	-1	-1	-1	-1	-1	-1	-1	-1	-1	-1	-1	-1	-1	-1	-1	-1	-1	-1	-1	-1	-1	-1	-1	-1	-1	-1	-1	-1	-1	-1	-1	-1	-1	-1	-1	90	140	210	320	480	720	1080	6	
8005	0	6	1	µҐѕІ	Death	Ускорение	Increase Speed(Dark)	1	1	1	001100	01000	100000000000	0	0000000000000000	0	-1	-1	0	60	0	-1	-1	-1	-1	-1	-1	1000	0	-1	-1	-1	0	-1	8	-1	165	-1	-1	-1	0	0	0	0	0	0	0	1	0	1	20	1	1,100000024	1,200000048	1,399999976	1,600000024	1,799999952	2	-1	-1	-1	-1	-1	-1	-1	-1	-1	-1	-1	-1	-1	-1	-1	-1	-1	-1	-1	-1	-1	-1	-1	-1	-1	-1	-1	-1	-1	-1	-1	-1	-1	-1	-1	-1	90	140	210	320	480	720	1080	6	
8006	0	7	2	АНЅєЖГјЗ	Extinction	Точность	Celerity	2	1	1	001100	01000	100000000000	1	0000000000000000	0	-1	-1	0	90	0	-1	-1	-1	-1	-1	-1	1000	0	-1	-1	-1	0	-1	8	-1	165	-1	-1	-1	0	0	0	0	0	0	0	1	0	1	0	10	12	15	18	21	25	30	1	1	10	12	15	18	21	25	30	1	30	10	12	15	18	21	25	30	1	31	10	12	15	18	21	25	30	-1	-1	-1	-1	-1	-1	-1	-1	-1	90	140	210	320	480	720	1080	6	
8007	0	8	2	АНЅєЖГјЗ	Extinction	Пытка	Hell Bless	2	1	1	001100	00110	100000000000	1	0000000000000000	0	-1	-1	0	90	0	-1	-1	-1	-1	-1	-1	18000	0	-1	-1	-1	0	-1	8	-1	165	-1	-1	-1	0	0	0	0	0	0	0	0	0	1	32	-100	-100	-100	-100	-100	-100	-100	1	33	-100	-100	-100	-100	-100	-100	-100	1	34	-100	-100	-100	-100	-100	-100	-100	-1	-1	-1	-1	-1	-1	-1	-1	-1	-1	-1	-1	-1	-1	-1	-1	-1	-1	30	36	45	54	63	75	90	6	
8008	0	9	2	АНЅєЖГјЗ	Extinction	Практичность	Effective Consume(Dark)	2	1	1	001100	01000	100000000000	1	0000000000000000	0	-1	-1	0	90	0	-1	-1	-1	-1	-1	-1	1000	0	-1	-1	-1	0	-1	8	-1	165	-1	-1	-1	0	0	0	0	0	0	0	1	0	0	7	-0,050000001	-0,100000001	-0,150000006	-0,200000003	-0,25	-0,300000012	-0,349999994	-1	-1	-1	-1	-1	-1	-1	-1	-1	-1	-1	-1	-1	-1	-1	-1	-1	-1	-1	-1	-1	-1	-1	-1	-1	-1	-1	-1	-1	-1	-1	-1	-1	-1	-1	-1	90	140	210	320	480	720	1080	6	
8009	0	10	3	Зп	Hell	Поглощение	Absorption	3	1	0	001100	01000	100000000000	2	0000000000000000	0	-1	-1	0	120	0	-1	-1	-1	-1	-1	-1	1000	0	-1	-1	-1	0	-1	8	-1	165	-1	-1	-1	0	0	0	0	0	0	0	1	0	0	13	0,200000003	0,300000012	0,400000006	0,5	0,600000024	0,699999988	1	-1	-1	-1	-1	-1	-1	-1	-1	-1	-1	-1	-1	-1	-1	-1	-1	-1	-1	-1	-1	-1	-1	-1	-1	-1	-1	-1	-1	-1	-1	-1	-1	-1	-1	-1	-1	90	140	210	320	480	720	1080	6	
800A	0	11	3	Зп	Hell	Сумрак	Transparency	3	1	0	001100	01000	100000000000	2	0000000000000000	0	1	-1	0	120	0	-1	-1	-1	-1	-1	-1	1000	0	-1	-1	-1	0	-1	8	-1	165	-1	-1	-1	0	0	0	0	0	0	0	1	0	1	21	0	0	0	0	0	0	0	-1	-1	-1	-1	-1	-1	-1	-1	-1	-1	-1	-1	-1	-1	-1	-1	-1	-1	-1	-1	-1	-1	-1	-1	-1	-1	-1	-1	-1	-1	-1	-1	-1	-1	-1	-1	90	140	210	320	480	720	1080	6	
800B	0	12	3	Зп	Hell	Воскрешение	Revival	3	1	0	001100	01000	100000000000	2	0000000000000000	0	-1	-1	0	120	0	-1	-1	-1	-1	-1	-1	1000	0	-1	-1	-1	0	-1	8	-1	165	-1	2	-1	0	0	0	0	0	0	0	-1	0	-1	-1	0	0	0	0	0	0	0	-1	-1	-1	-1	-1	-1	-1	-1	-1	-1	-1	-1	-1	-1	-1	-1	-1	-1	-1	-1	-1	-1	-1	-1	-1	-1	-1	-1	-1	-1	-1	-1	-1	-1	-1	-1	0	0	0	0	0	0	0	6	
7100	1	13	4	И¦ё®	Holy	Благословение	Bless	0	1	1	110000	01000	100000000000	-1	0000000000000000	0	-1	-1	0	30	0	-1	-1	-1	-1	-1	-1	1000	0	-1	-1	-1	0	-1	8	-1	165	-1	5	0	0,200000003	0,300000012	0,400000006	0,5	0,649999976	0,800000012	1	-1	0	-1	-1	0,200000003	0,300000012	0,400000006	0,5	0,649999976	0,800000012	1	-1	-1	-1	-1	-1	-1	-1	-1	-1	-1	-1	-1	-1	-1	-1	-1	-1	-1	-1	-1	-1	-1	-1	-1	-1	-1	-1	-1	-1	-1	-1	-1	-1	-1	-1	-1	0	0	0	0	0	0	0	6	
7101	1	14	4	И¦ё®	Holy	Восстановление	Restoration	0	1	1	110000	01000	100000000000	-1	0000000000000000	0	-1	-1	0	30	0	-1	-1	-1	-1	-1	-1	1000	0	-1	-1	-1	0	-1	8	-1	165	-1	4	0	0,200000003	0,25	0,300000012	0,400000006	0,600000024	0,699999988	1	-1	0	-1	-1	0	0	0	0	0	0	0	-1	-1	-1	-1	-1	-1	-1	-1	-1	-1	-1	-1	-1	-1	-1	-1	-1	-1	-1	-1	-1	-1	-1	-1	-1	-1	-1	-1	-1	-1	-1	-1	-1	-1	-1	-1	0	0	0	0	0	0	0	6	
7102	1	15	4	И¦ё®	Holy	Душевная Баллада	Soul Ballad	0	1	1	110000	01000	100000000000	-1	0000000000000000	0	-1	-1	0	30	0	-1	-1	-1	-1	-1	-1	1000	0	-1	-1	-1	0	-1	8	-1	165	-1	-1	-1	0	0	0	0	0	0	0	1	0	0	14	0,5	1	1,200000048	1,399999976	1,600000024	1,799999952	2	0	15	0,5	1	1,200000048	1,399999976	1,600000024	1,799999952	2	-1	-1	-1	-1	-1	-1	-1	-1	-1	-1	-1	-1	-1	-1	-1	-1	-1	-1	-1	-1	-1	-1	-1	-1	-1	-1	-1	90	140	210	320	480	720	1080	6	
7103	1	16	5	ЗЫ·Оїмµе	Hallowed	Щит Стихий	Elemental Resist	1	1	1	110000	01000	100000000000	4	0000000000000000	0	-1	-1	0	60	0	-1	-1	-1	-1	-1	-1	1000	0	-1	-1	-1	0	-1	8	-1	165	-1	-1	-1	0	0	0	0	0	0	0	1	0	1	15	1	2	3	4	5	7	10	1	16	1	2	3	4	5	7	10	1	17	1	2	3	4	5	7	10	1	18	1	2	3	4	5	7	10	-1	-1	-1	-1	-1	-1	-1	-1	-1	90	140	210	320	480	720	1080	6	
7104	1	17	5	ЗЫ·Оїмµе	Hallowed	Лечение	Healing	1	1	1	110000	01000	100000000000	4	0000000000000000	0	-1	-1	0	60	0	-1	-1	-1	-1	-1	-1	2000	0	-1	-1	-1	0	-1	8	-1	165	-1	3	0	0,100000001	0,119999997	0,150000006	0,180000007	0,209999993	0,25	0,300000012	-1	0	-1	-1	0	0	0	0	0	0	0	-1	-1	-1	-1	-1	-1	-1	-1	-1	-1	-1	-1	-1	-1	-1	-1	-1	-1	-1	-1	-1	-1	-1	-1	-1	-1	-1	-1	-1	-1	-1	-1	-1	-1	-1	-1	0	0	0	0	0	0	0	6	
7105	1	18	5	ЗЫ·Оїмµе	Hallowed	Ускорение	Increase Speed(Holy)	1	1	1	110000	01000	100000000000	4	0000000000000000	0	-1	-1	0	60	0	-1	-1	-1	-1	-1	-1	1000	0	-1	-1	-1	0	-1	8	-1	165	-1	-1	-1	0	0	0	0	0	0	0	1	0	1	20	1	1,100000024	1,200000048	1,399999976	1,600000024	1,799999952	2	-1	-1	-1	-1	-1	-1	-1	-1	-1	-1	-1	-1	-1	-1	-1	-1	-1	-1	-1	-1	-1	-1	-1	-1	-1	-1	-1	-1	-1	-1	-1	-1	-1	-1	-1	-1	90	140	210	320	480	720	1080	6	
7106	1	19	6	µр№ЩАО	Devine	Уклонение	Agility	2	1	1	110000	01000	100000000000	5	0000000000000000	0	-1	-1	0	90	0	-1	-1	-1	-1	-1	-1	1000	0	-1	-1	-1	0	-1	8	-1	165	-1	-1	-1	0	0	0	0	0	0	0	1	0	1	3	10	12	15	18	21	25	30	-1	-1	-1	-1	-1	-1	-1	-1	-1	-1	-1	-1	-1	-1	-1	-1	-1	-1	-1	-1	-1	-1	-1	-1	-1	-1	-1	-1	-1	-1	-1	-1	-1	-1	-1	-1	90	140	210	320	480	720	1080	6	
7107	1	20	6	µр№ЩАО	Devine	Щит Эгиды	Holy Shield	2	1	1	110000	01000	100000000000	5	0000000000000000	0	-1	-1	0	90	0	-1	-1	-1	-1	-1	-1	1000	0	-1	-1	-1	0	-1	8	-1	165	-1	-1	-1	0	0	0	0	0	0	0	1	0	0	6	0,100000001	0,119999997	0,150000006	0,180000007	0,209999993	0,25	0,300000012	-1	-1	-1	-1	-1	-1	-1	-1	-1	-1	-1	-1	-1	-1	-1	-1	-1	-1	-1	-1	-1	-1	-1	-1	-1	-1	-1	-1	-1	-1	-1	-1	-1	-1	-1	-1	90	140	210	320	480	720	1080	6	
7108	1	21	6	µр№ЩАО	Devine	Практичность	Effective Consume(Holy)	2	1	1	110000	01000	100000000000	5	0000000000000000	0	-1	-1	0	90	0	-1	-1	-1	-1	-1	-1	1000	0	-1	-1	-1	0	-1	8	-1	165	-1	-1	-1	0	0	0	0	0	0	0	1	0	0	7	-0,050000001	-0,100000001	-0,150000006	-0,200000003	-0,25	-0,300000012	-0,349999994	-1	-1	-1	-1	-1	-1	-1	-1	-1	-1	-1	-1	-1	-1	-1	-1	-1	-1	-1	-1	-1	-1	-1	-1	-1	-1	-1	-1	-1	-1	-1	-1	-1	-1	-1	-1	90	140	210	320	480	720	1080	6	
7109	1	22	7	ё®№ЩАМ№ъ	Revival	Вампиризм	Blood Capture	3	1	0	110000	01000	100000000000	6	0000000000000000	0	-1	-1	0	120	0	-1	-1	-1	-1	-1	-1	1000	0	-1	-1	-1	0	-1	8	-1	165	-1	-1	-1	0	0	0	0	0	0	0	1	0	0	12	0,02	0,029999999	0,039999999	0,050000001	0,059999999	0,07	0,100000001	-1	-1	-1	-1	-1	-1	-1	-1	-1	-1	-1	-1	-1	-1	-1	-1	-1	-1	-1	-1	-1	-1	-1	-1	-1	-1	-1	-1	-1	-1	-1	-1	-1	-1	-1	-1	90	140	210	320	480	720	1080	6	
710A	1	23	7	ё®№ЩАМ№ъ	Revival	Мастер уклонения	Absolute Armor	3	1	0	110000	01000	100000000000	6	0000000000000000	0	-1	-1	0	120	0	-1	-1	-1	-1	-1	-1	1000	0	-1	-1	-1	0	-1	8	-1	165	-1	-1	-1	0	0	0	0	0	0	0	1	0	2	8	0	0	0	0	0	0	0	-1	-1	-1	-1	-1	-1	-1	-1	-1	-1	-1	-1	-1	-1	-1	-1	-1	-1	-1	-1	-1	-1	-1	-1	-1	-1	-1	-1	-1	-1	-1	-1	-1	-1	-1	-1	90	140	210	320	480	720	1080	6	
710B	1	24	7	ё®№ЩАМ№ъ	Revival	Восстановление	Over Healing	3	1	0	110000	01000	100000000000	6	0000000000000000	0	-1	-1	0	120	0	-1	-1	-1	-1	-1	-1	1000	0	-1	-1	-1	0	-1	8	-1	165	-1	6	0	0,200000003	0,25	0,300000012	0,400000006	0,600000024	0,699999988	1	-1	0	-1	-1	0	0	0	0	0	0	0	-1	-1	-1	-1	-1	-1	-1	-1	-1	-1	-1	-1	-1	-1	-1	-1	-1	-1	-1	-1	-1	-1	-1	-1	-1	-1	-1	-1	-1	-1	-1	-1	-1	-1	-1	-1	0	0	0	0	0	0	0	6	
9200	2	25	8	ЖДАМѕо&¶уАМЖ®	Fire&Light	Призматический Луч	Prism Beam	0	1	1	111100	00110	100000000000	-1	0000000001000000	0	-1	-1	0	30	0	-1	-1	-1	-1	-1	-1	6000	0	-1	-1	-1	1	0	0	1,375	120	-1	-1	-1	0	0	0	0	0	0	0	-1	0	-1	-1	0	0	0	0	0	0	0	-1	-1	-1	-1	-1	-1	-1	-1	-1	-1	-1	-1	-1	-1	-1	-1	-1	-1	-1	-1	-1	-1	-1	-1	-1	-1	-1	-1	-1	-1	-1	-1	-1	-1	-1	-1	0	0	0	0	0	0	0	0	
9201	2	26	8	ЖДАМѕо&¶уАМЖ®	Fire&Light	Звезда Огня	Fire Piece	0	1	1	111100	00110	100000000000	-1	0000000001000000	0	-1	-1	0	75	0	-1	-1	-1	-1	-1	-1	6000	0	-1	-1	-1	1	0	4	1,485000014	10	-1	-1	-1	0	0	0	0	0	0	0	-1	0	-1	-1	0	0	0	0	0	0	0	-1	-1	-1	-1	-1	-1	-1	-1	-1	-1	-1	-1	-1	-1	-1	-1	-1	-1	-1	-1	-1	-1	-1	-1	-1	-1	-1	-1	-1	-1	-1	-1	-1	-1	-1	-1	0	0	0	0	0	0	0	1	
9202	2	27	8	ЖДАМѕо&¶уАМЖ®	Fire&Light	Огненный Шар	Fire Ball	0	1	1	111100	00110	100000000000	-1	0000000001000000	0	-1	-1	0	60	0	-1	-1	-1	-1	-1	-1	6000	0	-1	-1	-1	1	0	5	1,375	120	-1	-1	-1	0	0	0	0	0	0	0	-1	0	-1	-1	0	0	0	0	0	0	0	-1	-1	-1	-1	-1	-1	-1	-1	-1	-1	-1	-1	-1	-1	-1	-1	-1	-1	-1	-1	-1	-1	-1	-1	-1	-1	-1	-1	-1	-1	-1	-1	-1	-1	-1	-1	0	0	0	0	0	0	0	2	
9203	2	28	8	ЖДАМѕо&¶уАМЖ®	Fire&Light	Луч Света	Flash Beam	0	1	1	111100	00110	100000000000	-1	0000000001000000	0	-1	-1	0	90	0	-1	-1	-1	-1	-1	-1	6000	0	-1	-1	-1	1	0	6	1,375	120	-1	-1	-1	0	0	0	0	0	0	0	-1	0	-1	-1	0	0	0	0	0	0	0	-1	-1	-1	-1	-1	-1	-1	-1	-1	-1	-1	-1	-1	-1	-1	-1	-1	-1	-1	-1	-1	-1	-1	-1	-1	-1	-1	-1	-1	-1	-1	-1	-1	-1	-1	-1	0	0	0	0	0	0	0	5	
9204	2	29	9	ЗГ·№АУ&Ѕєїъ	Flame&Swarm	Огненная Стрела	Flame Arrow	1	1	1	111100	00110	100000000000	8	0000000001000000	0	-1	-1	0	60	0	-1	-1	-1	-1	-1	-1	12000	0	-1	-1	-1	1	0	0	1,71875	120	-1	-1	-1	0	0	0	0	0	0	0	-1	0	-1	-1	0	0	0	0	0	0	0	-1	-1	-1	-1	-1	-1	-1	-1	-1	-1	-1	-1	-1	-1	-1	-1	-1	-1	-1	-1	-1	-1	-1	-1	-1	-1	-1	-1	-1	-1	-1	-1	-1	-1	-1	-1	0	0	0	0	0	0	0	0	
9205	2	30	9	ЗГ·№АУ&Ѕєїъ	Flame&Swarm	Огненный круг	Circle Flame	1	1	1	111100	00110	100000000000	8	0000000001000000	0	-1	-1	0	150	0	-1	-1	-1	-1	-1	-1	12000	0	-1	-1	-1	1	0	4	1,856250048	10	-1	-1	-1	0	0	0	0	0	0	0	-1	0	-1	-1	0	0	0	0	0	0	0	-1	-1	-1	-1	-1	-1	-1	-1	-1	-1	-1	-1	-1	-1	-1	-1	-1	-1	-1	-1	-1	-1	-1	-1	-1	-1	-1	-1	-1	-1	-1	-1	-1	-1	-1	-1	0	0	0	0	0	0	0	1	
9206	2	31	9	ЗГ·№АУ&Ѕєїъ	Flame&Swarm	Огненный шквал	Flame Explosion	1	1	1	111100	00110	100000000000	8	0000000001000000	0	-1	-1	0	120	0	-1	-1	-1	-1	-1	-1	12000	0	-1	-1	-1	1	0	5	1,71875	120	-1	-1	-1	0	0	0	0	0	0	0	-1	0	-1	-1	0	0	0	0	0	0	0	-1	-1	-1	-1	-1	-1	-1	-1	-1	-1	-1	-1	-1	-1	-1	-1	-1	-1	-1	-1	-1	-1	-1	-1	-1	-1	-1	-1	-1	-1	-1	-1	-1	-1	-1	-1	0	0	0	0	0	0	0	2	
9207	2	32	9	ЗГ·№АУ&Ѕєїъ	Flame&Swarm	Сила света	Mirror Swarm	1	1	1	111100	00110	100000000000	8	0000000001000000	0	-1	-1	0	180	0	-1	-1	-1	-1	-1	-1	12000	0	-1	-1	-1	1	0	6	1,71875	120	-1	-1	-1	0	0	0	0	0	0	0	-1	0	-1	-1	0	0	0	0	0	0	0	-1	-1	-1	-1	-1	-1	-1	-1	-1	-1	-1	-1	-1	-1	-1	-1	-1	-1	-1	-1	-1	-1	-1	-1	-1	-1	-1	-1	-1	-1	-1	-1	-1	-1	-1	-1	0	0	0	0	0	0	0	5	
9208	2	33	10	єн·№АМБо&єк¶уАМЖ®	Blaze&Bright	Огненный Дождь	Blaze Pearl	2	1	1	111100	00110	100000000000	9	0000000001000000	0	-1	-1	0	90	0	-1	-1	-1	-1	-1	-1	18000	0	-1	-1	-1	1	0	0	2,148437977	120	-1	-1	-1	0	0	0	0	0	0	0	-1	0	-1	-1	0	0	0	0	0	0	0	-1	-1	-1	-1	-1	-1	-1	-1	-1	-1	-1	-1	-1	-1	-1	-1	-1	-1	-1	-1	-1	-1	-1	-1	-1	-1	-1	-1	-1	-1	-1	-1	-1	-1	-1	-1	0	0	0	0	0	0	0	4	
9209	2	34	10	єн·№АМБо&єк¶уАМЖ®	Blaze&Bright	Солнечный Клинок	Solar Blade	2	1	1	111100	00110	100000000000	9	0000000001000000	0	-1	-1	0	225	0	-1	-1	-1	-1	-1	-1	18000	0	-1	-1	-1	1	0	4	2,320312977	10	-1	-1	-1	0	0	0	0	0	0	0	-1	0	-1	-1	0	0	0	0	0	0	0	-1	-1	-1	-1	-1	-1	-1	-1	-1	-1	-1	-1	-1	-1	-1	-1	-1	-1	-1	-1	-1	-1	-1	-1	-1	-1	-1	-1	-1	-1	-1	-1	-1	-1	-1	-1	0	0	0	0	0	0	0	1	
920A	2	35	10	єн·№АМБо&єк¶уАМЖ®	Blaze&Bright	Сияющее Копье	Blaze Lance	2	1	1	111100	00110	100000000000	9	0000000001000000	0	-1	-1	0	180	0	-1	-1	-1	-1	-1	-1	18000	0	-1	-1	-1	1	0	5	2,148437977	120	-1	-1	-1	0	0	0	0	0	0	0	-1	0	-1	-1	0	0	0	0	0	0	0	-1	-1	-1	-1	-1	-1	-1	-1	-1	-1	-1	-1	-1	-1	-1	-1	-1	-1	-1	-1	-1	-1	-1	-1	-1	-1	-1	-1	-1	-1	-1	-1	-1	-1	-1	-1	0	0	0	0	0	0	0	2	
920B	2	36	10	єн·№АМБо&єк¶уАМЖ®	Blaze&Bright	Метеорит	Meteor Swarm	2	1	1	111100	00110	100000000000	9	0000000001000000	0	-1	-1	0	270	0	-1	-1	-1	-1	-1	-1	18000	0	-1	-1	-1	1	0	6	2,148437977	120	-1	-1	-1	0	0	0	0	0	0	0	-1	0	-1	-1	0	0	0	0	0	0	0	-1	-1	-1	-1	-1	-1	-1	-1	-1	-1	-1	-1	-1	-1	-1	-1	-1	-1	-1	-1	-1	-1	-1	-1	-1	-1	-1	-1	-1	-1	-1	-1	-1	-1	-1	-1	0	0	0	0	0	0	0	5	
920C	2	37	11	ЗпЖДАМѕо&јЦ¶у	Hellfire&Solar	Вспышка света	Solar Of Power	3	1	0	111100	00110	100000000000	10	0000000001000000	0	-1	-1	0	120	0	-1	-1	-1	-1	-1	-1	24000	0	-1	-1	-1	1	0	0	2,685547113	120	-1	-1	-1	0	0	0	0	0	0	0	-1	0	-1	-1	0	0	0	0	0	0	0	-1	-1	-1	-1	-1	-1	-1	-1	-1	-1	-1	-1	-1	-1	-1	-1	-1	-1	-1	-1	-1	-1	-1	-1	-1	-1	-1	-1	-1	-1	-1	-1	-1	-1	-1	-1	0	0	0	0	0	0	0	0	
920D	2	38	11	ЗпЖДАМѕо&јЦ¶у	Hellfire&Solar	Извержение	Hell Soul	3	1	0	111100	00110	100000000000	10	0000000001000000	0	-1	-1	0	300	0	-1	-1	-1	-1	-1	-1	24000	0	-1	-1	-1	1	0	4	2,900391102	10	-1	-1	-1	0	0	0	0	0	0	0	-1	0	-1	-1	0	0	0	0	0	0	0	-1	-1	-1	-1	-1	-1	-1	-1	-1	-1	-1	-1	-1	-1	-1	-1	-1	-1	-1	-1	-1	-1	-1	-1	-1	-1	-1	-1	-1	-1	-1	-1	-1	-1	-1	-1	0	0	0	0	0	0	0	1	
920E	2	39	11	ЗпЖДАМѕо&јЦ¶у	Hellfire&Solar	Огненная Птица	Hell Fire	3	1	0	111100	00110	100000000000	10	0000000001000000	0	-1	-1	0	240	0	-1	-1	-1	-1	-1	-1	24000	0	-1	-1	-1	1	0	5	2,685547113	120	-1	-1	-1	0	0	0	0	0	0	0	-1	0	-1	-1	0	0	0	0	0	0	0	-1	-1	-1	-1	-1	-1	-1	-1	-1	-1	-1	-1	-1	-1	-1	-1	-1	-1	-1	-1	-1	-1	-1	-1	-1	-1	-1	-1	-1	-1	-1	-1	-1	-1	-1	-1	0	0	0	0	0	0	0	2	
920F	2	40	11	ЗпЖДАМѕо&јЦ¶у	Hellfire&Solar	Священная вспышка	Benediction Of Solar	3	1	0	111100	00110	100000000000	10	0000000001000000	0	-1	-1	0	360	0	-1	-1	-1	-1	-1	-1	24000	0	-1	-1	-1	1	0	6	2,685547113	120	-1	-1	-1	0	0	0	0	0	0	0	-1	0	-1	-1	0	0	0	0	0	0	0	-1	-1	-1	-1	-1	-1	-1	-1	-1	-1	-1	-1	-1	-1	-1	-1	-1	-1	-1	-1	-1	-1	-1	-1	-1	-1	-1	-1	-1	-1	-1	-1	-1	-1	-1	-1	0	0	0	0	0	0	0	5	
9300	3	41	12	ѕЖДнѕЖ&ѕЖАМЅє	Aqua&Ice	Осколок Льда	Ice Beam	0	1	1	111100	00110	100000000000	-1	0000000001000000	0	-1	-1	0	30	0	-1	-1	-1	-1	-1	-1	6000	0	-1	-1	-1	1	1	0	1,25	120	-1	-1	-1	0	0	0	0	0	0	0	-1	0	-1	-1	0	0	0	0	0	0	0	-1	-1	-1	-1	-1	-1	-1	-1	-1	-1	-1	-1	-1	-1	-1	-1	-1	-1	-1	-1	-1	-1	-1	-1	-1	-1	-1	-1	-1	-1	-1	-1	-1	-1	-1	-1	0	0	0	0	0	0	0	0	
9301	3	42	12	ѕЖДнѕЖ&ѕЖАМЅє	Aqua&Ice	Гейзер	Spout Mist	0	1	1	111100	00110	100000000000	-1	0000000001000000	0	-1	-1	0	60	0	-1	-1	-1	-1	-1	-1	6000	0	-1	-1	-1	1	1	5	1,25	120	-1	-1	-1	0	0	0	0	0	0	0	-1	0	-1	-1	0	0	0	0	0	0	0	-1	-1	-1	-1	-1	-1	-1	-1	-1	-1	-1	-1	-1	-1	-1	-1	-1	-1	-1	-1	-1	-1	-1	-1	-1	-1	-1	-1	-1	-1	-1	-1	-1	-1	-1	-1	0	0	0	0	0	0	0	2	
9302	3	43	12	ѕЖДнѕЖ&ѕЖАМЅє	Aqua&Ice	Ослепление	Blind Sight	0	1	1	111100	00100	100000000000	-1	0000000001000000	0	-1	-1	0	30	0	-1	-1	-1	-1	-1	-1	6000	0	-1	-1	-1	0	1	8	-1	120	-1	-1	-1	0	0	0	0	0	0	0	0	0	1	26	-200	-230	-260	-290	-310	-350	-400	-1	-1	-1	-1	-1	-1	-1	-1	-1	-1	-1	-1	-1	-1	-1	-1	-1	-1	-1	-1	-1	-1	-1	-1	-1	-1	-1	-1	-1	-1	-1	-1	-1	-1	-1	-1	30	36	45	54	63	75	90	6	
9303	3	44	12	ѕЖДнѕЖ&ѕЖАМЅє	Aqua&Ice	Ослабление	Weakness	0	1	1	111100	00110	100000000000	-1	0000000001000000	0	-1	-1	0	30	0	-1	-1	-1	-1	-1	-1	6000	0	-1	-1	-1	0	1	8	-1	120	-1	-1	-1	0	0	0	0	0	0	0	0	0	0	6	-0,125	-0,25	-0,375	-0,5	-0,625	-0,75	-0,875	-1	-1	-1	-1	-1	-1	-1	-1	-1	-1	-1	-1	-1	-1	-1	-1	-1	-1	-1	-1	-1	-1	-1	-1	-1	-1	-1	-1	-1	-1	-1	-1	-1	-1	-1	-1	30	36	45	54	63	75	90	6	
9304	3	45	13	ЖшЖч&ЗБ·ОЅєЖ®	Waterfall&Frost	Ледяная Стрела	Frost Arrow	1	1	1	111100	00110	100000000000	12	0000000001000000	0	-1	-1	0	60	0	-1	-1	-1	-1	-1	-1	12000	0	-1	-1	-1	1	1	0	1,5625	120	-1	-1	-1	0	0	0	0	0	0	0	-1	0	-1	-1	0	0	0	0	0	0	0	-1	-1	-1	-1	-1	-1	-1	-1	-1	-1	-1	-1	-1	-1	-1	-1	-1	-1	-1	-1	-1	-1	-1	-1	-1	-1	-1	-1	-1	-1	-1	-1	-1	-1	-1	-1	0	0	0	0	0	0	0	0	
9305	3	46	13	ЖшЖч&ЗБ·ОЅєЖ®	Waterfall&Frost	Ледяной клинок	Aqua Blade	1	1	1	111100	00110	100000000000	12	0000000001000000	0	-1	-1	0	120	0	-1	-1	-1	-1	-1	-1	12000	0	-1	-1	-1	1	1	5	1,5625	120	-1	-1	-1	0	0	0	0	0	0	0	-1	0	-1	-1	0	0	0	0	0	0	0	-1	-1	-1	-1	-1	-1	-1	-1	-1	-1	-1	-1	-1	-1	-1	-1	-1	-1	-1	-1	-1	-1	-1	-1	-1	-1	-1	-1	-1	-1	-1	-1	-1	-1	-1	-1	0	0	0	0	0	0	0	8	
9306	3	47	13	ЖшЖч&ЗБ·ОЅєЖ®	Waterfall&Frost	Стихийная немощь	Reduce Resist	1	1	1	111100	00110	100000000000	12	0000000001000000	0	-1	-1	0	60	0	-1	-1	-1	-1	-1	-1	12000	0	-1	-1	-1	0	1	8	-1	120	-1	-1	-1	0	0	0	0	0	0	0	0	0	1	15	-25	-35	-45	-55	-65	-75	-100	1	16	-25	-35	-45	-55	-65	-75	-100	1	17	-25	-35	-45	-55	-65	-75	-100	1	18	-25	-35	-45	-55	-65	-75	-100	-1	-1	-1	-1	-1	-1	-1	-1	-1	30	36	45	54	63	75	90	6	
9307	3	48	13	ЖшЖч&ЗБ·ОЅєЖ®	Waterfall&Frost	Поглощение Силы	Seeling	1	1	1	111100	00110	100000000000	12	0000000001000000	0	-1	-1	0	60	0	-1	-1	-1	-1	-1	-1	12000	0	-1	-1	-1	0	1	8	-1	120	-1	-1	-1	0	0	0	0	0	0	0	0	0	0	3	-0,125	-0,25	-0,375	-0,5	-0,625	-0,75	-0,875	0	2	-0,125	-0,25	-0,375	-0,5	-0,625	-0,75	-0,875	0	0	-0,125	-0,25	-0,375	-0,5	-0,625	-0,75	-0,875	0	1	-0,125	-0,25	-0,375	-0,5	-0,625	-0,75	-0,875	0	4	-0,125	-0,25	-0,375	-0,5	-0,625	-0,75	-0,875	30	36	45	54	63	75	90	6	
9308	3	49	14	їюАМєк&єнё®АЪµе	Wave&Blizzard	Ледяная Ярость	Rage Of Wave	2	1	1	111100	00110	100000000000	13	0000000001000000	0	-1	-1	0	90	0	-1	-1	-1	-1	-1	-1	18000	0	-1	-1	-1	1	1	0	1,953125	120	-1	-1	-1	0	0	0	0	0	0	0	-1	0	-1	-1	0	0	0	0	0	0	0	-1	-1	-1	-1	-1	-1	-1	-1	-1	-1	-1	-1	-1	-1	-1	-1	-1	-1	-1	-1	-1	-1	-1	-1	-1	-1	-1	-1	-1	-1	-1	-1	-1	-1	-1	-1	0	0	0	0	0	0	0	0	
9309	3	50	14	їюАМєк&єнё®АЪµе	Wave&Blizzard	Ледяные шипы	Frost Nova	2	1	1	111100	00110	100000000000	13	0000000001000000	0	-1	-1	0	225	0	-1	-1	-1	-1	-1	-1	18000	0	-1	-1	-1	1	1	4	2,109375	10	-1	-1	-1	0	0	0	0	0	0	0	-1	0	-1	-1	0	0	0	0	0	0	0	-1	-1	-1	-1	-1	-1	-1	-1	-1	-1	-1	-1	-1	-1	-1	-1	-1	-1	-1	-1	-1	-1	-1	-1	-1	-1	-1	-1	-1	-1	-1	-1	-1	-1	-1	-1	0	0	0	0	0	0	0	1	
930A	3	51	14	їюАМєк&єнё®АЪµе	Wave&Blizzard	Растерянность	Block	2	1	1	111100	00110	100000000000	13	0000000001000000	0	-1	-1	0	90	0	-1	-1	-1	-1	-1	-1	18000	0	-1	-1	-1	0	1	8	-1	120	-1	-1	-1	0	0	0	0	0	0	0	0	0	1	0	-10	-12	-15	-20	-25	-30	-50	1	1	-10	-12	-15	-20	-25	-30	-50	1	3	-5	-7	-10	-12	-15	-18	-20	1	30	-10	-12	-15	-20	-25	-30	-50	1	31	-10	-12	-15	-20	-25	-30	-50	30	36	45	54	63	75	90	6	
930B	3	52	14	їюАМєк&єнё®АЪµе	Wave&Blizzard	Усталость	Dulling	2	1	1	111100	00110	100000000000	13	0000000001000000	0	-1	-1	0	90	0	-1	-1	-1	-1	-1	-1	18000	0	-1	-1	-1	0	1	8	-1	120	-1	-1	-1	0	0	0	0	0	0	0	0	0	1	9	100	120	150	180	210	250	300	1	10	100	120	150	180	210	250	300	1	11	500	700	900	1100	1300	1500	2000	1	12	500	700	900	1100	1300	1500	2000	1	13	500	700	900	1100	1300	1500	2000	30	36	45	54	63	75	90	6	
930C	3	53	15	ЗГ·Їµе&іл№Щ	Flood&Nova	Облако пара	Lava Aqua	3	1	0	111100	00110	100000000000	14	0000000001000000	0	-1	-1	0	120	0	-1	-1	-1	-1	-1	-1	24000	0	-1	-1	-1	1	1	0	2,441406012	120	-1	-1	-1	0	0	0	0	0	0	0	-1	0	-1	-1	0	0	0	0	0	0	0	-1	-1	-1	-1	-1	-1	-1	-1	-1	-1	-1	-1	-1	-1	-1	-1	-1	-1	-1	-1	-1	-1	-1	-1	-1	-1	-1	-1	-1	-1	-1	-1	-1	-1	-1	-1	0	0	0	0	0	0	0	0	
930D	3	54	15	ЗГ·Їµе&іл№Щ	Flood&Nova	Метель	Snow Drift	3	1	0	111100	00110	100000000000	14	0000000001000000	0	-1	-1	0	300	0	-1	-1	-1	-1	-1	-1	24000	0	-1	-1	-1	1	1	4	2,636718988	10	-1	-1	-1	0	0	0	0	0	0	0	-1	0	-1	-1	0	0	0	0	0	0	0	-1	-1	-1	-1	-1	-1	-1	-1	-1	-1	-1	-1	-1	-1	-1	-1	-1	-1	-1	-1	-1	-1	-1	-1	-1	-1	-1	-1	-1	-1	-1	-1	-1	-1	-1	-1	0	0	0	0	0	0	0	1	
930E	3	55	15	ЗГ·Їµе&іл№Щ	Flood&Nova	Ледяной Плен	Counteraction	3	1	0	111100	00100	100000000000	14	0000000001000000	0	-1	-1	0	120	0	-1	-1	-1	-1	-1	-1	6000	0	-1	-1	-1	0	1	8	-1	120	-1	-1	-1	0	0	0	0	0	0	0	0	0	0	15	-0,5	-0,550000012	-0,600000024	-0,649999976	-0,699999988	-0,800000012	-0,899999976	-1	-1	-1	-1	-1	-1	-1	-1	-1	-1	-1	-1	-1	-1	-1	-1	-1	-1	-1	-1	-1	-1	-1	-1	-1	-1	-1	-1	-1	-1	-1	-1	-1	-1	-1	-1	30	36	45	54	63	75	90	6	
930F	3	56	15	ЗГ·Їµе&іл№Щ	Flood&Nova	Оковы	Limit Critical	3	1	0	111100	00100	100000000000	14	0000000001000000	0	-1	-1	0	120	0	-1	-1	-1	-1	-1	-1	6000	0	-1	-1	-1	0	1	8	-1	120	-1	-1	-1	0	0	0	0	0	0	0	0	0	1	14	-10	-12	-15	-18	-21	-25	-30	-1	-1	-1	-1	-1	-1	-1	-1	-1	-1	-1	-1	-1	-1	-1	-1	-1	-1	-1	-1	-1	-1	-1	-1	-1	-1	-1	-1	-1	-1	-1	-1	-1	-1	-1	-1	30	36	45	54	63	75	90	6	
9400	4	57	16	ѕоЅє&ЖчАМБр	Earth&Poison	Земляной Ком	Vain Fall	0	1	1	111100	00110	100000000000	-1	0000000001000000	0	-1	-1	0	30	0	-1	-1	-1	-1	-1	-1	6000	0	-1	-1	-1	1	2	0	1,25	120	-1	-1	-1	0	0	0	0	0	0	0	-1	0	-1	-1	0	0	0	0	0	0	0	-1	-1	-1	-1	-1	-1	-1	-1	-1	-1	-1	-1	-1	-1	-1	-1	-1	-1	-1	-1	-1	-1	-1	-1	-1	-1	-1	-1	-1	-1	-1	-1	-1	-1	-1	-1	0	0	0	0	0	0	0	0	
9401	4	58	16	ѕоЅє&ЖчАМБр	Earth&Poison	Ядовитый газ	Poison Stinking	0	1	1	111100	00110	100000000000	-1	0000000001000000	0	-1	-1	0	90	0	-1	-1	-1	-1	-1	-1	6000	0	-1	-1	-1	1	2	6	1,25	120	-1	-1	-1	0	0	0	0	0	0	0	-1	0	-1	-1	0	0	0	0	0	0	0	-1	-1	-1	-1	-1	-1	-1	-1	-1	-1	-1	-1	-1	-1	-1	-1	-1	-1	-1	-1	-1	-1	-1	-1	-1	-1	-1	-1	-1	-1	-1	-1	-1	-1	-1	-1	0	0	0	0	0	0	0	5	
9402	4	59	16	ѕоЅє&ЖчАМБр	Earth&Poison	Безмолвие	Blind Soul	0	1	1	111100	00100	100000000000	-1	0000000001000000	0	-1	-1	0	30	0	-1	-1	-1	-1	-1	-1	6000	0	-1	-1	-1	0	2	8	-1	120	-1	-1	-1	0	0	0	0	0	0	0	0	0	2	3	0	0	0	0	0	0	0	-1	-1	-1	-1	-1	-1	-1	-1	-1	-1	-1	-1	-1	-1	-1	-1	-1	-1	-1	-1	-1	-1	-1	-1	-1	-1	-1	-1	-1	-1	-1	-1	-1	-1	-1	-1	30	36	45	54	63	75	90	6	
9403	4	60	16	ѕоЅє&ЖчАМБр	Earth&Poison	Слабодушие	Mute Soul	0	1	1	111100	00110	100000000000	-1	0000000001000000	0	-1	-1	0	30	0	-1	-1	-1	-1	-1	-1	6000	0	-1	-1	-1	0	2	8	-1	120	-1	-1	-1	0	0	0	0	0	0	0	0	0	2	4	0	0	0	0	0	0	0	-1	-1	-1	-1	-1	-1	-1	-1	-1	-1	-1	-1	-1	-1	-1	-1	-1	-1	-1	-1	-1	-1	-1	-1	-1	-1	-1	-1	-1	-1	-1	-1	-1	-1	-1	-1	30	36	45	54	63	75	90	6	
9404	4	61	17	ЅєЕж&єЈіС	Stone&Venom	Каменный клинок	Rock Blade	1	1	1	111100	00110	100000000000	16	0000000001000000	0	-1	-1	0	60	0	-1	-1	-1	-1	-1	-1	12000	0	-1	-1	-1	1	2	0	1,5625	120	-1	-1	-1	0	0	0	0	0	0	0	-1	0	-1	-1	0	0	0	0	0	0	0	-1	-1	-1	-1	-1	-1	-1	-1	-1	-1	-1	-1	-1	-1	-1	-1	-1	-1	-1	-1	-1	-1	-1	-1	-1	-1	-1	-1	-1	-1	-1	-1	-1	-1	-1	-1	0	0	0	0	0	0	0	4	
9405	4	62	17	ЅєЕж&єЈіС	Stone&Venom	Ядовитое дыхание	Poison Breath	1	1	1	111100	00110	100000000000	16	0000000001000000	0	-1	-1	0	180	0	-1	-1	-1	-1	-1	-1	12000	0	-1	-1	-1	1	2	6	1,5625	120	-1	-1	-1	0	0	0	0	0	0	0	-1	0	-1	-1	0	0	0	0	0	0	0	-1	-1	-1	-1	-1	-1	-1	-1	-1	-1	-1	-1	-1	-1	-1	-1	-1	-1	-1	-1	-1	-1	-1	-1	-1	-1	-1	-1	-1	-1	-1	-1	-1	-1	-1	-1	0	0	0	0	0	0	0	5	
9406	4	63	17	ЅєЕж&єЈіС	Stone&Venom	Забытье	Desolate	1	1	1	111100	00100	100000000000	16	0000000001000000	0	-1	-1	0	60	0	-1	-1	-1	-1	-1	-1	12000	0	-1	-1	-1	0	2	8	-1	120	-1	-1	-1	0	0	0	0	0	0	0	0	0	2	2	0	0	0	0	0	0	0	-1	-1	-1	-1	-1	-1	-1	-1	-1	-1	-1	-1	-1	-1	-1	-1	-1	-1	-1	-1	-1	-1	-1	-1	-1	-1	-1	-1	-1	-1	-1	-1	-1	-1	-1	-1	30	36	45	54	63	75	90	6	
9407	4	64	17	ЅєЕж&єЈіС	Stone&Venom	Зыбучие Пески	Spin A Web	1	1	1	111100	00110	100000000000	16	0000000001000000	0	-1	-1	0	60	0	-1	-1	-1	-1	-1	-1	12000	0	-1	-1	-1	0	2	8	-1	120	-1	-1	-1	0	0	0	0	0	0	0	0	0	2	7	0	0	0	0	0	0	0	-1	-1	-1	-1	-1	-1	-1	-1	-1	-1	-1	-1	-1	-1	-1	-1	-1	-1	-1	-1	-1	-1	-1	-1	-1	-1	-1	-1	-1	-1	-1	-1	-1	-1	-1	-1	30	36	45	54	63	75	90	6	
9408	4	65	18	Ѕ¦АМЕ©&ЕОЅЕ	Shake&Toxin	Отравление	Fuse Venom Breath	2	1	1	111100	00110	100000000000	17	0000000001000000	0	-1	-1	0	90	0	-1	-1	-1	-1	-1	-1	18000	0	-1	-1	-1	1	2	0	1,953125	120	-1	-1	-1	0	0	0	0	0	0	0	-1	0	-1	-1	0	0	0	0	0	0	0	-1	-1	-1	-1	-1	-1	-1	-1	-1	-1	-1	-1	-1	-1	-1	-1	-1	-1	-1	-1	-1	-1	-1	-1	-1	-1	-1	-1	-1	-1	-1	-1	-1	-1	-1	-1	0	0	0	0	0	0	0	0	
9409	4	66	18	Ѕ¦АМЕ©&ЕОЅЕ	Shake&Toxin	Песчаная Буря	Sand Storm	2	1	1	111100	00110	100000000000	17	0000000001000000	0	-1	-1	0	180	0	-1	-1	-1	-1	-1	-1	18000	0	-1	-1	-1	1	2	5	1,953125	120	-1	-1	-1	0	0	0	0	0	0	0	-1	0	-1	-1	0	0	0	0	0	0	0	-1	-1	-1	-1	-1	-1	-1	-1	-1	-1	-1	-1	-1	-1	-1	-1	-1	-1	-1	-1	-1	-1	-1	-1	-1	-1	-1	-1	-1	-1	-1	-1	-1	-1	-1	-1	0	0	0	0	0	0	0	2	
940A	4	67	18	Ѕ¦АМЕ©&ЕОЅЕ	Shake&Toxin	Путы	Dismantle	2	1	1	111100	00100	100000000000	17	0000000001000000	0	-1	-1	0	90	0	-1	-1	-1	-1	-1	-1	18000	0	-1	-1	-1	0	2	8	-1	120	-1	-1	-1	0	0	0	0	0	0	0	0	0	2	0	0	0	0	0	0	0	0	-1	-1	-1	-1	-1	-1	-1	-1	-1	-1	-1	-1	-1	-1	-1	-1	-1	-1	-1	-1	-1	-1	-1	-1	-1	-1	-1	-1	-1	-1	-1	-1	-1	-1	-1	-1	30	36	45	54	63	75	90	6	
940B	4	68	18	Ѕ¦АМЕ©&ЕОЅЕ	Shake&Toxin	Изоляция	Grow Lax	2	1	1	111100	00110	100000000000	17	0000000001000000	0	-1	-1	0	90	0	-1	-1	-1	-1	-1	-1	18000	0	-1	-1	-1	0	2	8	-1	120	-1	-1	-1	0	0	0	0	0	0	0	0	0	2	1	0	0	0	0	0	0	0	-1	-1	-1	-1	-1	-1	-1	-1	-1	-1	-1	-1	-1	-1	-1	-1	-1	-1	-1	-1	-1	-1	-1	-1	-1	-1	-1	-1	-1	-1	-1	-1	-1	-1	-1	-1	30	36	45	54	63	75	90	6	
940C	4	69	19	ЅМЕ·&№ЩАМ·ЇЅє	Shinking&Virus	Болезненный вирус	Virus Disease	3	1	0	111100	00110	100000000000	18	0000000001000000	0	-1	-1	0	120	0	-1	-1	-1	-1	-1	-1	24000	0	-1	-1	-1	1	2	0	2,441406012	120	-1	-1	-1	0	0	0	0	0	0	0	-1	0	-1	-1	0	0	0	0	0	0	0	-1	-1	-1	-1	-1	-1	-1	-1	-1	-1	-1	-1	-1	-1	-1	-1	-1	-1	-1	-1	-1	-1	-1	-1	-1	-1	-1	-1	-1	-1	-1	-1	-1	-1	-1	-1	0	0	0	0	0	0	0	0	
940D	4	70	19	ЅМЕ·&№ЩАМ·ЇЅє	Shinking&Virus	Каменная лавина	Gravel Rain	3	1	0	111100	00110	100000000000	18	0000000001000000	0	-1	-1	0	240	0	-1	-1	-1	-1	-1	-1	24000	0	-1	-1	-1	1	2	5	2,441406012	120	-1	-1	-1	0	0	0	0	0	0	0	-1	0	-1	-1	0	0	0	0	0	0	0	-1	-1	-1	-1	-1	-1	-1	-1	-1	-1	-1	-1	-1	-1	-1	-1	-1	-1	-1	-1	-1	-1	-1	-1	-1	-1	-1	-1	-1	-1	-1	-1	-1	-1	-1	-1	0	0	0	0	0	0	0	2	
940E	4	71	19	ЅМЕ·&№ЩАМ·ЇЅє	Shinking&Virus	Удушье	Bleeding	3	1	0	111100	00100	100000000000	18	0000000001000000	0	-1	-1	0	120	0	-1	-1	-1	-1	-1	-1	6000	0	-1	-1	-1	0	2	8	-1	120	-1	-1	-1	0	0	0	0	0	0	0	0	0	2	10	0	0	0	0	0	0	0	0	18	-0,200000003	-0,300000012	-0,400000006	-0,5	-0,600000024	-0,699999988	-0,800000012	0	19	-0,200000003	-0,300000012	-0,400000006	-0,5	-0,600000024	-0,699999988	-0,800000012	0	20	-0,200000003	-0,300000012	-0,400000006	-0,5	-0,600000024	-0,699999988	-0,800000012	-1	-1	-1	-1	-1	-1	-1	-1	-1	30	36	45	54	63	75	90	6	
940F	4	72	19	ЅМЕ·&№ЩАМ·ЇЅє	Shinking&Virus	Сеть охотника	Immobility	3	1	0	111100	00100	100000000000	18	0000000001000000	0	-1	-1	0	120	0	-1	-1	-1	-1	-1	-1	6000	0	-1	-1	-1	0	2	8	-1	120	-1	-1	-1	0	0	0	0	0	0	0	0	0	2	6	0	0	0	0	0	0	0	-1	-1	-1	-1	-1	-1	-1	-1	-1	-1	-1	-1	-1	-1	-1	-1	-1	-1	-1	-1	-1	-1	-1	-1	-1	-1	-1	-1	-1	-1	-1	-1	-1	-1	-1	-1	30	36	45	54	63	75	90	6	
9500	5	73	20	їЎѕо&АП·єЖ®ёЇ	Air&Electric	Электрический шар	Electric Ball	0	1	1	111100	00110	100000000000	-1	0000000001000000	0	-1	-1	0	30	0	-1	-1	-1	-1	-1	-1	6000	0	-1	-1	-1	1	3	0	1,25	120	-1	-1	-1	0	0	0	0	0	0	0	-1	0	-1	-1	0	0	0	0	0	0	0	-1	-1	-1	-1	-1	-1	-1	-1	-1	-1	-1	-1	-1	-1	-1	-1	-1	-1	-1	-1	-1	-1	-1	-1	-1	-1	-1	-1	-1	-1	-1	-1	-1	-1	-1	-1	0	0	0	0	0	0	0	0	
9501	5	74	20	їЎѕо&АП·єЖ®ёЇ	Air&Electric	Ураган	Air Splinter	0	1	1	111100	00110	100000000000	-1	0000000001000000	0	-1	-1	0	75	0	-1	-1	-1	-1	-1	-1	6000	0	-1	-1	-1	1	3	4	1,350000024	10	-1	-1	-1	0	0	0	0	0	0	0	-1	0	-1	-1	0	0	0	0	0	0	0	-1	-1	-1	-1	-1	-1	-1	-1	-1	-1	-1	-1	-1	-1	-1	-1	-1	-1	-1	-1	-1	-1	-1	-1	-1	-1	-1	-1	-1	-1	-1	-1	-1	-1	-1	-1	0	0	0	0	0	0	0	1	
9502	5	75	20	їЎѕо&АП·єЖ®ёЇ	Air&Electric	Усмирение	Thawing	0	1	1	111100	00100	100000000000	-1	0000000001000000	0	-1	-1	0	30	0	-1	-1	-1	-1	-1	-1	6000	0	-1	-1	-1	0	3	8	-1	120	-1	7	-1	0	0	0	0	0	0	0	-1	0	-1	-1	0	0	0	0	0	0	0	-1	-1	-1	-1	-1	-1	-1	-1	-1	-1	-1	-1	-1	-1	-1	-1	-1	-1	-1	-1	-1	-1	-1	-1	-1	-1	-1	-1	-1	-1	-1	-1	-1	-1	-1	-1	0	0	0	0	0	0	0	6	
9503	5	76	20	їЎѕо&АП·єЖ®ёЇ	Air&Electric	Подавление	Release	0	1	1	111100	00100	100000000000	-1	0000000001000000	0	-1	-1	0	30	0	-1	-1	-1	-1	-1	-1	6000	0	-1	-1	-1	0	3	8	-1	120	-1	8	-1	0	0	0	0	0	0	0	-1	0	-1	-1	0	0	0	0	0	0	0	-1	-1	-1	-1	-1	-1	-1	-1	-1	-1	-1	-1	-1	-1	-1	-1	-1	-1	-1	-1	-1	-1	-1	-1	-1	-1	-1	-1	-1	-1	-1	-1	-1	-1	-1	-1	0	0	0	0	0	0	0	6	
9504	5	77	21	єн·ЎЅєЖ®&¶уАМЖ®ґЧ	Blast&Lighting	Молния	Electric Bolt	1	1	1	111100	00110	100000000000	20	0000000001000000	0	-1	-1	0	60	0	-1	-1	-1	-1	-1	-1	12000	0	-1	-1	-1	1	3	0	1,5625	120	-1	-1	-1	0	0	0	0	0	0	0	-1	0	-1	-1	0	0	0	0	0	0	0	-1	-1	-1	-1	-1	-1	-1	-1	-1	-1	-1	-1	-1	-1	-1	-1	-1	-1	-1	-1	-1	-1	-1	-1	-1	-1	-1	-1	-1	-1	-1	-1	-1	-1	-1	-1	0	0	0	0	0	0	0	4	
9505	5	78	21	єн·ЎЅєЖ®&¶уАМЖ®ґЧ	Blast&Lighting	Тайфун	Air Blast	1	1	1	111100	00110	100000000000	20	0000000001000000	0	-1	-1	0	150	0	-1	-1	-1	-1	-1	-1	12000	0	-1	-1	-1	1	3	4	1,6875	10	-1	-1	-1	0	0	0	0	0	0	0	-1	0	-1	-1	0	0	0	0	0	0	0	-1	-1	-1	-1	-1	-1	-1	-1	-1	-1	-1	-1	-1	-1	-1	-1	-1	-1	-1	-1	-1	-1	-1	-1	-1	-1	-1	-1	-1	-1	-1	-1	-1	-1	-1	-1	0	0	0	0	0	0	0	1	
9506	5	79	21	єн·ЎЅєЖ®&¶уАМЖ®ґЧ	Blast&Lighting	Очищение	Refreshing	1	1	1	111100	01000	100000000000	20	0000000001000000	0	-1	-1	0	60	0	-1	-1	-1	-1	-1	-1	2000	0	-1	-1	-1	0	3	8	-1	165	-1	9	-1	0	0	0	0	0	0	0	-1	0	-1	-1	0	0	0	0	0	0	0	-1	-1	-1	-1	-1	-1	-1	-1	-1	-1	-1	-1	-1	-1	-1	-1	-1	-1	-1	-1	-1	-1	-1	-1	-1	-1	-1	-1	-1	-1	-1	-1	-1	-1	-1	-1	0	0	0	0	0	0	0	6	
9507	5	80	21	єн·ЎЅєЖ®&¶уАМЖ®ґЧ	Blast&Lighting	Взгляд Истины	Detect	1	1	1	111100	01000	100000000000	20	0000000001000000	0	-1	-1	0	60	0	-1	-1	-1	-1	-1	-1	6000	0	-1	-1	-1	0	3	8	-1	165	-1	-1	-1	0	0	0	0	0	0	0	1	0	1	22	1	1	1	1	1	1	1	-1	-1	-1	-1	-1	-1	-1	-1	-1	-1	-1	-1	-1	-1	-1	-1	-1	-1	-1	-1	-1	-1	-1	-1	-1	-1	-1	-1	-1	-1	-1	-1	-1	-1	-1	-1	90	140	210	320	480	720	1080	6	
9508	5	81	22	ЕдіЧАМµµ&Ѕгґх	Tornado&Thunder	Штормовой Ветер	Gust Of Blast	2	1	1	111100	00110	100000000000	21	0000000001000000	0	-1	-1	0	90	0	-1	-1	-1	-1	-1	-1	18000	0	-1	-1	-1	1	3	0	1,953125	120	-1	-1	-1	0	0	0	0	0	0	0	-1	0	-1	-1	0	0	0	0	0	0	0	-1	-1	-1	-1	-1	-1	-1	-1	-1	-1	-1	-1	-1	-1	-1	-1	-1	-1	-1	-1	-1	-1	-1	-1	-1	-1	-1	-1	-1	-1	-1	-1	-1	-1	-1	-1	0	0	0	0	0	0	0	4	
9509	5	82	22	ЕдіЧАМµµ&Ѕгґх	Tornado&Thunder	Цепная Молния	Chain Lightning	2	1	1	111100	00110	100000000000	21	0000000001000000	0	-1	-1	0	270	0	-1	-1	-1	-1	-1	-1	18000	0	-1	-1	-1	1	3	6	1,953125	120	-1	-1	-1	0	0	0	0	0	0	0	-1	0	-1	-1	0	0	0	0	0	0	0	-1	-1	-1	-1	-1	-1	-1	-1	-1	-1	-1	-1	-1	-1	-1	-1	-1	-1	-1	-1	-1	-1	-1	-1	-1	-1	-1	-1	-1	-1	-1	-1	-1	-1	-1	-1	0	0	0	0	0	0	0	5	
950A	5	83	22	ЕдіЧАМµµ&Ѕгґх	Tornado&Thunder	Ревокация	Individual Cancellation	2	1	1	111100	00100	100000000000	21	0000000001000000	0	-1	-1	0	90	0	-1	-1	-1	-1	-1	-1	18000	0	-1	-1	-1	0	3	8	-1	120	-1	10	1	100	200	300	400	500	600	700	-1	0	-1	-1	0	0	0	0	0	0	0	-1	-1	-1	-1	-1	-1	-1	-1	-1	-1	-1	-1	-1	-1	-1	-1	-1	-1	-1	-1	-1	-1	-1	-1	-1	-1	-1	-1	-1	-1	-1	-1	-1	-1	-1	-1	0	0	0	0	0	0	0	6	
950B	5	84	22	ЕдіЧАМµµ&Ѕгґх	Tornado&Thunder	Вето	Offensive Cancellation	2	1	1	111100	00100	100000000000	21	0000000001000000	0	-1	-1	0	90	0	-1	-1	-1	-1	-1	-1	18000	0	-1	-1	-1	0	3	8	-1	120	-1	11	1	100	200	300	400	500	600	700	-1	0	-1	-1	0	0	0	0	0	0	0	-1	-1	-1	-1	-1	-1	-1	-1	-1	-1	-1	-1	-1	-1	-1	-1	-1	-1	-1	-1	-1	-1	-1	-1	-1	-1	-1	-1	-1	-1	-1	-1	-1	-1	-1	-1	0	0	0	0	0	0	0	6	
950C	5	85	23	±Ч·Ў№цЖј&Ѕгґх№цµе	Gravity&Thunder Bird	Гравитационное поле	Gravity Field	3	1	0	111100	00110	100000000000	22	0000000001000000	0	-1	-1	0	120	0	-1	-1	-1	-1	-1	-1	24000	0	-1	-1	-1	1	3	0	2,441406012	120	-1	-1	-1	0	0	0	0	0	0	0	-1	0	-1	-1	0	0	0	0	0	0	0	-1	-1	-1	-1	-1	-1	-1	-1	-1	-1	-1	-1	-1	-1	-1	-1	-1	-1	-1	-1	-1	-1	-1	-1	-1	-1	-1	-1	-1	-1	-1	-1	-1	-1	-1	-1	0	0	0	0	0	0	0	0	
950D	5	86	23	±Ч·Ў№цЖј&Ѕгґх№цµе	Gravity&Thunder Bird	Крылья Бури	Thunder Bird	3	1	0	111100	00110	100000000000	22	0000000001000000	0	-1	-1	0	360	0	-1	-1	-1	-1	-1	-1	24000	0	-1	-1	-1	1	3	6	2,441406012	120	-1	-1	-1	0	0	0	0	0	0	0	-1	0	-1	-1	0	0	0	0	0	0	0	-1	-1	-1	-1	-1	-1	-1	-1	-1	-1	-1	-1	-1	-1	-1	-1	-1	-1	-1	-1	-1	-1	-1	-1	-1	-1	-1	-1	-1	-1	-1	-1	-1	-1	-1	-1	0	0	0	0	0	0	0	5	
950E	5	87	23	±Ч·Ў№цЖј&Ѕгґх№цµе	Gravity&Thunder Bird	Удар Хаоса	Defensive Cancellation	3	1	0	111100	01000	100000000000	22	0000000001000000	0	-1	-1	0	120	0	-1	-1	-1	-1	-1	-1	6000	0	-1	-1	-1	0	3	8	-1	165	-1	12	-1	0	0	0	0	0	0	0	-1	0	-1	-1	0	0	0	0	0	0	0	-1	-1	-1	-1	-1	-1	-1	-1	-1	-1	-1	-1	-1	-1	-1	-1	-1	-1	-1	-1	-1	-1	-1	-1	-1	-1	-1	-1	-1	-1	-1	-1	-1	-1	-1	-1	0	0	0	0	0	0	0	6	
950F	5	88	23	±Ч·Ў№цЖј&Ѕгґх№цµе	Gravity&Thunder Bird	Охранитель	Slacken Vigilance	3	1	0	111100	01000	100000000000	22	0000000001000000	0	-1	-1	0	120	0	-1	-1	-1	-1	-1	-1	6000	0	-1	-1	-1	0	3	8	-1	120	-1	13	-1	0	0	0	0	0	0	0	-1	0	-1	-1	0	0	0	0	0	0	0	-1	-1	-1	-1	-1	-1	-1	-1	-1	-1	-1	-1	-1	-1	-1	-1	-1	-1	-1	-1	-1	-1	-1	-1	-1	-1	-1	-1	-1	-1	-1	-1	-1	-1	-1	-1	0	0	0	0	0	0	0	6	
