string[64]	dword	dword	dword	string[64]	string[64]	string[64]	string[64]	dword	dword	dword	string[64]	string[64]	string[64]	dword	string[64]	dword	dword	dword	dword	dword	dword	string[8]	dword	string[8]	dword	string[8]	dword	float	dword	dword	dword	string[64]	dword	dword	dword	dword	dword	dword	dword	dword	dword	dword	dword	dword	dword	dword	dword	float	dword	long	string[64]	dword	dword	float	float	float	float	float	float	float	dword	dword	dword	dword	dword	dword	float	float	float	float	float	float	float	dword	dword	float	float	float	float	float	float	float	dword	dword	float	float	float	float	float	float	float	dword	dword	float	float	float	float	float	float	float	dword	dword	float	float	float	float	float	float	float	dword	dword	dword	dword	dword	dword	dword	dword	float	float	float	float	dword	END
Code	Class	Icon	MastIndex	MastKorName	MastEngName	KorName	EngName	Lv	IsActive	IsEnable	UsableRace	ActableDst	GradeLimit	NeedMastIndex	FixWeapon	IsFixShield	SpecialType	NeedSpecialType	NeedHP	NeedFP	NeedSP	NeedItemCode1	NeedItemCount1	NeedItemCode2	NeedItemCount2	NeedItemCode3	NeedItemCount3	ActDealy	IsCumulType	CumulCounter	NewEffCOunt	EffectCode	Attackable	AttType1	AttType2	AttType3	AttType4	AttType5	AttType6	AttType7	AttConstant1	AttConstant2	AttConstant3	AttConstant4	AttConstant5	AttConstant6	AttConstant7	AttFormulaConstant	AttNeedBt	BonusDistance	RangeEffCode	TempEffectType	TempParamCode	TempValue1	TempValue2	TempValue3	TempValue4	TempValue5	TempValue6	TempValue7	ContEffectType	EffLimType	EffLimType2	ContAreaType	ContParamCode1	ContParamIndex1	ContValue1_1	ContValue1_2	ContValue1_3	ContValue1_4	ContValue1_5	ContValue1_6	ContValue1_7	ContParamCode2	ContParamIndex2	ContValue2_1	ContValue2_2	ContValue2_3	ContValue2_4	ContValue2_5	ContValue2_6	ContValue2_7	ContParamCode3	ContParamIndex3	ContValue3_1	ContValue3_2	ContValue3_3	ContValue3_4	ContValue3_5	ContValue3_6	ContValue3_7	ContParamCode4	ContParamIndex4	ContValue4_1	ContValue4_2	ContValue4_3	ContValue4_4	ContValue4_5	ContValue4_6	ContValue4_7	ContParamCode5	ContParamIndex5	ContValue5_1	ContValue5_2	ContValue5_3	ContValue5_4	ContValue5_5	ContValue5_6	ContValue5_7	ContEffSec1	ContEffSec2	ContEffSec3	ContEffSec4	ContEffSec5	ContEffSec6	ContEffSec7	Etc	1_2speed	1_2distance	2_3speed	2_3distance	EffectClass	
A0000	0	1	0	№Рё® ЅєДГ·Ї	Melee Scholar	Смертельная атака	Shining Cut	0	1	1	111110	00110	100000000000	-1	1110100000000000	0	-1	-1	0	30	0	-1	-1	-1	-1	-1	-1	6000	1	2	788	788	1	0	0	0	1	1	1	2	788	788	788	788	788	788	788	1,25	0	0	-1	-1	-1	0	0	0	0	0	0	0	-1	-1	-1	0	-1	-1	0	0	0	0	0	0	0	-1	-1	-1	-1	-1	-1	-1	-1	-1	-1	-1	-1	-1	-1	-1	-1	-1	-1	-1	-1	-1	-1	-1	-1	-1	-1	-1	-1	-1	-1	-1	-1	-1	-1	-1	-1	0	0	0	0	0	0	0	1	1	5	1	7,5	11	
A0001	0	2	0	№Рё® ЅєДГ·Ї	Melee Scholar	Ветер Войны	Blow	0	1	1	111110	00110	100000000000	-1	1011000000000000	0	-1	-1	0	30	0	-1	-1	-1	-1	-1	-1	6000	1	2	788	788	1	0	0	0	1	1	1	2	788	788	788	788	788	788	788	1,25	0	0	-1	-1	-1	0	0	0	0	0	0	0	-1	-1	-1	0	-1	-1	0	0	0	0	0	0	0	-1	-1	-1	-1	-1	-1	-1	-1	-1	-1	-1	-1	-1	-1	-1	-1	-1	-1	-1	-1	-1	-1	-1	-1	-1	-1	-1	-1	-1	-1	-1	-1	-1	-1	-1	-1	0	0	0	0	0	0	0	2	1	5	1	7,5	11	
A0002	0	3	0	№Рё® ЅєДГ·Ї	Melee Scholar	Мощный выпад	Prick	0	1	1	111110	00110	100000000000	-1	0100100000000000	0	-1	-1	0	30	0	-1	-1	-1	-1	-1	-1	6000	1	2	788	788	1	0	0	0	1	1	1	2	788	788	788	788	788	788	788	1,25	0	0	-1	-1	-1	0	0	0	0	0	0	0	-1	-1	-1	0	-1	-1	0	0	0	0	0	0	0	-1	-1	-1	-1	-1	-1	-1	-1	-1	-1	-1	-1	-1	-1	-1	-1	-1	-1	-1	-1	-1	-1	-1	-1	-1	-1	-1	-1	-1	-1	-1	-1	-1	-1	-1	-1	0	0	0	0	0	0	0	3	1	5	1	7,5	11	
AF000	0	4	0	№Рё® ЅєДГ·Ї	Melee Scholar	Ярость	Wild Rage	0	1	1	111110	10000	100000000000	-1	0000000000000000	0	-1	-1	0	30	0	-1	-1	-1	-1	-1	-1	1000	1	8	0	0	0	8	8	8	8	8	8	8	0	0	0	0	0	0	0	-1	0	0	-1	-1	-1	0	0	0	0	0	0	0	1	-1	-1	0	0	0	0,100000001	0,119999997	0,150000006	0,180000007	0,209999993	0,25	0,300000012	0	2	0,100000001	0,119999997	0,150000006	0,180000007	0,209999993	0,25	0,300000012	-1	-1	-1	-1	-1	-1	-1	-1	-1	-1	-1	-1	-1	-1	-1	-1	-1	-1	-1	-1	-1	-1	-1	-1	-1	-1	-1	90	140	210	320	480	720	1080	0	0	0	0	0	6	
AF001	0	5	0	№Рё® ЅєДГ·Ї	Melee Scholar	Сосредоточенность	Accurate	0	1	1	111110	10000	100000000000	-1	0000000000000000	0	-1	-1	0	30	0	-1	-1	-1	-1	-1	-1	1000	1	8	0	0	0	8	8	8	8	8	8	8	0	0	0	0	0	0	0	-1	0	0	-1	-1	-1	0	0	0	0	0	0	0	1	-1	-1	0	1	0	10	12	15	18	21	25	30	1	30	10	12	15	18	21	25	30	-1	-1	-1	-1	-1	-1	-1	-1	-1	-1	-1	-1	-1	-1	-1	-1	-1	-1	-1	-1	-1	-1	-1	-1	-1	-1	-1	90	140	210	320	480	720	1080	0	0	0	0	0	6	
AF002	0	6	0	№Рё® ЅєДГ·Ї	Melee Scholar	Ожесточение	Extending	0	1	1	111110	10000	100000000000	-1	0000000000000000	0	-1	-1	0	30	0	-1	-1	-1	-1	-1	-1	1000	1	8	0	0	0	8	8	8	8	8	8	8	0	0	0	0	0	0	0	-1	0	0	-1	-1	-1	0	0	0	0	0	0	0	1	-1	-1	0	1	4	5	10	15	20	25	30	50	1	6	5	10	15	20	25	30	50	-1	-1	-1	-1	-1	-1	-1	-1	-1	-1	-1	-1	-1	-1	-1	-1	-1	-1	-1	-1	-1	-1	-1	-1	-1	-1	-1	90	140	210	320	480	720	1080	0	0	0	0	0	6	
A0003	0	7	1	№Рё® АНЅєЖЫЖ®	Melee Expert	Бешенный удар	Death Blow	1	1	1	111110	00110	100000000000	0	1111100000000000	0	-1	-1	0	90	0	-1	-1	-1	-1	-1	-1	12000	1	4	788	788	1	4	4	4	4	4	4	4	788	788	788	788	788	788	788	1,5625	0	0	-1	-1	-1	0	0	0	0	0	0	0	-1	-1	-1	0	-1	-1	0	0	0	0	0	0	0	-1	-1	-1	-1	-1	-1	-1	-1	-1	-1	-1	-1	-1	-1	-1	-1	-1	-1	-1	-1	-1	-1	-1	-1	-1	-1	-1	-1	-1	-1	-1	-1	-1	-1	-1	-1	0	0	0	0	0	0	0	4	0	0	0	0	5	
A0004	0	8	1	№Рё® АНЅєЖЫЖ®	Melee Expert	Рассекание	Clout Chop	1	1	1	111110	00110	100000000000	0	1111100000000000	0	-1	-1	0	90	0	-1	-1	-1	-1	-1	-1	12000	1	5	788	788	1	5	5	5	5	5	5	5	788	788	788	788	788	788	788	1,5625	0	0	-1	-1	-1	0	0	0	0	0	0	0	-1	-1	-1	0	-1	-1	0	0	0	0	0	0	0	-1	-1	-1	-1	-1	-1	-1	-1	-1	-1	-1	-1	-1	-1	-1	-1	-1	-1	-1	-1	-1	-1	-1	-1	-1	-1	-1	-1	-1	-1	-1	-1	-1	-1	-1	-1	0	0	0	0	0	0	0	5	0	0	0	0	4	
A0005	0	9	1	№Рё® АНЅєЖЫЖ®	Melee Expert	Сила гнева	Death Hack	1	1	1	111110	00110	100000000000	0	1111100000000000	0	-1	-1	0	60	0	-1	-1	-1	-1	-1	-1	12000	1	2	788	788	1	0	0	0	1	1	1	2	788	788	788	788	788	788	788	1,5625	0	0	-1	-1	-1	0	0	0	0	0	0	0	-1	-1	-1	0	-1	-1	0	0	0	0	0	0	0	-1	-1	-1	-1	-1	-1	-1	-1	-1	-1	-1	-1	-1	-1	-1	-1	-1	-1	-1	-1	-1	-1	-1	-1	-1	-1	-1	-1	-1	-1	-1	-1	-1	-1	-1	-1	0	0	0	0	0	0	0	6	1	5	1	7,5	11	
AF003	0	10	1	№Рё® АНЅєЖЫЖ®	Melee Expert	Сила духа	Aid Stretching	1	1	1	111110	10000	100000000000	0	0000000000000000	0	-1	-1	0	60	0	-1	-1	-1	-1	-1	-1	1000	1	8	0	0	0	8	8	8	8	8	8	8	0	0	0	0	0	0	0	-1	0	0	-1	14	0	0,200000003	0,300000012	0,400000006	0,5	0,649999976	0,800000012	1	-1	-1	-1	0	-1	-1	0	0	0	0	0	0	0	-1	-1	-1	-1	-1	-1	-1	-1	-1	-1	-1	-1	-1	-1	-1	-1	-1	-1	-1	-1	-1	-1	-1	-1	-1	-1	-1	-1	-1	-1	-1	-1	-1	-1	-1	-1	90	140	210	320	480	720	1080	0	0	0	0	0	6	
AF004	0	11	1	№Рё® АНЅєЖЫЖ®	Melee Expert	Контратака	Concession	1	1	1	111110	10000	100000000000	0	0000000000000000	0	-1	-1	0	60	0	-1	-1	-1	-1	-1	-1	1000	1	8	0	0	0	8	8	8	8	8	8	8	0	0	0	0	0	0	0	-1	0	0	-1	-1	-1	0	0	0	0	0	0	0	1	-1	-1	0	1	27	5	7	10	12	15	18	20	-1	-1	-1	-1	-1	-1	-1	-1	-1	-1	-1	-1	-1	-1	-1	-1	-1	-1	-1	-1	-1	-1	-1	-1	-1	-1	-1	-1	-1	-1	-1	-1	-1	-1	-1	-1	90	140	210	320	480	720	1080	0	0	0	0	0	6	
AF005	0	12	1	№Рё® АНЅєЖЫЖ®	Melee Expert	Сломанный щит	Dizzy	1	1	1	111110	10000	100000000000	0	0000000000000000	0	-1	-1	0	60	0	-1	-1	-1	-1	-1	-1	1000	1	8	0	0	0	8	8	8	8	8	8	8	0	0	0	0	0	0	0	-1	0	0	-1	-1	-1	0	0	0	0	0	0	0	1	-1	-1	0	1	28	5	7	10	12	15	18	20	-1	-1	-1	-1	-1	-1	-1	-1	-1	-1	-1	-1	-1	-1	-1	-1	-1	-1	-1	-1	-1	-1	-1	-1	-1	-1	-1	-1	-1	-1	-1	-1	-1	-1	-1	-1	90	140	210	320	480	720	1080	0	0	0	0	0	6	
A0006	0	13	2	№Рё® ё¶ЅєЕН	Melee Master	Вихрь ударов	Deep Injury	2	1	1	111110	00110	100000000000	1	1111100000000000	0	-1	-1	0	135	0	-1	-1	-1	-1	-1	-1	18000	1	4	788	788	1	4	4	4	4	4	4	4	788	788	788	788	788	788	788	1,953125	0	0	-1	-1	-1	0	0	0	0	0	0	0	-1	-1	-1	0	-1	-1	-1	-1	-1	-1	-1	-1	-1	-1	-1	-1	-1	-1	-1	-1	-1	-1	-1	-1	-1	-1	-1	-1	-1	-1	-1	-1	-1	-1	-1	-1	-1	-1	-1	-1	-1	-1	-1	-1	-1	-1	-1	-1	-1	0	0	0	0	0	0	0	7	0	0	0	0	5	
A0007	0	14	2	№Рё® ё¶ЅєЕН	Melee Master	Кульбит	Pressure	2	1	1	111110	00110	100000000000	1	1111100000000000	0	-1	-1	0	135	0	-1	-1	-1	-1	-1	-1	18000	1	5	788	788	1	5	5	5	5	5	5	5	788	788	788	788	788	788	788	1,953125	0	0	-1	-1	-1	0	0	0	0	0	0	0	-1	-1	-1	0	-1	-1	-1	-1	-1	-1	-1	-1	-1	-1	-1	-1	-1	-1	-1	-1	-1	-1	-1	-1	-1	-1	-1	-1	-1	-1	-1	-1	-1	-1	-1	-1	-1	-1	-1	-1	-1	-1	-1	-1	-1	-1	-1	-1	-1	0	0	0	0	0	0	0	8	0	0	0	0	4	
A0008	0	15	2	№Рё® ё¶ЅєЕН	Melee Master	Неистовство	Slug Flat	2	1	1	111110	00110	100000000000	1	1111100000000000	0	-1	-1	0	90	0	-1	-1	-1	-1	-1	-1	18000	1	2	788	788	1	0	0	0	1	1	1	2	788	788	788	788	788	788	788	1,953125	0	0	-1	-1	-1	0	0	0	0	0	0	0	-1	-1	-1	0	-1	-1	-1	-1	-1	-1	-1	-1	-1	-1	-1	-1	-1	-1	-1	-1	-1	-1	-1	-1	-1	-1	-1	-1	-1	-1	-1	-1	-1	-1	-1	-1	-1	-1	-1	-1	-1	-1	-1	-1	-1	-1	-1	-1	-1	0	0	0	0	0	0	0	9	1	5	1	7,5	11	
AF006	0	16	2	№Рё® ё¶ЅєЕН	Melee Master	Критический удар	Bull's Eye	2	1	1	111110	10000	100000000000	1	0000000000000000	0	-1	-1	0	90	0	-1	-1	-1	-1	-1	-1	1000	1	8	0	0	0	8	8	8	8	8	8	8	0	0	0	0	0	0	0	-1	0	0	-1	-1	-1	0	0	0	0	0	0	0	1	-1	-1	0	1	14	10	12	15	18	21	25	30	-1	-1	-1	-1	-1	-1	-1	-1	-1	-1	-1	-1	-1	-1	-1	-1	-1	-1	-1	-1	-1	-1	-1	-1	-1	-1	-1	-1	-1	-1	-1	-1	-1	-1	-1	-1	90	140	210	320	480	720	1080	0	0	0	0	0	6	
AF007	0	17	2	№Рё® ё¶ЅєЕН	Melee Master	Пламя очищения	Slam	2	1	1	111110	10000	100000000000	1	0000000000000000	0	-1	-1	0	90	0	-1	-1	-1	-1	-1	-1	24000	1	8	0	0	0	8	8	8	8	8	8	8	0	0	0	0	0	0	0	-1	0	0	-1	28	1	1	1	1	1	1	1	1	-1	-1	-1	0	-1	-1	-1	-1	-1	-1	-1	-1	-1	-1	-1	-1	-1	-1	-1	-1	-1	-1	-1	-1	-1	-1	-1	-1	-1	-1	-1	-1	-1	-1	-1	-1	-1	-1	-1	-1	-1	-1	-1	-1	-1	-1	-1	-1	-1	0	0	0	0	0	0	0	0	0	0	0	0	6	
FF008	0	18	2	№Рё® ё¶ЅєЕН	Melee Master	Оглушающий удар	Fainting	2	1	0	111110	10000	100000000000	1	0000000000000000	0	-1	-1	0	90	0	-1	-1	-1	-1	-1	-1	1000	1	8	0	0	0	8	8	8	8	8	8	8	0	0	0	0	0	0	0	-1	0	0	-1	-1	-1	0	0	0	0	0	0	0	1	-1	-1	0	2	13	1000	1000	1000	1000	1000	1000	1000	-1	-1	-1	-1	-1	-1	-1	-1	-1	-1	-1	-1	-1	-1	-1	-1	-1	-1	-1	-1	-1	-1	-1	-1	-1	-1	-1	-1	-1	-1	-1	-1	-1	-1	-1	-1	90	140	210	320	480	720	1080	0	0	0	0	0	6	
A0009	0	19	3	№Рё® ±Ч·ЈБ®	Melee Granduer	Разгром	Fatal Fence	3	1	0	111110	00110	100000000000	2	1110100000000000	0	-1	-1	0	180	0	-1	-1	-1	-1	-1	-1	24000	1	4	788	788	1	4	4	4	4	4	4	4	788	788	788	788	788	788	788	2,441406012	0	0	-1	-1	-1	0	0	0	0	0	0	0	-1	-1	-1	0	-1	-1	-1	-1	-1	-1	-1	-1	-1	-1	-1	-1	-1	-1	-1	-1	-1	-1	-1	-1	-1	-1	-1	-1	-1	-1	-1	-1	-1	-1	-1	-1	-1	-1	-1	-1	-1	-1	-1	-1	-1	-1	-1	-1	-1	0	0	0	0	0	0	0	10	0	0	0	0	5	
A000A	0	20	3	№Рё® ±Ч·ЈБ®	Melee Granduer	Управление гневом	Lightning Trick	3	1	0	111110	00110	100000000000	2	1011000000000000	0	-1	-1	0	180	0	-1	-1	-1	-1	-1	-1	24000	1	5	788	788	1	5	5	5	5	5	5	5	788	788	788	788	788	788	788	2,441406012	0	0	-1	-1	-1	0	0	0	0	0	0	0	-1	-1	-1	0	-1	-1	-1	-1	-1	-1	-1	-1	-1	-1	-1	-1	-1	-1	-1	-1	-1	-1	-1	-1	-1	-1	-1	-1	-1	-1	-1	-1	-1	-1	-1	-1	-1	-1	-1	-1	-1	-1	-1	-1	-1	-1	-1	-1	-1	0	0	0	0	0	0	0	11	0	0	0	0	4	
A000B	0	21	3	№Рё® ±Ч·ЈБ®	Melee Granduer	Рывок	Sprit Attack	3	1	0	111110	00110	100000000000	2	0100100000000000	0	-1	-1	0	120	0	-1	-1	-1	-1	-1	-1	24000	1	2	788	788	1	0	0	0	1	1	1	2	788	788	788	788	788	788	788	2,441406012	0	0	-1	-1	-1	0	0	0	0	0	0	0	-1	-1	-1	0	-1	-1	-1	-1	-1	-1	-1	-1	-1	-1	-1	-1	-1	-1	-1	-1	-1	-1	-1	-1	-1	-1	-1	-1	-1	-1	-1	-1	-1	-1	-1	-1	-1	-1	-1	-1	-1	-1	-1	-1	-1	-1	-1	-1	-1	0	0	0	0	0	0	0	12	1	5	1	7,5	11	
AF009	0	22	3	№Рё® ±Ч·ЈБ®	Melee Granduer	Могучий замах	Ex Slam	3	1	0	111110	10000	100000000000	2	0000000000000000	0	-1	-1	0	120	0	-1	-1	-1	-1	-1	-1	1000	1	8	0	0	0	8	8	8	8	8	8	8	0	0	0	0	0	0	0	-1	0	0	-1	-1	-1	0	0	0	0	0	0	0	1	-1	-1	0	2	-1	-1	-1	-1	-1	-1	-1	-1	-1	-1	-1	-1	-1	-1	-1	-1	-1	-1	-1	-1	-1	-1	-1	-1	-1	-1	-1	-1	-1	-1	-1	-1	-1	-1	-1	-1	-1	-1	-1	-1	-1	-1	-1	-1	90	140	210	320	480	720	1080	0	0	0	0	0	6	
AF00A	0	23	3	№Рё® ±Ч·ЈБ®	Melee Granduer	Ослабление	Resist	3	1	0	111110	10000	100000000000	2	0000000000000000	0	-1	-1	0	120	0	-1	-1	-1	-1	-1	-1	1000	1	8	0	0	0	8	8	8	8	8	8	8	0	0	0	0	0	0	0	-1	0	0	-1	-1	-1	0	0	0	0	0	0	0	1	-1	-1	0	2	12	-1	-1	-1	-1	-1	-1	-1	-1	-1	-1	-1	-1	-1	-1	-1	-1	-1	-1	-1	-1	-1	-1	-1	-1	-1	-1	-1	-1	-1	-1	-1	-1	-1	-1	-1	-1	-1	-1	-1	-1	-1	-1	-1	90	140	210	320	480	720	1080	0	0	0	0	0	6	
AF00B	0	24	3	№Рё® ±Ч·ЈБ®	Melee Granduer	Фатальный удар	Winning Hit	3	1	0	111110	10000	100000000000	2	0000000000000000	0	-1	-1	0	120	0	-1	-1	-1	-1	-1	-1	1000	1	8	0	0	0	0	8	8	8	8	8	8	0	0	0	0	0	0	0	-1	0	0	-1	-1	-1	0	0	0	0	0	0	0	1	-1	-1	0	2	9	-1	-1	-1	-1	-1	-1	-1	-1	-1	-1	-1	-1	-1	-1	-1	-1	-1	-1	-1	-1	-1	-1	-1	-1	-1	-1	-1	-1	-1	-1	-1	-1	-1	-1	-1	-1	-1	-1	-1	-1	-1	-1	-1	90	140	210	320	480	720	1080	0	0	0	0	0	6	
A100C	1	25	4	·№АОБц ЅєДГ·Ї	Range Scholar	Двойной выстрел	Fast Shot	0	1	1	111110	00110	100000000000	-1	0000011010000000	0	-1	-1	0	30	0	-1	-1	-1	-1	-1	-1	6000	1	1	788	788	1	1	1	1	1	1	1	1	788	788	788	788	788	788	788	1,25	2	0	-1	-1	-1	0	0	0	0	0	0	0	-1	-1	-1	0	-1	-1	-1	-1	-1	-1	-1	-1	-1	-1	-1	-1	-1	-1	-1	-1	-1	-1	-1	-1	-1	-1	-1	-1	-1	-1	-1	-1	-1	-1	-1	-1	-1	-1	-1	-1	-1	-1	-1	-1	-1	-1	-1	-1	-1	0	0	0	0	0	0	0	13	0	0	0	0	0	
FF00D	1	26	4	·№АОБц ЅєДГ·Ї	Range Scholar	Blank	Blank	0	1	0	111110	10000	100000000000	-1	0000000000000000	0	-1	-1	0	30	0	-1	-1	-1	-1	-1	-1	1000	1	8	788	788	0	8	8	8	8	8	8	8	788	788	788	788	788	788	788	-1	0	0	-1	-1	-1	0	0	0	0	0	0	0	-1	-1	-1	0	-1	-1	-1	-1	-1	-1	-1	-1	-1	-1	-1	-1	-1	-1	-1	-1	-1	-1	-1	-1	-1	-1	-1	-1	-1	-1	-1	-1	-1	-1	-1	-1	-1	-1	-1	-1	-1	-1	-1	-1	-1	-1	-1	-1	-1	90	140	210	320	480	720	1080	0	0	0	0	0	-1	
FF00E	1	27	4	·№АОБц ЅєДГ·Ї	Range Scholar	Blank	Blank	0	1	0	111110	10000	100000000000	-1	0000000000000000	0	-1	-1	0	30	0	-1	-1	-1	-1	-1	-1	1000	1	8	788	788	0	8	8	8	8	8	8	8	788	788	788	788	788	788	788	-1	0	0	-1	-1	-1	0	0	0	0	0	0	0	-1	-1	-1	0	-1	-1	-1	-1	-1	-1	-1	-1	-1	-1	-1	-1	-1	-1	-1	-1	-1	-1	-1	-1	-1	-1	-1	-1	-1	-1	-1	-1	-1	-1	-1	-1	-1	-1	-1	-1	-1	-1	-1	-1	-1	-1	-1	-1	-1	90	140	210	320	480	720	1080	0	0	0	0	0	-1	
AF00C	1	28	4	·№АОБц ЅєДГ·Ї	Range Scholar	Перезарядка	Quarrel Reload	0	1	1	111110	10000	100000000000	-1	0000000000000000	0	-1	-1	0	30	0	-1	-1	-1	-1	-1	-1	1000	1	8	0	0	0	8	8	8	8	8	8	8	0	0	0	0	0	0	0	-1	0	0	-1	-1	-1	0	0	0	0	0	0	0	1	-1	-1	0	1	10	-800	-900	-1000	-1100	-1200	-1300	-1400	-1	-1	-1	-1	-1	-1	-1	-1	-1	-1	-1	-1	-1	-1	-1	-1	-1	-1	-1	-1	-1	-1	-1	-1	-1	-1	-1	-1	-1	-1	-1	-1	-1	-1	-1	-1	90	140	210	320	480	720	1080	0	0	0	0	0	6	
AF00D	1	29	4	·№АОБц ЅєДГ·Ї	Range Scholar	Меткость	Precision	0	1	1	111110	10000	100000000000	-1	0000000000000000	0	-1	-1	0	30	0	-1	-1	-1	-1	-1	-1	1000	1	8	0	0	0	8	8	8	8	8	8	8	0	0	0	0	0	0	0	-1	0	0	-1	-1	-1	0	0	0	0	0	0	0	1	-1	-1	0	1	1	10	12	15	18	21	25	30	1	30	10	12	15	18	21	25	30	-1	-1	-1	-1	-1	-1	-1	-1	-1	-1	-1	-1	-1	-1	-1	-1	-1	-1	-1	-1	-1	-1	-1	-1	-1	-1	-1	90	140	210	320	480	720	1080	0	0	0	0	0	6	
FF00E	1	30	4	·№АОБц ЅєДГ·Ї	Range Scholar	Blank	Blank	0	1	0	111110	10000	100000000000	-1	0000000000000000	0	-1	-1	0	30	0	-1	-1	-1	-1	-1	-1	1000	1	8	0	0	0	8	8	8	8	8	8	8	0	0	0	0	0	0	0	-1	0	0	-1	-1	-1	0	0	0	0	0	0	0	1	-1	-1	0	-1	-1	-1	-1	-1	-1	-1	-1	-1	-1	-1	-1	-1	-1	-1	-1	-1	-1	-1	-1	-1	-1	-1	-1	-1	-1	-1	-1	-1	-1	-1	-1	-1	-1	-1	-1	-1	-1	-1	-1	-1	-1	-1	-1	-1	90	140	210	320	480	720	1080	0	0	0	0	0	-1	
A100F	1	31	5	·№АОБц АНЅєЖЫЖ®	Range Expert	Мульти-выстрел	Multi Shot	1	1	1	111110	00110	100000000000	4	0000010000000000	0	-1	-1	0	90	0	-1	-1	-1	-1	-1	-1	12000	1	5	788	788	1	5	5	5	5	5	5	5	788	788	788	788	788	788	788	1,5625	5	0	-1	-1	-1	0	0	0	0	0	0	0	-1	-1	-1	0	-1	-1	-1	-1	-1	-1	-1	-1	-1	-1	-1	-1	-1	-1	-1	-1	-1	-1	-1	-1	-1	-1	-1	-1	-1	-1	-1	-1	-1	-1	-1	-1	-1	-1	-1	-1	-1	-1	-1	-1	-1	-1	-1	-1	-1	0	0	0	0	0	0	0	14	0	0	0	0	10	
A1010	1	32	5	·№АОБц АНЅєЖЫЖ®	Range Expert	Прицельный Выстрел	Aiming Shot	1	1	1	111110	00110	100000000000	4	0000001010000000	0	-1	-1	0	60	0	-1	-1	-1	-1	-1	-1	12000	0	0	788	788	1	0	0	0	0	0	0	0	788	788	788	788	788	788	788	1,5625	1	0	-1	-1	-1	0	0	0	0	0	0	0	-1	-1	-1	0	-1	-1	-1	-1	-1	-1	-1	-1	-1	-1	-1	-1	-1	-1	-1	-1	-1	-1	-1	-1	-1	-1	-1	-1	-1	-1	-1	-1	-1	-1	-1	-1	-1	-1	-1	-1	-1	-1	-1	-1	-1	-1	-1	-1	-1	0	0	0	0	0	0	0	15	0	0	0	0	0	
FF011	1	33	5	·№АОБц АНЅєЖЫЖ®	Range Expert	Blank	Blank	1	1	0	111110	10000	100000000000	4	0000000000000000	0	-1	-1	0	60	0	-1	-1	-1	-1	-1	-1	1000	1	8	788	788	0	8	8	8	8	8	8	8	788	788	788	788	788	788	788	-1	0	0	-1	-1	-1	0	0	0	0	0	0	0	-1	-1	-1	0	-1	-1	-1	-1	-1	-1	-1	-1	-1	-1	-1	-1	-1	-1	-1	-1	-1	-1	-1	-1	-1	-1	-1	-1	-1	-1	-1	-1	-1	-1	-1	-1	-1	-1	-1	-1	-1	-1	-1	-1	-1	-1	-1	-1	-1	90	140	210	320	480	720	1080	0	0	0	0	0	-1	
AF00F	1	34	5	·№АОБц АНЅєЖЫЖ®	Range Expert	Дальнобойность	Wide Range	1	1	1	111110	10000	100000000000	4	0000000000000000	0	-1	-1	0	60	0	-1	-1	-1	-1	-1	-1	1000	1	8	0	0	0	8	8	8	8	8	8	8	0	0	0	0	0	0	0	-1	0	0	-1	-1	-1	0	0	0	0	0	0	0	1	-1	-1	0	1	5	10	20	30	45	60	75	100	1	7	10	20	30	45	60	75	100	-1	-1	-1	-1	-1	-1	-1	-1	-1	-1	-1	-1	-1	-1	-1	-1	-1	-1	-1	-1	-1	-1	-1	-1	-1	-1	-1	90	140	210	320	480	720	1080	0	0	0	0	0	6	
AF010	1	35	5	·№АОБц АНЅєЖЫЖ®	Range Expert	Уклонение	Evasion	1	1	1	111110	10000	100000000000	4	0000000000000000	0	-1	-1	0	60	0	-1	-1	-1	-1	-1	-1	1000	1	8	0	0	0	8	8	8	8	8	8	8	0	0	0	0	0	0	0	-1	0	0	-1	-1	-1	0	0	0	0	0	0	0	1	-1	-1	0	1	3	10	12	15	18	21	25	30	-1	-1	-1	-1	-1	-1	-1	-1	-1	-1	-1	-1	-1	-1	-1	-1	-1	-1	-1	-1	-1	-1	-1	-1	-1	-1	-1	-1	-1	-1	-1	-1	-1	-1	-1	-1	90	140	210	320	480	720	1080	0	0	0	0	0	6	
FF011	1	36	5	·№АОБц АНЅєЖЫЖ®	Range Expert	Blank	Blank	1	1	0	111110	10000	100000000000	4	0000000000000000	0	-1	-1	0	60	0	-1	-1	-1	-1	-1	-1	1000	1	8	0	0	0	8	8	8	8	8	8	8	0	0	0	0	0	0	0	-1	0	0	-1	-1	-1	0	0	0	0	0	0	0	1	-1	-1	0	-1	-1	-1	-1	-1	-1	-1	-1	-1	-1	-1	-1	-1	-1	-1	-1	-1	-1	-1	-1	-1	-1	-1	-1	-1	-1	-1	-1	-1	-1	-1	-1	-1	-1	-1	-1	-1	-1	-1	-1	-1	-1	-1	-1	-1	90	140	210	320	480	720	1080	0	0	0	0	0	-1	
A1012	1	37	6	·№АОБц ё¶ЅєЕН	Range Master	Мастер-атака	Destructive Shot	2	1	1	111110	00110	100000000000	5	0000010010000000	0	-1	-1	0	90	0	-1	-1	-1	-1	-1	-1	18000	0	0	788	788	1	0	0	0	0	0	0	0	788	788	788	788	788	788	788	1,953125	1	0	-1	-1	-1	0	0	0	0	0	0	0	-1	-1	-1	0	-1	-1	-1	-1	-1	-1	-1	-1	-1	-1	-1	-1	-1	-1	-1	-1	-1	-1	-1	-1	-1	-1	-1	-1	-1	-1	-1	-1	-1	-1	-1	-1	-1	-1	-1	-1	-1	-1	-1	-1	-1	-1	-1	-1	-1	0	0	0	0	0	0	0	14	0	0	0	0	0	
A1013	1	38	6	·№АОБц ё¶ЅєЕН	Range Master	Бешенная стрельба	Wild Shot	2	1	1	111110	00110	100000000000	5	0000001000000000	0	-1	-1	0	180	0	-1	-1	-1	-1	-1	-1	18000	1	6	788	788	1	6	6	6	6	6	6	6	788	788	788	788	788	788	788	1,953125	5	0	-1	-1	-1	0	0	0	0	0	0	0	-1	-1	-1	0	-1	-1	-1	-1	-1	-1	-1	-1	-1	-1	-1	-1	-1	-1	-1	-1	-1	-1	-1	-1	-1	-1	-1	-1	-1	-1	-1	-1	-1	-1	-1	-1	-1	-1	-1	-1	-1	-1	-1	-1	-1	-1	-1	-1	-1	0	0	0	0	0	0	0	15	0	0	0	0	1	
FF014	1	39	6	·№АОБц ё¶ЅєЕН	Range Master	Blank	Blank	2	1	0	111110	10000	100000000000	5	0000000000000000	0	-1	-1	0	90	0	-1	-1	-1	-1	-1	-1	1000	1	8	788	788	0	8	8	8	8	8	8	8	788	788	788	788	788	788	788	-1	0	0	-1	-1	-1	0	0	0	0	0	0	0	-1	-1	-1	0	-1	-1	-1	-1	-1	-1	-1	-1	-1	-1	-1	-1	-1	-1	-1	-1	-1	-1	-1	-1	-1	-1	-1	-1	-1	-1	-1	-1	-1	-1	-1	-1	-1	-1	-1	-1	-1	-1	-1	-1	-1	-1	-1	-1	-1	90	140	210	320	480	720	1080	0	0	0	0	0	-1	
AF012	1	40	6	·№АОБц ё¶ЅєЕН	Range Master	Прицеливание	Clinching	2	1	1	111110	10000	100000000000	5	0000000000000000	0	-1	-1	0	90	0	-1	-1	-1	-1	-1	-1	1000	1	8	0	0	0	8	8	8	8	8	8	8	0	0	0	0	0	0	0	-1	0	0	-1	-1	-1	0	0	0	0	0	0	0	1	-1	-1	0	1	14	10	12	15	18	21	25	30	-1	-1	-1	-1	-1	-1	-1	-1	-1	-1	-1	-1	-1	-1	-1	-1	-1	-1	-1	-1	-1	-1	-1	-1	-1	-1	-1	-1	-1	-1	-1	-1	-1	-1	-1	-1	90	140	210	320	480	720	1080	0	0	0	0	0	6	
FF013	1	41	6	·№АОБц ё¶ЅєЕН	Range Master	Демаскировка	Inquiry	2	1	0	111110	10000	100000000000	5	0000000000000000	0	-1	-1	0	90	0	-1	-1	-1	-1	-1	-1	1000	1	8	0	0	0	8	8	8	8	8	8	8	0	0	0	0	0	0	0	-1	0	0	-1	-1	-1	0	0	0	0	0	0	0	1	-1	-1	0	1	22	1	1	1	1	1	1	1	-1	-1	-1	-1	-1	-1	-1	-1	-1	-1	-1	-1	-1	-1	-1	-1	-1	-1	-1	-1	-1	-1	-1	-1	-1	-1	-1	-1	-1	-1	-1	-1	-1	-1	-1	-1	90	140	210	320	480	720	1080	0	0	0	0	0	6	
FF014	1	42	6	·№АОБц ё¶ЅєЕН	Range Master	Blank	Blank	2	1	0	111110	10000	100000000000	5	0000000000000000	0	-1	-1	0	90	0	-1	-1	-1	-1	-1	-1	1000	1	8	0	0	0	8	8	8	8	8	8	8	0	0	0	0	0	0	0	-1	0	0	-1	-1	-1	0	0	0	0	0	0	0	1	-1	-1	0	-1	-1	-1	-1	-1	-1	-1	-1	-1	-1	-1	-1	-1	-1	-1	-1	-1	-1	-1	-1	-1	-1	-1	-1	-1	-1	-1	-1	-1	-1	-1	-1	-1	-1	-1	-1	-1	-1	-1	-1	-1	-1	-1	-1	-1	90	140	210	320	480	720	1080	0	0	0	0	0	-1	
FF015	1	43	7	·№АОБц ±Ч·ЈБ®	Range Granduer	Blank	Blank	3	1	0	111110	10000	100000000000	6	0000000000000000	0	1	-1	0	120	0	-1	-1	-1	-1	-1	-1	1000	1	8	788	788	0	8	8	8	8	8	8	8	788	788	788	788	788	788	788	-1	0	0	-1	-1	-1	0	0	0	0	0	0	0	-1	-1	-1	0	-1	-1	-1	-1	-1	-1	-1	-1	-1	-1	-1	-1	-1	-1	-1	-1	-1	-1	-1	-1	-1	-1	-1	-1	-1	-1	-1	-1	-1	-1	-1	-1	-1	-1	-1	-1	-1	-1	-1	-1	-1	-1	-1	-1	-1	90	140	210	320	480	720	1080	0	0	0	0	0	-1	
FF016	1	44	7	·№АОБц ±Ч·ЈБ®	Range Granduer	Blank	Blank	3	1	0	111110	10000	100000000000	6	0000000000000000	0	-1	-1	0	120	0	-1	-1	-1	-1	-1	-1	1000	1	8	788	788	0	8	8	8	8	8	8	8	788	788	788	788	788	788	788	-1	0	0	-1	-1	-1	0	0	0	0	0	0	0	-1	-1	-1	0	-1	-1	-1	-1	-1	-1	-1	-1	-1	-1	-1	-1	-1	-1	-1	-1	-1	-1	-1	-1	-1	-1	-1	-1	-1	-1	-1	-1	-1	-1	-1	-1	-1	-1	-1	-1	-1	-1	-1	-1	-1	-1	-1	-1	-1	90	140	210	320	480	720	1080	0	0	0	0	0	-1	
FF017	1	45	7	·№АОБц ±Ч·ЈБ®	Range Granduer	Blank	Blank	3	1	0	111110	10000	100000000000	6	0000000000000000	0	-1	-1	0	120	0	-1	-1	-1	-1	-1	-1	1000	1	8	788	788	0	8	8	8	8	8	8	8	788	788	788	788	788	788	788	-1	0	0	-1	-1	-1	0	0	0	0	0	0	0	-1	-1	-1	0	-1	-1	-1	-1	-1	-1	-1	-1	-1	-1	-1	-1	-1	-1	-1	-1	-1	-1	-1	-1	-1	-1	-1	-1	-1	-1	-1	-1	-1	-1	-1	-1	-1	-1	-1	-1	-1	-1	-1	-1	-1	-1	-1	-1	-1	90	140	210	320	480	720	1080	0	0	0	0	0	-1	
AF015	1	46	7	·№АОБц ±Ч·ЈБ®	Range Granduer	Маскировка	Conceal	3	1	0	111110	10000	100000000000	6	0000000000000000	0	-1	-1	0	120	0	-1	-1	-1	-1	-1	-1	1000	1	8	0	0	0	8	8	8	8	8	8	8	0	0	0	0	0	0	0	-1	0	0	-1	-1	-1	0	0	0	0	0	0	0	1	-1	-1	0	1	21	1	1	1	1	1	1	1	-1	-1	-1	-1	-1	-1	-1	-1	-1	-1	-1	-1	-1	-1	-1	-1	-1	-1	-1	-1	-1	-1	-1	-1	-1	-1	-1	-1	-1	-1	-1	-1	-1	-1	-1	-1	90	140	210	320	480	720	1080	0	0	0	0	0	6	
FF016	1	47	7	·№АОБц ±Ч·ЈБ®	Range Granduer	Blank	Blank	3	1	0	111110	10000	100000000000	6	0000000000000000	0	-1	-1	0	120	0	-1	-1	-1	-1	-1	-1	1000	1	8	0	0	0	8	8	8	8	8	8	8	0	0	0	0	0	0	0	-1	0	0	-1	-1	-1	0	0	0	0	0	0	0	1	-1	-1	0	-1	-1	-1	-1	-1	-1	-1	-1	-1	-1	-1	-1	-1	-1	-1	-1	-1	-1	-1	-1	-1	-1	-1	-1	-1	-1	-1	-1	-1	-1	-1	-1	-1	-1	-1	-1	-1	-1	-1	-1	-1	-1	-1	-1	-1	90	140	210	320	480	720	1080	0	0	0	0	0	-1	
FF017	1	48	7	·№АОБц ±Ч·ЈБ®	Range Granduer	Blank	Blank	3	1	0	111110	10000	100000000000	6	0000000000000000	0	-1	-1	0	120	0	-1	-1	-1	-1	-1	-1	1000	1	8	0	0	0	8	8	8	8	8	8	8	0	0	0	0	0	0	0	-1	0	0	-1	-1	-1	0	0	0	0	0	0	0	1	-1	-1	0	-1	-1	-1	-1	-1	-1	-1	-1	-1	-1	-1	-1	-1	-1	-1	-1	-1	-1	-1	-1	-1	-1	-1	-1	-1	-1	-1	-1	-1	-1	-1	-1	-1	-1	-1	-1	-1	-1	-1	-1	-1	-1	-1	-1	-1	90	140	210	320	480	720	1080	0	0	0	0	0	-1	
AF1F2	2	49	0	ѕЖАМЕЫ ЅєЕі	Item Skill	Антиграв	Booster	0	1	1	111110	10000	100000000000	-1	0000000000001000	0	-1	-1	0	0	120	-1	-1	-1	-1	-1	-1	180000	1	8	0	0	0	8	8	8	8	8	8	8	0	0	0	0	0	0	0	-1	0	0	-1	-1	-1	0	0	0	0	0	0	0	1	-1	-1	0	1	20	0	-1	-1	-1	-1	-1	-1	-1	-1	-1	-1	-1	-1	-1	-1	-1	-1	-1	-1	-1	-1	-1	-1	-1	-1	-1	-1	-1	-1	-1	-1	-1	-1	-1	-1	-1	-1	-1	-1	-1	-1	-1	-1	120	120	120	120	120	120	120	0	0	0	0	0	1	
AF1F7	4	56	0	Б·Ае АУїш ЅєЕі	Leader Effect	Защита Федерации 	Protection wave	0	1	1	110000	10000	000000001100	-1	0000000000000000	0	-1	-1	0	300	300	-1	-1	-1	-1	-1	-1	1000	0	-1	-1	-1	0	8	8	8	8	8	8	8	0	0	0	0	0	0	0	-1	0	180	AF1F8	-1	-1	0	0	0	0	0	0	0	1	-1	-1	0	0	33	0,200000003	0,200000003	0,200000003	0,200000003	0,200000003	0,200000003	0,200000003	0	32	0,200000003	0,200000003	0,200000003	0,200000003	0,200000003	0,200000003	0,200000003	1	33	-200	-200	-200	-200	-200	-200	-200	-1	-1	-1	-1	-1	-1	-1	-1	-1	-1	-1	-1	-1	-1	-1	-1	-1	-1	1200	1200	1200	1200	1200	1200	1200	0	0	0	0	0	1	
AF1F8	4	56	0	Б·Ае АУїш ЅєЕі	Link Effect	Защита Федерации 	Protection wave	0	1	1	110000	01000	000000000000	-1	0000000000000000	0	-1	-1	0	300	300	-1	-1	-1	-1	-1	-1	1000	0	-1	-1	-1	0	8	8	8	8	8	8	8	0	0	0	0	0	0	0	-1	0	0	-1	-1	-1	0	0	0	0	0	0	0	1	-1	-1	0	0	33	0,200000003	0,200000003	0,200000003	0,200000003	0,200000003	0,200000003	0,200000003	0	32	0,200000003	0,200000003	0,200000003	0,200000003	0,200000003	0,200000003	0,200000003	-1	-1	-1	-1	-1	-1	-1	-1	-1	-1	-1	-1	-1	-1	-1	-1	-1	-1	-1	-1	-1	-1	-1	-1	-1	-1	-1	10	10	10	10	10	10	10	0	0	0	0	0	1	
AF1F9	4	57	0	Б·Ае АУїш ЅєЕі	Leader Effect	Мощь Федерации 	Strengtn wave	0	1	1	110000	10000	000000001100	-1	0000000000000000	0	-1	-1	0	300	300	-1	-1	-1	-1	-1	-1	1000	0	-1	-1	-1	0	8	8	8	8	8	8	8	0	0	0	0	0	0	0	-1	0	180	AF1FA	-1	-1	0	0	0	0	0	0	0	1	-1	-1	0	0	9	0,200000003	0,200000003	0,200000003	0,200000003	0,200000003	0,200000003	0,200000003	0	32	0,200000003	0,200000003	0,200000003	0,200000003	0,200000003	0,200000003	0,200000003	1	33	-200	-200	-200	-200	-200	-200	-200	-1	-1	-1	-1	-1	-1	-1	-1	-1	-1	-1	-1	-1	-1	-1	-1	-1	-1	1200	1200	1200	1200	1200	1200	1200	0	0	0	0	0	1	
AF1FA	4	57	0	Б·Ае АУїш ЅєЕі	Link Effect	Мощь Федерации 	Strengtn wave	0	1	1	110000	01000	000000000000	-1	0000000000000000	0	-1	-1	0	300	300	-1	-1	-1	-1	-1	-1	1000	0	-1	-1	-1	0	8	8	8	8	8	8	8	0	0	0	0	0	0	0	-1	0	0	-1	-1	-1	0	0	0	0	0	0	0	1	-1	-1	0	0	9	0,200000003	0,200000003	0,200000003	0,200000003	0,200000003	0,200000003	0,200000003	0	32	0,200000003	0,200000003	0,200000003	0,200000003	0,200000003	0,200000003	0,200000003	-1	-1	-1	-1	-1	-1	-1	-1	-1	-1	-1	-1	-1	-1	-1	-1	-1	-1	-1	-1	-1	-1	-1	-1	-1	-1	-1	10	10	10	10	10	10	10	0	0	0	0	0	1	
AF1FB	4	56	0	Б·Ае АУїш ЅєЕі	Leader Effect	Защита Дайсема 	Fine wave	0	1	1	001100	10000	000000001100	-1	0000000000000000	0	-1	-1	0	300	300	-1	-1	-1	-1	-1	-1	1000	0	-1	-1	-1	0	8	8	8	8	8	8	8	0	0	0	0	0	0	0	-1	0	180	AF1FC	-1	-1	0	0	0	0	0	0	0	1	-1	-1	0	0	33	0,200000003	0,200000003	0,200000003	0,200000003	0,200000003	0,200000003	0,200000003	0	32	0,200000003	0,200000003	0,200000003	0,200000003	0,200000003	0,200000003	0,200000003	1	33	-200	-200	-200	-200	-200	-200	-200	-1	-1	-1	-1	-1	-1	-1	-1	-1	-1	-1	-1	-1	-1	-1	-1	-1	-1	1200	1200	1200	1200	1200	1200	1200	0	0	0	0	0	1	
AF1FC	4	56	0	Б·Ае АУїш ЅєЕі	Link Effect	Защита Дайсема 	Fine wave	0	1	1	001100	01000	000000000000	-1	0000000000000000	0	-1	-1	0	300	300	-1	-1	-1	-1	-1	-1	1000	0	-1	-1	-1	0	8	8	8	8	8	8	8	0	0	0	0	0	0	0	-1	0	0	-1	-1	-1	0	0	0	0	0	0	0	1	-1	-1	0	0	33	0,200000003	0,200000003	0,200000003	0,200000003	0,200000003	0,200000003	0,200000003	0	32	0,200000003	0,200000003	0,200000003	0,200000003	0,200000003	0,200000003	0,200000003	-1	-1	-1	-1	-1	-1	-1	-1	-1	-1	-1	-1	-1	-1	-1	-1	-1	-1	-1	-1	-1	-1	-1	-1	-1	-1	-1	10	10	10	10	10	10	10	0	0	0	0	0	1	
AF1FD	4	57	0	Б·Ае АУїш ЅєЕі	Leader Effect	Защита Дайсема 	Indurance wave	0	1	1	001100	10000	000000001100	-1	0000000000000000	0	-1	-1	0	300	300	-1	-1	-1	-1	-1	-1	1000	0	-1	-1	-1	0	8	8	8	8	8	8	8	0	0	0	0	0	0	0	-1	0	180	AF1FE	-1	-1	0	0	0	0	0	0	0	1	-1	-1	0	0	9	0,200000003	0,200000003	0,200000003	0,200000003	0,200000003	0,200000003	0,200000003	0	32	0,200000003	0,200000003	0,200000003	0,200000003	0,200000003	0,200000003	0,200000003	1	33	-200	-200	-200	-200	-200	-200	-200	-1	-1	-1	-1	-1	-1	-1	-1	-1	-1	-1	-1	-1	-1	-1	-1	-1	-1	1200	1200	1200	1200	1200	1200	1200	0	0	0	0	0	1	
AF1FE	4	57	0	Б·Ае АУїш ЅєЕі	Link Effect	Защита Дайсема 	Indurance wave	0	1	1	001100	01000	000000000000	-1	0000000000000000	0	-1	-1	0	300	300	-1	-1	-1	-1	-1	-1	1000	0	-1	-1	-1	0	8	8	8	8	8	8	8	0	0	0	0	0	0	0	-1	0	0	-1	-1	-1	0	0	0	0	0	0	0	1	-1	-1	0	0	9	0,200000003	0,200000003	0,200000003	0,200000003	0,200000003	0,200000003	0,200000003	0	32	0,200000003	0,200000003	0,200000003	0,200000003	0,200000003	0,200000003	0,200000003	-1	-1	-1	-1	-1	-1	-1	-1	-1	-1	-1	-1	-1	-1	-1	-1	-1	-1	-1	-1	-1	-1	-1	-1	-1	-1	-1	10	10	10	10	10	10	10	0	0	0	0	0	1	
AF1FF	4	56	0	Б·Ае АУїш ЅєЕі	Leader Effect	Защита Захватчика 	Offence wave	0	1	1	000010	10000	000000001100	-1	0000000000000000	0	-1	-1	0	300	300	-1	-1	-1	-1	-1	-1	1000	0	-1	-1	-1	0	8	8	8	8	8	8	8	0	0	0	0	0	0	0	-1	0	180	AF200	-1	-1	0	0	0	0	0	0	0	1	-1	-1	0	0	33	0,200000003	0,200000003	0,200000003	0,200000003	0,200000003	0,200000003	0,200000003	0	32	0,200000003	0,200000003	0,200000003	0,200000003	0,200000003	0,200000003	0,200000003	1	33	-200	-200	-200	-200	-200	-200	-200	-1	-1	-1	-1	-1	-1	-1	-1	-1	-1	-1	-1	-1	-1	-1	-1	-1	-1	1200	1200	1200	1200	1200	1200	1200	0	0	0	0	0	1	
AF200	4	56	0	Б·Ае АУїш ЅєЕі	Link Effect	Защита Захватчика 	Offence wave	0	1	1	000010	01000	000000000000	-1	0000000000000000	0	-1	-1	0	300	300	-1	-1	-1	-1	-1	-1	1000	0	-1	-1	-1	0	8	8	8	8	8	8	8	0	0	0	0	0	0	0	-1	0	0	-1	-1	-1	0	0	0	0	0	0	0	1	-1	-1	0	0	33	0,200000003	0,200000003	0,200000003	0,200000003	0,200000003	0,200000003	0,200000003	0	32	0,200000003	0,200000003	0,200000003	0,200000003	0,200000003	0,200000003	0,200000003	-1	-1	-1	-1	-1	-1	-1	-1	-1	-1	-1	-1	-1	-1	-1	-1	-1	-1	-1	-1	-1	-1	-1	-1	-1	-1	-1	10	10	10	10	10	10	10	0	0	0	0	0	1	
AF201	4	57	0	Б·Ае АУїш ЅєЕі	Leader Effect	Клич Захватчика 	Offence wave	0	1	1	000010	10000	000000001100	-1	0000000000000000	0	-1	-1	0	300	300	-1	-1	-1	-1	-1	-1	1000	0	-1	-1	-1	0	8	8	8	8	8	8	8	0	0	0	0	0	0	0	-1	0	180	AF202	-1	-1	0	0	0	0	0	0	0	1	-1	-1	0	0	9	0,200000003	0,200000003	0,200000003	0,200000003	0,200000003	0,200000003	0,200000003	0	32	0,200000003	0,200000003	0,200000003	0,200000003	0,200000003	0,200000003	0,200000003	1	33	-200	-200	-200	-200	-200	-200	-200	-1	-1	-1	-1	-1	-1	-1	-1	-1	-1	-1	-1	-1	-1	-1	-1	-1	-1	1200	1200	1200	1200	1200	1200	1200	0	0	0	0	0	1	
AF202	4	57	0	Б·Ае АУїш ЅєЕі	Link Effect	Клич Захватчика 	Offence wave	0	1	1	000010	01000	000000000000	-1	0000000000000000	0	-1	-1	0	300	300	-1	-1	-1	-1	-1	-1	1000	0	-1	-1	-1	0	8	8	8	8	8	8	8	0	0	0	0	0	0	0	-1	0	0	-1	-1	-1	0	0	0	0	0	0	0	1	-1	-1	0	0	9	0,200000003	0,200000003	0,200000003	0,200000003	0,200000003	0,200000003	0,200000003	0	32	0,200000003	0,200000003	0,200000003	0,200000003	0,200000003	0,200000003	0,200000003	-1	-1	-1	-1	-1	-1	-1	-1	-1	-1	-1	-1	-1	-1	-1	-1	-1	-1	-1	-1	-1	-1	-1	-1	-1	-1	-1	10	10	10	10	10	10	10	0	0	0	0	0	1	
AF1F3	5	50	0	БѕБ· єёБ¶Иї°ъ	Race Effect	Клич Героя	Howl of hero	0	1	1	111110	10000	000000000000	-1	0000000000000000	0	-1	-1	0	0	0	-1	-1	-1	-1	-1	-1	0	0	-1	-1	-1	0	8	8	8	8	8	8	8	0	0	0	0	0	0	0	-1	0	0	-1	-1	-1	0	0	0	0	0	0	0	1	-1	-1	0	0	32	0,050000001	0,100000001	0,150000006	-1	-1	-1	-1	0	33	0,050000001	0,050000001	0,100000001	-1	-1	-1	-1	-1	-1	-1	-1	-1	-1	-1	-1	-1	-1	-1	-1	-1	-1	-1	-1	-1	-1	-1	-1	-1	-1	-1	-1	-1	-1	-1	18000	18000	18000	0	0	0	0	0	0	0	0	0	1	
AF1F4	5	51	0	БѕБ· єёБ¶Иї°ъ	Race Effect	Энергия победы	Spirit of Victory	0	1	1	111110	10000	000000000000	-1	0000000000000000	0	-1	-1	0	0	0	-1	-1	-1	-1	-1	-1	0	0	-1	-1	-1	0	8	8	8	8	8	8	8	0	0	0	0	0	0	0	-1	0	0	-1	-1	-1	0	0	0	0	0	0	0	1	-1	-1	0	0	32	0,050000001	0,100000001	0,150000006	-1	-1	-1	-1	-1	-1	-1	-1	-1	-1	-1	-1	-1	-1	-1	-1	-1	-1	-1	-1	-1	-1	-1	-1	-1	-1	-1	-1	-1	-1	-1	-1	-1	-1	-1	-1	-1	-1	-1	-1	18000	18000	18000	0	0	0	0	0	0	0	0	0	1	
AF1F5	5	52	0	БѕБ· єёБ¶Иї°ъ	Race Effect	Шрам поражения	Hurts of Defeat	0	1	1	111110	10000	000000000000	-1	0000000000000000	0	-1	-1	0	0	0	-1	-1	-1	-1	-1	-1	0	0	-1	-1	-1	0	8	8	8	8	8	8	8	0	0	0	0	0	0	0	-1	0	0	-1	-1	-1	0	0	0	0	0	0	0	1	-1	-1	0	0	33	-0,050000001	-0,100000001	-0,150000006	-1	-1	-1	-1	-1	-1	-1	-1	-1	-1	-1	-1	-1	-1	-1	-1	-1	-1	-1	-1	-1	-1	-1	-1	-1	-1	-1	-1	-1	-1	-1	-1	-1	-1	-1	-1	-1	-1	-1	-1	18000	18000	18000	0	0	0	0	0	0	0	0	0	1	
AF1F6	5	53	0	БѕБ· єёБ¶Иї°ъ	Race Effect	Клеймо позора	Stigma	0	1	1	111110	10000	000000000000	-1	0000000000000000	0	-1	-1	0	0	0	-1	-1	-1	-1	-1	-1	0	0	-1	-1	-1	0	8	8	8	8	8	8	8	0	0	0	0	0	0	0	-1	0	0	-1	-1	-1	0	0	0	0	0	0	0	1	-1	-1	0	0	32	-0,050000001	-0,100000001	-0,200000003	-1	-1	-1	-1	0	33	-0,050000001	-0,100000001	-0,200000003	-1	-1	-1	-1	-1	-1	-1	-1	-1	-1	-1	-1	-1	-1	-1	-1	-1	-1	-1	-1	-1	-1	-1	-1	-1	-1	-1	-1	-1	-1	-1	18000	18000	18000	0	0	0	0	0	0	0	0	0	1	
AF203	6	56	0	ёуЅєЕН ЅєЕі	Monster Skill	Покровительство Дагана 	Protection wave(monster)	0	1	1	000001	11111	100000000000	-1	0000000000000000	0	-1	-1	0	300	300	-1	-1	-1	-1	-1	-1	1000	0	-1	-1	-1	0	8	8	8	8	8	8	8	0	0	0	0	0	0	0	-1	0	180	AF204	-1	-1	0	0	0	0	0	0	0	1	-1	-1	1	0	33	0,200000003	0,200000003	0,200000003	0,200000003	0,200000003	0,200000003	0,200000003	0	32	0,200000003	0,200000003	0,200000003	0,200000003	0,200000003	0,200000003	0,200000003	1	33	-200	-200	-200	-200	-200	-200	-200	-1	-1	-1	-1	-1	-1	-1	-1	-1	-1	-1	-1	-1	-1	-1	-1	-1	-1	1200	1200	1200	1200	1200	1200	1200	0	0	0	0	0	1	
AF204	6	56	0	ёуЅєЕН ЅєЕі	Monster Skill	Покровительство Дагана 	Protection wave(monster)	0	1	1	000001	11111	100000000000	-1	0000000000000000	0	-1	-1	0	300	300	-1	-1	-1	-1	-1	-1	1000	0	-1	-1	-1	0	8	8	8	8	8	8	8	0	0	0	0	0	0	0	-1	0	0	-1	-1	-1	0	0	0	0	0	0	0	1	-1	-1	1	0	33	0,200000003	0,200000003	0,200000003	0,200000003	0,200000003	0,200000003	0,200000003	0	32	0,200000003	0,200000003	0,200000003	0,200000003	0,200000003	0,200000003	0,200000003	-1	-1	-1	-1	-1	-1	-1	-1	-1	-1	-1	-1	-1	-1	-1	-1	-1	-1	-1	-1	-1	-1	-1	-1	-1	-1	-1	10	10	10	10	10	10	10	0	0	0	0	0	1	
AF205	6	57	0	ёуЅєЕН ЅєЕі	Monster Skill	Касание Дагана 	Strengtn wave(monster)	0	1	1	000001	11111	100000000000	-1	0000000000000000	0	-1	-1	0	300	300	-1	-1	-1	-1	-1	-1	1000	0	-1	-1	-1	0	8	8	8	8	8	8	8	0	0	0	0	0	0	0	-1	0	180	AF206	-1	-1	0	0	0	0	0	0	0	1	-1	-1	1	0	9	0,200000003	0,200000003	0,200000003	0,200000003	0,200000003	0,200000003	0,200000003	0	32	0,200000003	0,200000003	0,200000003	0,200000003	0,200000003	0,200000003	0,200000003	1	33	-200	-200	-200	-200	-200	-200	-200	-1	-1	-1	-1	-1	-1	-1	-1	-1	-1	-1	-1	-1	-1	-1	-1	-1	-1	1200	1200	1200	1200	1200	1200	1200	0	0	0	0	0	1	
AF206	6	57	0	ёуЅєЕН ЅєЕі	Monster Skill	Касание Дагана 	Strengtn wave(monster)	0	1	1	000001	11111	100000000000	-1	0000000000000000	0	-1	-1	0	300	300	-1	-1	-1	-1	-1	-1	1000	0	-1	-1	-1	0	8	8	8	8	8	8	8	0	0	0	0	0	0	0	-1	0	0	-1	-1	-1	0	0	0	0	0	0	0	1	-1	-1	1	0	9	0,200000003	0,200000003	0,200000003	0,200000003	0,200000003	0,200000003	0,200000003	0	32	0,200000003	0,200000003	0,200000003	0,200000003	0,200000003	0,200000003	0,200000003	-1	-1	-1	-1	-1	-1	-1	-1	-1	-1	-1	-1	-1	-1	-1	-1	-1	-1	-1	-1	-1	-1	-1	-1	-1	-1	-1	10	10	10	10	10	10	10	0	0	0	0	0	1	
AF207	6	56	0	ёуЅєЕН ЅєЕі	Monster Skill	Покровительство Дагона 	Fine wave(monster)	0	1	1	000001	11111	100000000000	-1	0000000000000000	0	-1	-1	0	300	300	-1	-1	-1	-1	-1	-1	1000	0	-1	-1	-1	0	8	8	8	8	8	8	8	0	0	0	0	0	0	0	-1	0	180	AF208	-1	-1	0	0	0	0	0	0	0	1	-1	-1	1	0	33	0,200000003	0,200000003	0,200000003	0,200000003	0,200000003	0,200000003	0,200000003	0	32	0,200000003	0,200000003	0,200000003	0,200000003	0,200000003	0,200000003	0,200000003	1	33	-200	-200	-200	-200	-200	-200	-200	-1	-1	-1	-1	-1	-1	-1	-1	-1	-1	-1	-1	-1	-1	-1	-1	-1	-1	1200	1200	1200	1200	1200	1200	1200	0	0	0	0	0	1	
AF208	6	56	0	ёуЅєЕН ЅєЕі	Monster Skill	Покровительство Дагона 	Fine wave(monster)	0	1	1	000001	11111	100000000000	-1	0000000000000000	0	-1	-1	0	300	300	-1	-1	-1	-1	-1	-1	1000	0	-1	-1	-1	0	8	8	8	8	8	8	8	0	0	0	0	0	0	0	-1	0	0	-1	-1	-1	0	0	0	0	0	0	0	1	-1	-1	1	0	33	0,200000003	0,200000003	0,200000003	0,200000003	0,200000003	0,200000003	0,200000003	0	32	0,200000003	0,200000003	0,200000003	0,200000003	0,200000003	0,200000003	0,200000003	-1	-1	-1	-1	-1	-1	-1	-1	-1	-1	-1	-1	-1	-1	-1	-1	-1	-1	-1	-1	-1	-1	-1	-1	-1	-1	-1	10	10	10	10	10	10	10	0	0	0	0	0	1	
AF209	6	57	0	ёуЅєЕН ЅєЕі	Monster Skill	Касание Дагона 	Indurance wave(monster)	0	1	1	000001	11111	100000000000	-1	0000000000000000	0	-1	-1	0	300	300	-1	-1	-1	-1	-1	-1	1000	0	-1	-1	-1	0	8	8	8	8	8	8	8	0	0	0	0	0	0	0	-1	0	180	AF210	-1	-1	0	0	0	0	0	0	0	1	-1	-1	1	0	9	0,200000003	0,200000003	0,200000003	0,200000003	0,200000003	0,200000003	0,200000003	0	32	0,200000003	0,200000003	0,200000003	0,200000003	0,200000003	0,200000003	0,200000003	1	33	-200	-200	-200	-200	-200	-200	-200	-1	-1	-1	-1	-1	-1	-1	-1	-1	-1	-1	-1	-1	-1	-1	-1	-1	-1	1200	1200	1200	1200	1200	1200	1200	0	0	0	0	0	1	
AF210	6	57	0	ёуЅєЕН ЅєЕі	Monster Skill	Касание Дагона 	Indurance wave(monster)	0	1	1	000001	11111	100000000000	-1	0000000000000000	0	-1	-1	0	300	300	-1	-1	-1	-1	-1	-1	1000	0	-1	-1	-1	0	8	8	8	8	8	8	8	0	0	0	0	0	0	0	-1	0	0	-1	-1	-1	0	0	0	0	0	0	0	1	-1	-1	1	0	9	0,200000003	0,200000003	0,200000003	0,200000003	0,200000003	0,200000003	0,200000003	0	32	0,200000003	0,200000003	0,200000003	0,200000003	0,200000003	0,200000003	0,200000003	-1	-1	-1	-1	-1	-1	-1	-1	-1	-1	-1	-1	-1	-1	-1	-1	-1	-1	-1	-1	-1	-1	-1	-1	-1	-1	-1	10	10	10	10	10	10	10	0	0	0	0	0	1	
AF211	6	56	0	ёуЅєЕН ЅєЕі	Monster Skill	Покровительство Дагну 	Offence wave(monster)	0	1	1	000001	11111	100000000000	-1	0000000000000000	0	-1	-1	0	300	300	-1	-1	-1	-1	-1	-1	1000	0	-1	-1	-1	0	8	8	8	8	8	8	8	0	0	0	0	0	0	0	-1	0	180	AF212	-1	-1	0	0	0	0	0	0	0	1	-1	-1	1	0	33	0,200000003	0,200000003	0,200000003	0,200000003	0,200000003	0,200000003	0,200000003	0	32	0,200000003	0,200000003	0,200000003	0,200000003	0,200000003	0,200000003	0,200000003	1	33	-200	-200	-200	-200	-200	-200	-200	-1	-1	-1	-1	-1	-1	-1	-1	-1	-1	-1	-1	-1	-1	-1	-1	-1	-1	1200	1200	1200	1200	1200	1200	1200	0	0	0	0	0	1	
AF212	6	56	0	ёуЅєЕН ЅєЕі	Monster Skill	Покровительство Дагну 	Offence wave(monster)	0	1	1	000001	11111	100000000000	-1	0000000000000000	0	-1	-1	0	300	300	-1	-1	-1	-1	-1	-1	1000	0	-1	-1	-1	0	8	8	8	8	8	8	8	0	0	0	0	0	0	0	-1	0	0	-1	-1	-1	0	0	0	0	0	0	0	1	-1	-1	1	0	33	0,200000003	0,200000003	0,200000003	0,200000003	0,200000003	0,200000003	0,200000003	0	32	0,200000003	0,200000003	0,200000003	0,200000003	0,200000003	0,200000003	0,200000003	-1	-1	-1	-1	-1	-1	-1	-1	-1	-1	-1	-1	-1	-1	-1	-1	-1	-1	-1	-1	-1	-1	-1	-1	-1	-1	-1	10	10	10	10	10	10	10	0	0	0	0	0	1	
AF213	6	57	0	ёуЅєЕН ЅєЕі	Monster Skill	Касание Дагну 	Offence wave(monster)	0	1	1	000001	11111	100000000000	-1	0000000000000000	0	-1	-1	0	300	300	-1	-1	-1	-1	-1	-1	1000	0	-1	-1	-1	0	8	8	8	8	8	8	8	0	0	0	0	0	0	0	-1	0	180	AF214	-1	-1	0	0	0	0	0	0	0	1	-1	-1	1	0	9	0,200000003	0,200000003	0,200000003	0,200000003	0,200000003	0,200000003	0,200000003	0	32	0,200000003	0,200000003	0,200000003	0,200000003	0,200000003	0,200000003	0,200000003	1	33	-200	-200	-200	-200	-200	-200	-200	-1	-1	-1	-1	-1	-1	-1	-1	-1	-1	-1	-1	-1	-1	-1	-1	-1	-1	1200	1200	1200	1200	1200	1200	1200	0	0	0	0	0	1	
AF214	6	57	0	ёуЅєЕН ЅєЕі	Monster Skill	Касание Дагну 	Offence wave(monster)	0	1	1	000001	11111	100000000000	-1	0000000000000000	0	-1	-1	0	300	300	-1	-1	-1	-1	-1	-1	1000	0	-1	-1	-1	0	8	8	8	8	8	8	8	0	0	0	0	0	0	0	-1	0	0	-1	-1	-1	0	0	0	0	0	0	0	1	-1	-1	1	0	9	0,200000003	0,200000003	0,200000003	0,200000003	0,200000003	0,200000003	0,200000003	0	32	0,200000003	0,200000003	0,200000003	0,200000003	0,200000003	0,200000003	0,200000003	-1	-1	-1	-1	-1	-1	-1	-1	-1	-1	-1	-1	-1	-1	-1	-1	-1	-1	-1	-1	-1	-1	-1	-1	-1	-1	-1	10	10	10	10	10	10	10	0	0	0	0	0	1	
