dword	dword	qword	dword	dword	dword	dword	dword	dword	dword	dword	dword	byte	byte	word	byte	byte	byte	byte	dword	dword	dword	dword	byte	byte	byte	byte	dword	dword	float	byte	byte	byte	byte	float	dword	dword	dword	END
Level	none	NeedExp	MaxHP	MaxFP	HPRecUnit	HPRecDelay	FPRecUnit	FPRecDelay	AttFcStd	StdDefFc	ForceAttStd	255	none	none	none	DefSklUnit	none	none	none	none	none	none	WeakPart	fire	water	soil	wind	AttSpd	AttExt	MovSpd	MovSpd	Width	none	ScaleRate	AttEffType	DefEffType	none	
1	0	200	28	50	5	2000	4	2000	34	14	16	4	0	0	0	1	0	0	0	0	0	0	-1	0	0	0	0	2000	45	6	6	20	0	0,6	1	512	0	
2	0	600	36	50	5	2000	4	2000	35	21	16	4	0	0	0	1	0	0	0	0	0	0	-1	0	0	0	0	2000	45	6	6	20	0	0,61	1	512	0	
3	0	1200	48	50	6	2000	4	2000	37	23	16	4	0	0	0	1	0	0	0	0	0	0	-1	0	0	0	0	2000	45	6	6	20	0	0,62	1	512	0	
4	0	2000	52	50	6	2000	4	2000	42	23	16	7	0	0	0	1	0	0	0	0	0	0	-1	0	0	0	0	2000	45	6	6	20	0	0,63	1	512	0	
5	0	3000	68	50	6	2000	4	2000	50	28	16	11	0	0	0	1	0	0	0	0	0	0	-1	0	0	0	0	2000	45	6	6	20	0	0,64	1	512	0	
6	0	4201	80	50	6	2000	4	2000	53	31	16	14	0	0	0	1	0	0	0	0	0	0	-1	0	0	0	0	2000	45	6	6	20	0	0,66	1	512	0	
7	0	5602	84	50	7	2000	4	2000	59	35	16	14	0	0	0	1	0	0	0	0	0	0	-1	0	0	0	0	2000	45	6	6	20	0	0,67	1	512	0	
8	0	7204	100	50	7	2000	4	2000	66	43	16	14	0	0	0	1	0	0	0	0	0	0	-1	0	0	0	0	2000	45	6	6	20	0	0,68	1	512	0	
9	0	9008	112	50	8	2000	4	2000	76	50	16	18	0	0	0	1	0	0	0	0	0	0	-1	0	0	0	0	2000	45	6	6	20	0	0,69	1	512	0	
10	0	11014	124	50	8	2000	4	2000	86	61	16	18	0	0	0	1	0	0	0	0	0	0	-1	0	0	0	0	2000	45	6	6	20	0	0,7	1	512	0	
11	0	13223	132	50	9	2000	4	2000	97	70	16	21	0	0	0	1	0	0	0	0	0	0	-1	0	0	0	0	2000	45	6	6	20	0	0,72	1	512	0	
12	0	15638	160	50	9	2000	4	2000	108	84	16	21	0	0	0	1	0	0	0	0	0	0	-1	0	0	0	0	2000	45	6	6	20	0	0,73	1	512	0	
13	0	18261	172	50	10	2000	4	2000	120	95	16	25	0	0	0	1	0	0	0	0	0	0	-1	0	0	0	0	2000	45	6	6	20	0	0,74	1	512	0	
14	0	21097	188	50	10	2000	4	2000	133	113	16	28	0	0	0	1	0	0	0	0	0	0	-1	0	0	0	0	2000	45	6	6	20	0	0,75	1	512	0	
15	0	24154	204	50	10	2000	4	2000	145	127	16	28	0	0	0	1	0	0	0	0	0	0	-1	0	0	0	0	2000	45	6	6	20	0	0,76	1	512	0	
16	0	27444	220	50	10	2000	4	2000	159	148	16	32	0	0	0	1	0	0	0	0	0	0	-1	0	0	0	0	2000	45	6	6	20	0	0,78	1	512	0	
17	0	30986	240	50	11	2000	4	2000	172	166	16	35	0	0	0	1	0	0	0	0	0	0	-1	0	0	0	0	2000	45	6	6	20	0	0,79	1	512	0	
18	0	34811	280	50	11	2000	4	2000	186	192	16	35	0	0	0	1	0	0	0	0	0	0	-1	0	0	0	0	2000	45	6	6	20	0	0,8	1	512	0	
19	0	38967	304	50	12	2000	4	2000	202	220	16	39	0	0	0	1	0	0	0	0	0	0	-1	0	0	0	0	2000	45	6	6	20	0	0,81	1	512	0	
20	0	43533	348	50	12	2000	4	2000	218	257	16	42	0	0	0	1	0	0	0	0	0	0	-1	0	0	0	0	2000	45	6	6	20	0	0,82	1	512	0	
21	0	48635	760	50	26	2000	4	2000	279	298	16	52	0	0	0	1	0	0	0	0	0	0	-1	0	0	0	0	2000	45	6	6	20	0	0,84	1	512	0	
22	0	54476	816	50	26	2000	4	2000	295	345	16	56	0	0	0	1	0	0	0	0	0	0	-1	0	0	0	0	2000	45	6	6	20	0	0,85	1	512	0	
23	0	61384	944	50	27	2000	4	2000	313	397	16	60	0	0	0	1	0	0	0	0	0	0	-1	0	0	0	0	2000	45	6	6	20	0	0,86	1	512	0	
24	0	69894	1152	50	27	2000	4	2000	332	465	16	64	0	0	0	1	0	0	0	0	0	0	-1	0	0	0	0	2000	45	6	6	20	0	0,87	1	512	0	
25	0	80874	1232	50	29	2000	4	2000	352	533	16	68	0	0	0	1	0	0	0	0	0	0	-1	0	0	0	0	2000	45	6	6	20	0	0,88	1	512	0	
26	0	95742	1424	50	29	2000	4	2000	372	608	16	76	0	0	0	1	0	0	0	0	0	0	-1	0	0	0	0	2000	45	6	6	20	0	0,9	1	512	0	
27	0	116819	1704	50	30	2000	4	2000	393	704	16	80	0	0	0	1	0	0	0	0	0	0	-1	0	0	0	0	2000	45	6	6	20	0	0,91	1	512	0	
28	0	147915	1816	50	30	2000	4	2000	417	800	16	88	0	0	0	1	0	0	0	0	0	0	-1	0	0	0	0	2000	45	6	6	20	0	0,92	1	512	0	
29	0	195306	2136	50	32	2000	4	2000	441	925	16	96	0	0	0	1	0	0	0	0	0	0	-1	0	0	0	0	2000	45	6	6	20	0	0,93	1	512	0	
30	0	269354	2504	50	32	2000	4	2000	466	1060	16	104	0	0	0	1	0	0	0	0	0	0	-1	0	0	0	0	2000	45	6	6	20	0	0,94	1	512	0	
31	0	387224	2576	50	34	2000	4	2000	520	1222	16	112	0	0	0	1	0	0	0	0	0	0	-1	0	0	0	0	2000	45	6	6	20	0	0,96	1	512	0	
32	0	577429	3056	50	34	2000	4	2000	551	1378	16	120	0	0	0	1	0	0	0	0	0	0	-1	0	0	0	0	2000	45	6	6	20	0	0,97	1	512	0	
33	0	887473	3520	50	35	2000	4	2000	584	1557	16	132	0	0	0	1	0	0	0	0	0	0	-1	0	0	0	0	2000	45	6	6	20	0	0,98	1	512	0	
34	0	1396732	3896	50	35	2000	4	2000	620	1754	16	148	0	0	0	1	0	0	0	0	0	0	-1	0	0	0	0	2000	45	6	6	20	0	0,99	1	512	0	
35	0	2238226	4520	50	37	2000	4	2000	659	1980	16	160	0	0	0	1	0	0	0	0	0	0	-1	0	0	0	0	2000	45	6	6	20	0	1	1	512	0	
36	0	3635531	5280	50	37	2000	4	2000	700	2241	16	176	0	0	0	1	0	0	0	0	0	0	-1	0	0	0	0	2000	45	6	6	20	0	1,02	1	512	0	
37	0	5965520	5776	50	38	2000	4	2000	746	2566	16	196	0	0	0	1	0	0	0	0	0	0	-1	0	0	0	0	2000	45	6	6	20	0	1,03	1	512	0	
38	0	9865347	6728	50	38	2000	4	2000	796	2920	16	216	0	0	0	1	0	0	0	0	0	0	-1	0	0	0	0	2000	45	6	6	20	0	1,04	1	512	0	
39	0	16415364	7872	50	40	2000	4	2000	852	3329	16	244	0	0	0	1	0	0	0	0	0	0	-1	0	0	0	0	2000	45	6	6	20	0	1,05	1	512	0	
40	0	27452782	8576	50	40	2000	4	2000	913	3778	16	255	0	0	0	1	0	0	0	0	0	0	-1	0	0	0	0	2000	45	6	6	20	0	1,06	1	512	0	
41	0	46111082	12540	50	52	2000	4	2000	1949	2575	16	255	0	0	0	1	0	0	0	0	0	0	-1	0	0	0	0	2000	45	6	6	20	0	1,08	1	512	0	
42	0	77750319	14670	50	52	2000	4	2000	2049	3261	16	255	0	0	0	1	0	0	0	0	0	0	-1	0	0	0	0	2000	45	6	6	20	0	1,09	1	512	0	
43	0	131566211	16020	50	52	2000	4	2000	2155	4014	16	255	0	0	0	1	0	0	0	0	0	0	-1	0	0	0	0	2000	45	6	6	20	0	1,1	1	512	0	
44	0	223381318	18100	50	54	2000	4	2000	2263	4984	16	255	0	0	0	1	0	0	0	0	0	0	-1	0	0	0	0	2000	45	6	6	20	0	1,11	1	512	0	
45	0	380500681	19890	50	54	2000	4	2000	2371	6074	16	255	0	0	0	1	0	0	0	0	0	0	-1	0	0	0	0	2000	45	6	6	20	0	1,12	1	512	0	
46	0	650183261	20380	50	56	2000	4	2000	2580	8342	16	255	0	0	0	1	0	0	0	0	0	0	-1	0	0	0	0	2000	45	6	6	20	0	1,14	1	512	0	
47	0	1114464409	21530	50	56	2000	4	2000	2710	8999	16	255	0	0	0	1	0	0	0	0	0	0	-1	0	0	0	0	2000	45	6	6	20	0	1,15	1	512	0	
48	0	1916165673	23640	50	58	2000	4	2000	2853	12477	16	255	0	0	0	1	0	0	0	0	0	0	-1	0	0	0	0	2000	45	6	6	20	0	1,16	1	512	0	
49	0	3304667570	24030	50	58	2000	4	2000	3008	13004	16	255	0	0	0	1	0	0	0	0	0	0	-1	0	0	0	0	2000	45	6	6	20	0	1,17	1	512	0	
50	0	4000000000	39390	50	90	2000	4	2000	3758	14870	16	255	0	0	0	1	0	0	0	0	0	0	-1	0	0	0	0	2000	45	6	6	20	0	1,18	1	512	0	
51	0	9200000000	42735	50	90	2000	4	2000	4203	19864	16	255	0	0	0	1	0	0	0	0	0	0	-1	0	0	0	0	2000	45	6	6	20	0	1,19	1	512	0	
52	0	21160000000	46080	50	93	2000	4	2000	5005	23138	16	255	0	0	0	1	0	0	0	0	0	0	-1	0	0	0	0	2000	45	6	6	20	0	1,2	1	512	0	
53	0	48668000000	49425	50	93	2000	4	2000	5593	32823	16	255	0	0	0	1	0	0	0	0	0	0	-1	0	0	0	0	2000	45	6	6	20	0	1,21	1	512	0	
54	0	111936400000	52770	50	96	2000	4	2000	6274	40000	16	255	0	0	0	1	0	0	0	0	0	0	-1	0	0	0	0	2000	45	6	6	20	0	1,22	1	512	0	
55	0	257453720000	56115	50	96	2000	4	2000	7056	49000	16	255	0	0	0	1	0	0	0	0	0	0	-1	0	0	0	0	2000	45	6	6	20	0	1,23	1	512	0	
56	0	592143556000	59460	50	99	2000	4	2000	7376	50000	16	255	0	0	0	1	0	0	0	0	0	0	-1	0	0	0	0	2000	45	6	6	20	0	1,24	1	512	0	
57	0	1361930178800	60000	50	99	2000	4	2000	7690	51000	16	255	0	0	0	1	0	0	0	0	0	0	-1	0	0	0	0	2000	45	6	6	20	0	1,25	1	512	0	
58	0	3132439411240	60000	50	102	2000	4	2000	8008	52000	16	255	0	0	0	1	0	0	0	0	0	0	-1	0	0	0	0	2000	45	6	6	20	0	1,26	1	512	0	
59	0	7204610645852	60000	50	102	2000	4	2000	8320	53000	16	255	0	0	0	1	0	0	0	0	0	0	-1	0	0	0	0	2000	45	6	6	20	0	1,27	1	512	0	
60	0	16570604485459	60000	50	105	2000	4	2000	8630	55000	16	255	0	0	0	1	0	0	0	0	0	0	-1	0	0	0	0	2000	45	6	6	20	0	1,28	1	512	0	
61	0	38112390316557	60000	50	105	2000	4	2000	8936	56000	16	255	0	0	0	1	0	0	0	0	0	0	-1	0	0	0	0	2000	45	6	6	20	0	1,29	1	512	0	
62	0	87658497728081	60000	50	108	2000	4	2000	9246	57000	16	255	0	0	0	1	0	0	0	0	0	0	-1	0	0	0	0	2000	45	6	6	20	0	1,3	1	512	0	
63	0	201614544774587	60000	50	108	2000	4	2000	9550	58000	16	255	0	0	0	1	0	0	0	0	0	0	-1	0	0	0	0	2000	45	6	6	20	0	1,31	1	512	0	
64	0	463713452981550	60000	50	111	2000	4	2000	9852	59000	16	255	0	0	0	1	0	0	0	0	0	0	-1	0	0	0	0	2000	45	6	6	20	0	1,32	1	512	0	
65	0	1066540941857560	60000	50	111	2000	4	2000	10152	60000	16	255	0	0	0	1	0	0	0	0	0	0	-1	0	0	0	0	2000	45	6	6	20	0	1,33	1	512	0	
66	0	2453044166272400	60000	50	111	2000	4	2000	10152	60000	16	255	0	0	0	1	0	0	0	0	0	0	-1	0	0	0	0	2000	45	6	6	20	0	1,33	1	512	0	
