clcode	string[64]	xeh	dword	stb	byte	byte	word	dword	dword	dword	dword	dword	dword	dword	dword	dword	dword	dword	dword	dword	dword	long	byte	byte	byte	byte	float	dword	bttype	dword	dword	dword	dword	dword	dword	dword	dword	dword	dword	dword	xeh	dword	effbttype	dword	END
Code	Name	Model	Icon	Civil	ListID	Money	none	StdPrice	StdPoint	GoldPoint	ProcPoint	KillPoint	StorePrice	IsExchange	IsSell	IsGround	IsStore	Description	IsExist	IsCash	IsTime	UpLvLim	Property	none	none	none	GAAF	DurUnit	BulletType	none	none	none	none	none	none	none	none	none	none	none	EffectIndex	none	EffBulletType	none	
ibbow01	Стрела	A20400	1	11111	11	0	0	400	0	0	0	0	20	1	1	1	1	0	1	0	0	-1	-1	0	0	0	1	100	A	0	0	0	0	0	0	0	0	0	0	0	-1	0	-1	0	
ibbow02	Огненная Стрела	A20401	2	11111	11	0	0	400	0	0	0	0	20	1	1	1	1	1	1	0	0	-1	0	0	0	0	1	100	A	0	0	0	0	0	0	0	0	0	0	0	-1	0	-1	0	
ibbow03	Ледяная Стрела	A20402	3	11111	11	0	0	400	0	0	0	0	20	1	1	1	1	2	1	0	0	-1	1	0	0	0	1	100	A	0	0	0	0	0	0	0	0	0	0	0	-1	0	-1	0	
ibbow04	Сланцевая Стрела	A20403	4	11111	11	0	0	400	0	0	0	0	20	1	1	1	1	3	1	0	0	-1	2	0	0	0	1	100	A	0	0	0	0	0	0	0	0	0	0	0	-1	0	-1	0	
ibbow05	Керамитовая Стрела	A20404	5	11111	11	0	0	400	0	0	0	0	20	1	1	1	1	4	1	0	0	-1	-1	0	0	0	1	100	A	0	0	0	0	0	0	0	0	0	0	0	-1	0	-1	0	
ibbow06	Ураганная Стрела	A20405	6	11111	11	0	0	400	0	0	0	0	20	1	1	1	1	5	1	0	0	-1	3	0	0	0	1	100	A	0	0	0	0	0	0	0	0	0	0	0	-1	0	-1	0	
ibbow07	Взрывная Стрела	A20406	7	11111	11	0	0	500	0	0	0	0	25	1	1	1	1	6	1	0	0	-1	0	0	0	0	1	100	A	0	0	0	0	0	0	0	0	0	0	0	-1	0	-1	0	
ibbow08	Болт	A20407	8	11111	11	0	0	400	0	0	0	0	20	1	1	1	1	7	1	0	0	-1	-1	0	0	0	1	100	B	0	0	0	0	0	0	0	0	0	0	0	-1	0	-1	0	
ibbow09	Огненный Болт	A20408	9	11111	11	0	0	400	0	0	0	0	20	1	1	1	1	8	1	0	0	-1	0	0	0	0	1	100	B	0	0	0	0	0	0	0	0	0	0	0	-1	0	-1	0	
ibbow10	Ледяной Болт	A20409	10	11111	11	0	0	400	0	0	0	0	20	1	1	1	1	9	1	0	0	-1	1	0	0	0	1	100	B	0	0	0	0	0	0	0	0	0	0	0	-1	0	-1	0	
ibbow11	Сланцевый Болт	A2040A	11	11111	11	0	0	400	0	0	0	0	20	1	1	1	1	10	1	0	0	-1	2	0	0	0	1	100	B	0	0	0	0	0	0	0	0	0	0	0	-1	0	-1	0	
ibbow12	Керамитовый Болт	A2040B	12	11111	11	0	0	400	0	0	0	0	20	1	1	1	1	11	1	0	0	-1	-1	0	0	0	1	100	B	0	0	0	0	0	0	0	0	0	0	0	-1	0	-1	0	
ibbow13	Ураганный Болт	A2040C	13	11111	11	0	0	400	0	0	0	0	20	1	1	1	1	12	1	0	0	-1	3	0	0	0	1	100	B	0	0	0	0	0	0	0	0	0	0	0	-1	0	-1	0	
ibbow14	Взрывной Болт	A2040D	14	11111	11	0	0	500	0	0	0	0	25	1	1	1	1	13	1	0	0	-1	0	0	0	0	1	100	B	0	0	0	0	0	0	0	0	0	0	0	-1	0	-1	0	
ibbow15	Энергоэлемент	A2040E	15	11111	11	0	0	400	0	0	0	0	20	1	1	1	1	14	1	0	0	-1	-1	0	0	0	1	100	CD	0	0	0	0	0	0	0	0	0	0	0	-1	0	-1	0	
ibbow16	Энергоэлемент Mk.II	A2040F	16	11111	11	0	0	400	0	0	0	0	20	1	1	1	1	15	1	0	0	-1	-1	0	0	0	1,25	100	CD	0	0	0	0	0	0	0	0	0	0	0	-1	0	-1	0	
ibbow17	Колчан Стрел	A20410	1	11111	11	0	0	2000	0	0	0	0	100	1	1	1	1	16	1	0	0	-1	-1	0	0	0	1	500	A	0	0	0	0	0	0	0	0	0	0	0	-1	0	-1	0	
ibbow18	Колчан Огненных Стрел	A20411	2	11111	11	0	0	2000	0	0	0	0	100	1	1	1	1	17	1	0	0	-1	0	0	0	0	1	500	A	0	0	0	0	0	0	0	0	0	0	0	-1	0	-1	0	
ibbow19	Колчан Ледяных Стрел	A20412	3	11111	11	0	0	2000	0	0	0	0	100	1	1	1	1	18	1	0	0	-1	1	0	0	0	1	500	A	0	0	0	0	0	0	0	0	0	0	0	-1	0	-1	0	
ibbow20	Колчан Сланцевых Стрел	A20413	4	11111	11	0	0	2000	0	0	0	0	100	1	1	1	1	19	1	0	0	-1	2	0	0	0	1	500	A	0	0	0	0	0	0	0	0	0	0	0	-1	0	-1	0	
ibbow21	Колчан Керамитовых Стрел	A20414	5	11111	11	0	0	2000	0	0	0	0	100	1	1	1	1	20	1	0	0	-1	-1	0	0	0	1	500	A	0	0	0	0	0	0	0	0	0	0	0	-1	0	-1	0	
ibbow22	Колчан Ураганных Стрел	A20415	6	11111	11	0	0	2000	0	0	0	0	100	1	1	1	1	21	1	0	0	-1	3	0	0	0	1	500	A	0	0	0	0	0	0	0	0	0	0	0	-1	0	-1	0	
ibbow23	Колчан Взрывных Стрел	A20416	7	11111	11	0	0	2500	0	0	0	0	125	1	1	1	1	22	1	0	0	-1	0	0	0	0	1	500	A	0	0	0	0	0	0	0	0	0	0	0	-1	0	-1	0	
ibbow24	Колчан Болтов	A20417	8	11111	11	0	0	2000	0	0	0	0	100	1	1	1	1	23	1	0	0	-1	-1	0	0	0	1	500	B	0	0	0	0	0	0	0	0	0	0	0	-1	0	-1	0	
ibbow25	Колчан Огненных Болтов	A20418	9	11111	11	0	0	2000	0	0	0	0	100	1	1	1	1	24	1	0	0	-1	0	0	0	0	1	500	B	0	0	0	0	0	0	0	0	0	0	0	-1	0	-1	0	
ibbow26	Колчан Ледяных Болтов	A20419	10	11111	11	0	0	2000	0	0	0	0	100	1	1	1	1	25	1	0	0	-1	1	0	0	0	1	500	B	0	0	0	0	0	0	0	0	0	0	0	-1	0	-1	0	
ibbow27	Колчан Сланцевых Болтов	A2041A	11	11111	11	0	0	2000	0	0	0	0	100	1	1	1	1	26	1	0	0	-1	2	0	0	0	1	500	B	0	0	0	0	0	0	0	0	0	0	0	-1	0	-1	0	
ibbow28	Колчан Керамитовых Болтов	A2041B	12	11111	11	0	0	2000	0	0	0	0	100	1	1	1	1	27	1	0	0	-1	-1	0	0	0	1	500	B	0	0	0	0	0	0	0	0	0	0	0	-1	0	-1	0	
ibbow29	Колчан Ураганных Болтов	A2041C	13	11111	11	0	0	2000	0	0	0	0	100	1	1	1	1	28	1	0	0	-1	3	0	0	0	1	500	B	0	0	0	0	0	0	0	0	0	0	0	-1	0	-1	0	
ibbow30	Колчан Взрывных Болтов	A2041D	14	11111	11	0	0	2500	0	0	0	0	125	1	1	1	1	29	1	0	0	-1	0	0	0	0	1	500	B	0	0	0	0	0	0	0	0	0	0	0	-1	0	-1	0	
ibbow31	Заряженный Энергоэлемент	A2041E	15	11111	11	0	0	2000	0	0	0	0	100	1	1	1	1	30	1	0	0	-1	-1	0	0	0	1	500	CD	0	0	0	0	0	0	0	0	0	0	0	-1	0	-1	0	
ibbow32	Заряженный Энергоэлемент Mk.II	A2041F	16	11111	11	0	0	2000	0	0	0	0	100	1	1	1	1	31	1	0	0	-1	-1	0	0	0	1,25	500	CD	0	0	0	0	0	0	0	0	0	0	0	-1	0	-1	0	
ibbow33	Сумка Стрел	A20420	1	11111	11	0	0	120000	0	0	0	0	6000	1	1	1	0	32	1	0	0	-1	-1	0	0	0	1	30000	A	0	0	0	0	0	0	0	0	0	0	0	-1	0	-1	0	
ibbow34	Сумка Огненных Стрел	A20421	2	11111	11	0	0	100794	0	0	0	0	5039	1	1	1	0	33	1	0	0	-1	0	0	0	0	1	30000	A	0	0	0	0	0	0	0	0	0	0	0	-1	0	-1	0	
ibbow35	Сумка Ледяных Стрел	A20422	3	11111	11	0	0	100794	0	0	0	0	5039	1	1	1	0	34	1	0	0	-1	1	0	0	0	1	30000	A	0	0	0	0	0	0	0	0	0	0	0	-1	0	-1	0	
ibbow36	Сумка Сланцевых Стрел	A20423	4	11111	11	0	0	100794	0	0	0	0	5039	1	1	1	0	35	1	0	0	-1	2	0	0	0	1	30000	A	0	0	0	0	0	0	0	0	0	0	0	-1	0	-1	0	
ibbow37	Сумка Керамитовых Стрел	A20424	5	11111	11	0	0	120000	0	0	0	0	6000	1	1	1	0	36	1	0	0	-1	-1	0	0	0	1	30000	A	0	0	0	0	0	0	0	0	0	0	0	-1	0	-1	0	
ibbow38	Сумка Ураганных Стрел	A20425	6	11111	11	0	0	100794	0	0	0	0	5039	1	1	1	0	37	1	0	0	-1	3	0	0	0	1	30000	A	0	0	0	0	0	0	0	0	0	0	0	-1	0	-1	0	
ibbow39	Сумка Взрывных Стрел	A20426	7	11111	11	0	0	103175	0	0	0	0	5158	1	1	1	0	38	1	0	0	-1	0	0	0	0	1	30000	A	0	0	0	0	0	0	0	0	0	0	0	-1	0	-1	0	
ibbow40	Сумка Болтов	A20427	8	11111	11	0	0	120000	0	0	0	0	6000	1	1	1	0	39	1	0	0	-1	-1	0	0	0	1	30000	B	0	0	0	0	0	0	0	0	0	0	0	-1	0	-1	0	
ibbow41	Сумка Огненных Болтов	A20428	9	11111	11	0	0	100794	0	0	0	0	5039	1	1	1	0	40	1	0	0	-1	0	0	0	0	1	30000	B	0	0	0	0	0	0	0	0	0	0	0	-1	0	-1	0	
ibbow42	Сумка Ледяных Болтов	A20429	10	11111	11	0	0	100794	0	0	0	0	5039	1	1	1	0	41	1	0	0	-1	1	0	0	0	1	30000	B	0	0	0	0	0	0	0	0	0	0	0	-1	0	-1	0	
ibbow43	Сумка Сланцевых Болтов	A2042A	11	11111	11	0	0	100794	0	0	0	0	5039	1	1	1	0	42	1	0	0	-1	2	0	0	0	1	30000	B	0	0	0	0	0	0	0	0	0	0	0	-1	0	-1	0	
ibbow44	Сумка Керамитовых Болтов	A2042B	12	11111	11	0	0	120000	0	0	0	0	6000	1	1	1	0	43	1	0	0	-1	-1	0	0	0	1	30000	B	0	0	0	0	0	0	0	0	0	0	0	-1	0	-1	0	
ibbow45	Сумка Ураганных Болтов	A2042C	13	11111	11	0	0	100794	0	0	0	0	5039	1	1	1	0	44	1	0	0	-1	3	0	0	0	1	30000	B	0	0	0	0	0	0	0	0	0	0	0	-1	0	-1	0	
ibbow46	Сумка Взрывных Болтов	A2042D	14	11111	11	0	0	103175	0	0	0	0	5158	1	1	1	0	45	1	0	0	-1	0	0	0	0	1	30000	B	0	0	0	0	0	0	0	0	0	0	0	-1	0	-1	0	
ibbow47	Насыщенный Энергоэлемент	A2042E	15	11111	11	0	0	120000	0	0	0	0	6000	1	1	1	0	46	1	0	0	-1	-1	0	0	0	1	30000	CD	0	0	0	0	0	0	0	0	0	0	0	-1	0	-1	0	
ibbow48	Насыщенный Энергоэлемент Mk.II	A2042F	16	11111	11	0	0	100794	0	0	0	0	5039	1	1	1	0	47	1	0	0	-1	-1	0	0	0	1,25	30000	CD	0	0	0	0	0	0	0	0	0	0	0	-1	0	-1	0	
ibbow49	Снаряд	A20430	0	11111	11	0	0	400	0	0	0	0	20	1	1	1	0	48	0	0	0	-1	-1	0	0	0	1,25	100	A	0	0	0	0	0	0	0	0	0	0	0	-1	0	-1	0	
ibbow50	Снаряд	A20431	0	11111	11	0	0	400	0	0	0	0	20	1	1	1	0	49	0	0	0	-1	-1	0	0	0	1,25	100	A	0	0	0	0	0	0	0	0	0	0	0	-1	0	-1	0	
ibbow51	Снаряд	A20432	0	11111	11	0	0	400	0	0	0	0	20	1	1	1	0	50	0	0	0	-1	-1	0	0	0	1,25	100	A	0	0	0	0	0	0	0	0	0	0	0	-1	0	-1	0	
ibbow52	Снаряд	A20433	0	11111	11	0	0	400	0	0	0	0	20	1	1	1	0	51	0	0	0	-1	-1	0	0	0	1,25	100	A	0	0	0	0	0	0	0	0	0	0	0	-1	0	-1	0	
ibbow53	Снаряд	A20434	0	11111	11	0	0	400	0	0	0	0	20	1	1	1	0	52	0	0	0	-1	-1	0	0	0	1,25	100	A	0	0	0	0	0	0	0	0	0	0	0	-1	0	-1	0	
ibbow54	Снаряд	A20435	0	11111	11	0	0	400	0	0	0	0	20	1	1	1	0	53	0	0	0	-1	-1	0	0	0	1,25	100	A	0	0	0	0	0	0	0	0	0	0	0	-1	0	-1	0	
ibbow55	Снаряд	A20436	0	11111	11	0	0	400	0	0	0	0	20	1	1	1	0	54	0	0	0	-1	-1	0	0	0	1,25	100	A	0	0	0	0	0	0	0	0	0	0	0	-1	0	-1	0	
ibbow56	Снаряд	A20437	0	11111	11	0	0	400	0	0	0	0	20	1	1	1	0	55	0	0	0	-1	-1	0	0	0	1,25	100	A	0	0	0	0	0	0	0	0	0	0	0	-1	0	-1	0	
ibbow57	Снаряд	A20438	0	11111	11	0	0	400	0	0	0	0	20	1	1	1	0	56	0	0	0	-1	-1	0	0	0	1,25	100	A	0	0	0	0	0	0	0	0	0	0	0	-1	0	-1	0	
ibbow58	Снаряд	A20439	0	11111	11	0	0	400	0	0	0	0	20	1	1	1	0	57	0	0	0	-1	-1	0	0	0	1,25	100	A	0	0	0	0	0	0	0	0	0	0	0	-1	0	-1	0	
ibbow59	Снаряд	A2043A	0	11111	11	0	0	400	0	0	0	0	20	1	1	1	0	58	0	0	0	-1	-1	0	0	0	1,25	100	A	0	0	0	0	0	0	0	0	0	0	0	-1	0	-1	0	
ibbow60	Снаряд	A2043B	0	11111	11	0	0	400	0	0	0	0	20	1	1	1	0	59	0	0	0	-1	-1	0	0	0	1,25	100	A	0	0	0	0	0	0	0	0	0	0	0	-1	0	-1	0	
ibbow61	Снаряд	A2043C	0	11111	11	0	0	400	0	0	0	0	20	1	1	1	0	60	0	0	0	-1	-1	0	0	0	1,25	100	A	0	0	0	0	0	0	0	0	0	0	0	-1	0	-1	0	
ibbow62	Снаряд	A2043D	0	11111	11	0	0	400	0	0	0	0	20	1	1	1	0	61	0	0	0	-1	-1	0	0	0	1,25	100	A	0	0	0	0	0	0	0	0	0	0	0	-1	0	-1	0	
ibbow63	Снаряд	A2043E	0	11111	11	0	0	400	0	0	0	0	20	1	1	1	0	62	0	0	0	-1	-1	0	0	0	1,25	100	A	0	0	0	0	0	0	0	0	0	0	0	-1	0	-1	0	
ibbow64	Снаряд	A2043F	0	11111	11	0	0	400	0	0	0	0	20	1	1	1	0	63	0	0	0	-1	-1	0	0	0	1,25	100	A	0	0	0	0	0	0	0	0	0	0	0	-1	0	-1	0	
ibbow65	Снаряд	A20440	0	11111	11	0	0	400	0	0	0	0	20	1	1	1	0	64	0	0	0	-1	-1	0	0	0	1,25	100	A	0	0	0	0	0	0	0	0	0	0	0	-1	0	-1	0	
ibbow66	Снаряд	A20441	0	11111	11	0	0	400	0	0	0	0	20	1	1	1	0	65	0	0	0	-1	-1	0	0	0	1,25	100	A	0	0	0	0	0	0	0	0	0	0	0	-1	0	-1	0	
ibbow67	Снаряд	A20442	0	11111	11	0	0	400	0	0	0	0	20	1	1	1	0	66	0	0	0	-1	-1	0	0	0	1,25	100	A	0	0	0	0	0	0	0	0	0	0	0	-1	0	-1	0	
ibbow68	Снаряд	A20443	0	11111	11	0	0	400	0	0	0	0	20	1	1	1	0	67	0	0	0	-1	-1	0	0	0	1,25	100	A	0	0	0	0	0	0	0	0	0	0	0	-1	0	-1	0	
ibbow69	Снаряд	A20444	0	11111	11	0	0	400	0	0	0	0	20	1	1	1	0	68	0	0	0	-1	-1	0	0	0	1,25	100	A	0	0	0	0	0	0	0	0	0	0	0	-1	0	-1	0	
ibbow70	Снаряд	A20445	0	11111	11	0	0	400	0	0	0	0	20	1	1	1	0	69	0	0	0	-1	-1	0	0	0	1,25	100	A	0	0	0	0	0	0	0	0	0	0	0	-1	0	-1	0	
ibbow71	Снаряд	A20446	0	11111	11	0	0	400	0	0	0	0	20	1	1	1	0	70	0	0	0	-1	-1	0	0	0	1,25	100	A	0	0	0	0	0	0	0	0	0	0	0	-1	0	-1	0	
ibbow72	Снаряд	A20447	0	11111	11	0	0	400	0	0	0	0	20	1	1	1	0	71	0	0	0	-1	-1	0	0	0	1,25	100	A	0	0	0	0	0	0	0	0	0	0	0	-1	0	-1	0	
ibbow73	Снаряд	A20448	0	11111	11	0	0	400	0	0	0	0	20	1	1	1	0	72	0	0	0	-1	-1	0	0	0	1,25	100	A	0	0	0	0	0	0	0	0	0	0	0	-1	0	-1	0	
ibbow74	Снаряд	A20449	0	11111	11	0	0	400	0	0	0	0	20	1	1	1	0	73	0	0	0	-1	-1	0	0	0	1,25	100	A	0	0	0	0	0	0	0	0	0	0	0	-1	0	-1	0	
ibbow75	Снаряд	A2044A	0	11111	11	0	0	400	0	0	0	0	20	1	1	1	0	74	0	0	0	-1	-1	0	0	0	1,25	100	A	0	0	0	0	0	0	0	0	0	0	0	-1	0	-1	0	
ibbow76	Снаряд	A2044B	0	11111	11	0	0	400	0	0	0	0	20	1	1	1	0	75	0	0	0	-1	-1	0	0	0	1,25	100	A	0	0	0	0	0	0	0	0	0	0	0	-1	0	-1	0	
ibbow77	Снаряд	A2044C	0	11111	11	0	0	400	0	0	0	0	20	1	1	1	0	76	0	0	0	-1	-1	0	0	0	1,25	100	A	0	0	0	0	0	0	0	0	0	0	0	-1	0	-1	0	
ibbow78	Снаряд	A2044D	0	11111	11	0	0	400	0	0	0	0	20	1	1	1	0	77	0	0	0	-1	-1	0	0	0	1,25	100	A	0	0	0	0	0	0	0	0	0	0	0	-1	0	-1	0	
ibbow79	Снаряд	A2044E	0	11111	11	0	0	400	0	0	0	0	20	1	1	1	0	78	0	0	0	-1	-1	0	0	0	1,25	100	A	0	0	0	0	0	0	0	0	0	0	0	-1	0	-1	0	
ibbow80	Снаряд	A2044F	0	11111	11	0	0	400	0	0	0	0	20	1	1	1	0	79	0	0	0	-1	-1	0	0	0	1,25	100	A	0	0	0	0	0	0	0	0	0	0	0	-1	0	-1	0	
ibbow81	Снаряд	A20450	0	11111	11	0	0	400	0	0	0	0	20	1	1	1	0	80	0	0	0	-1	-1	0	0	0	1,25	100	A	0	0	0	0	0	0	0	0	0	0	0	-1	0	-1	0	
ibbow82	Снаряд	A20451	0	11111	11	0	0	400	0	0	0	0	20	1	1	1	0	81	0	0	0	-1	-1	0	0	0	1,25	100	A	0	0	0	0	0	0	0	0	0	0	0	-1	0	-1	0	
ibbow83	Снаряд	A20452	0	11111	11	0	0	400	0	0	0	0	20	1	1	1	0	82	0	0	0	-1	-1	0	0	0	1,25	100	A	0	0	0	0	0	0	0	0	0	0	0	-1	0	-1	0	
ibbow84	Снаряд	A20453	0	11111	11	0	0	400	0	0	0	0	20	1	1	1	0	83	0	0	0	-1	-1	0	0	0	1,25	100	A	0	0	0	0	0	0	0	0	0	0	0	-1	0	-1	0	
ibbow85	Снаряд	A20454	0	11111	11	0	0	400	0	0	0	0	20	1	1	1	0	84	0	0	0	-1	-1	0	0	0	1,25	100	A	0	0	0	0	0	0	0	0	0	0	0	-1	0	-1	0	
ibbow86	Снаряд	A20455	0	11111	11	0	0	400	0	0	0	0	20	1	1	1	0	85	0	0	0	-1	-1	0	0	0	1,25	100	A	0	0	0	0	0	0	0	0	0	0	0	-1	0	-1	0	
ibbow87	Снаряд	A20456	0	11111	11	0	0	400	0	0	0	0	20	1	1	1	0	86	0	0	0	-1	-1	0	0	0	1,25	100	A	0	0	0	0	0	0	0	0	0	0	0	-1	0	-1	0	
ibbow88	Снаряд	A20457	0	11111	11	0	0	400	0	0	0	0	20	1	1	1	0	87	0	0	0	-1	-1	0	0	0	1,25	100	A	0	0	0	0	0	0	0	0	0	0	0	-1	0	-1	0	
ibbow89	Снаряд	A20458	0	11111	11	0	0	400	0	0	0	0	20	1	1	1	0	88	0	0	0	-1	-1	0	0	0	1,25	100	A	0	0	0	0	0	0	0	0	0	0	0	-1	0	-1	0	
ibbow90	Снаряд	A20459	0	11111	11	0	0	400	0	0	0	0	20	1	1	1	0	89	0	0	0	-1	-1	0	0	0	1,25	100	A	0	0	0	0	0	0	0	0	0	0	0	-1	0	-1	0	
ibbow91	Снаряд	A2045A	0	11111	11	0	0	400	0	0	0	0	20	1	1	1	0	90	0	0	0	-1	-1	0	0	0	1,25	100	A	0	0	0	0	0	0	0	0	0	0	0	-1	0	-1	0	
ibbow92	Снаряд	A2045B	0	11111	11	0	0	400	0	0	0	0	20	1	1	1	0	91	0	0	0	-1	-1	0	0	0	1,25	100	A	0	0	0	0	0	0	0	0	0	0	0	-1	0	-1	0	
ibbow93	Снаряд	A2045C	0	11111	11	0	0	400	0	0	0	0	20	1	1	1	0	92	0	0	0	-1	-1	0	0	0	1,25	100	A	0	0	0	0	0	0	0	0	0	0	0	-1	0	-1	0	
ibbow94	Снаряд	A2045D	0	11111	11	0	0	400	0	0	0	0	20	1	1	1	0	93	0	0	0	-1	-1	0	0	0	1,25	100	A	0	0	0	0	0	0	0	0	0	0	0	-1	0	-1	0	
ibbow95	Снаряд	A2045E	0	11111	11	0	0	400	0	0	0	0	20	1	1	1	0	94	0	0	0	-1	-1	0	0	0	1,25	100	A	0	0	0	0	0	0	0	0	0	0	0	-1	0	-1	0	
ibbow96	Снаряд	A2045F	0	11111	11	0	0	400	0	0	0	0	20	1	1	1	0	95	0	0	0	-1	-1	0	0	0	1,25	100	A	0	0	0	0	0	0	0	0	0	0	0	-1	0	-1	0	
ibbow97	Снаряд	A20460	0	11111	11	0	0	400	0	0	0	0	20	1	1	1	0	96	0	0	0	-1	-1	0	0	0	1,25	100	A	0	0	0	0	0	0	0	0	0	0	0	-1	0	-1	0	
ibbow98	Снаряд	A20461	0	11111	11	0	0	400	0	0	0	0	20	1	1	1	0	97	0	0	0	-1	-1	0	0	0	1,25	100	A	0	0	0	0	0	0	0	0	0	0	0	-1	0	-1	0	
ibbow99	Снаряд	A20462	0	11111	11	0	0	400	0	0	0	0	20	1	1	1	0	98	0	0	0	-1	-1	0	0	0	1,25	100	A	0	0	0	0	0	0	0	0	0	0	0	-1	0	-1	0	
ibbow00	Стрела Новичка	A20463	1	11111	11	0	0	400	0	0	0	0	20	0	1	0	0	99	1	0	0	-1	-1	0	0	0	1	500	ABCD	0	0	0	0	0	0	0	0	0	0	0	-1	0	-1	0	
ibfir01	Магазин	A20364	17	11111	11	0	0	400	0	0	0	0	20	1	1	1	1	100	1	0	0	-1	-1	0	0	0	1	100	E	0	0	0	0	0	0	0	0	0	0	0	-1	0	-1	0	
ibfir02	Циклонный Магазин	A20365	18	11111	11	0	0	400	0	0	0	0	20	1	1	1	1	101	1	0	0	-1	3	0	0	0	1	100	E	0	0	0	0	0	0	0	0	0	0	0	-1	0	-1	0	
ibfir03	Энергомагазин	A20366	19	11111	11	0	0	400	0	0	0	0	20	1	1	1	1	102	1	0	0	-1	-1	0	0	0	1,25	100	H	0	0	0	0	0	0	0	0	0	0	0	-1	0	-1	0	
ibfir04	Лазерный Магазин	A20367	20	11111	11	0	0	400	0	0	0	0	20	1	1	1	1	103	1	0	0	-1	-1	0	0	0	1	100	H	0	0	0	0	0	0	0	0	0	0	0	-1	0	-1	0	
ibfir05	Ленточный Магазин	A20368	21	11111	11	0	0	400	0	0	0	0	20	1	1	1	1	104	1	0	0	-1	-1	0	0	0	1	100	FG	0	0	0	0	0	0	0	0	0	0	0	-1	0	-1	0	
ibfir06	Сланцевый Магазин	A20369	22	11111	11	0	0	500	0	0	0	0	25	1	1	1	1	105	1	0	0	-1	2	0	0	0	1	100	E	0	0	0	0	0	0	0	0	0	0	0	-1	0	-1	0	
ibfir07	Разрывной Магазин	A2036A	23	11111	11	0	0	500	0	0	0	0	25	1	1	1	1	106	1	0	0	-1	0	0	0	0	1	100	E	0	0	0	0	0	0	0	0	0	0	0	-1	0	-1	0	
ibfir08	Ядерная Ракета	42036B	24	00001	11	0	0	2500	0	0	0	0	125	1	1	1	1	107	1	0	0	-1	0	0	0	0	1,25	100	IK	0	0	0	0	0	0	0	0	0	0	0	-1	0	-1	0	
ibfir09	Магнитная Ракета	42036C	25	00001	11	0	0	2500	0	0	0	0	125	1	1	1	1	108	1	0	0	-1	3	0	0	0	1,25	100	IK	0	0	0	0	0	0	0	0	0	0	0	-1	0	-1	0	
ibfir10	Напалмовая Ракета	42036D	26	00001	11	0	0	2500	0	0	0	0	125	1	1	1	1	109	1	0	0	-1	0	0	0	0	1,25	100	IK	0	0	0	0	0	0	0	0	0	0	0	-1	0	-1	0	
ibfir11	Токсичная Ракета	42036E	27	00001	11	0	0	2500	0	0	0	0	125	1	1	1	1	110	1	0	0	-1	2	0	0	0	1,25	100	IK	0	0	0	0	0	0	0	0	0	0	0	-1	0	-1	0	
ibfir12	Циклонная Ракета	42036F	28	00001	11	0	0	2500	0	0	0	0	125	1	1	1	1	111	1	0	0	-1	1	0	0	0	1,25	100	IK	0	0	0	0	0	0	0	0	0	0	0	-1	0	-1	0	
ibfir13	Световая Ракета	420370	29	00001	11	0	0	2000	0	0	0	0	100	1	1	1	1	112	1	0	0	-1	0	0	0	0	1,25	100	IK	0	0	0	0	0	0	0	0	0	0	0	-1	0	-1	0	
ibfir14	Огненная Ракета	420371	30	00001	11	0	0	2000	0	0	0	0	100	1	1	1	1	113	1	0	0	-1	0	0	0	0	1,25	100	IK	0	0	0	0	0	0	0	0	0	0	0	-1	0	-1	0	
ibfir15	Жидкое Топливо	420372	31	00001	11	0	0	2500	0	0	0	0	125	1	1	1	1	114	1	0	0	-1	0	0	0	0	1,25	100	J	0	0	0	0	0	0	0	0	0	0	0	-1	0	-1	0	
ibfir16	Керамитовая Ракета	420373	32	00001	11	0	0	2000	0	0	0	0	100	1	1	1	1	115	1	0	0	-1	-1	0	0	0	1,25	100	IK	0	0	0	0	0	0	0	0	0	0	0	-1	0	-1	0	
ibfir17	Цинк Магазинов	A20374	17	11111	11	0	0	2000	0	0	0	0	100	1	1	1	1	116	1	0	0	-1	-1	0	0	0	1	500	E	0	0	0	0	0	0	0	0	0	0	0	-1	0	-1	0	
ibfir18	Цинк Циклонных Магазинов	A20375	18	11111	11	0	0	2000	0	0	0	0	100	1	1	1	1	117	1	0	0	-1	3	0	0	0	1	500	E	0	0	0	0	0	0	0	0	0	0	0	-1	0	-1	0	
ibfir19	Заряженный Энергомагазин	A20376	19	11111	11	0	0	2000	0	0	0	0	100	1	1	1	1	118	1	0	0	-1	-1	0	0	0	1,25	500	H	0	0	0	0	0	0	0	0	0	0	0	-1	0	-1	0	
ibfir20	Заряженный Лазерный Магазин	A20377	20	11111	11	0	0	2000	0	0	0	0	100	1	1	1	1	119	1	0	0	-1	-1	0	0	0	1	500	H	0	0	0	0	0	0	0	0	0	0	0	-1	0	-1	0	
ibfir21	Цинк Ленточных Магазинов	A20378	21	11111	11	0	0	2000	0	0	0	0	100	1	1	1	1	120	1	0	0	-1	-1	0	0	0	1	500	FG	0	0	0	0	0	0	0	0	0	0	0	-1	0	-1	0	
ibfir22	Цинк Сланцевых Магазинов	A20379	22	11111	11	0	0	2000	0	0	0	0	100	1	1	1	1	121	1	0	0	-1	2	0	0	0	1	500	E	0	0	0	0	0	0	0	0	0	0	0	-1	0	-1	0	
ibfir23	Цинк Разрывных Магазинов	A2037A	23	11111	11	0	0	2500	0	0	0	0	125	1	1	1	1	122	1	0	0	-1	0	0	0	0	1	500	E	0	0	0	0	0	0	0	0	0	0	0	-1	0	-1	0	
ibfir24	Блок Ядерных Ракет	42037B	24	00001	11	0	0	12500	0	0	0	0	625	1	1	1	1	123	1	0	0	-1	0	0	0	0	1,25	500	IK	0	0	0	0	0	0	0	0	0	0	0	-1	0	-1	0	
ibfir25	Блок Магнитных Ракет	42037C	25	00001	11	0	0	12500	0	0	0	0	625	1	1	1	1	124	1	0	0	-1	3	0	0	0	1,25	500	IK	0	0	0	0	0	0	0	0	0	0	0	-1	0	-1	0	
ibfir26	Блок Гибридных Ракет	42037D	26	00001	11	0	0	12500	0	0	0	0	625	1	1	1	1	125	1	0	0	-1	0	0	0	0	1,25	500	IK	0	0	0	0	0	0	0	0	0	0	0	-1	0	-1	0	
ibfir27	Блок Токсичных Ракет	42037E	27	00001	11	0	0	12500	0	0	0	0	625	1	1	1	1	126	1	0	0	-1	2	0	0	0	1,25	500	IK	0	0	0	0	0	0	0	0	0	0	0	-1	0	-1	0	
ibfir28	Блок Ураганных Ракет	42037F	28	00001	11	0	0	12500	0	0	0	0	625	1	1	1	1	127	1	0	0	-1	1	0	0	0	1,25	500	IK	0	0	0	0	0	0	0	0	0	0	0	-1	0	-1	0	
ibfir29	Блок Световых Ракет	420380	29	00001	11	0	0	10000	0	0	0	0	500	1	1	1	1	128	1	0	0	-1	0	0	0	0	1,25	500	IK	0	0	0	0	0	0	0	0	0	0	0	-1	0	-1	0	
ibfir30	Блок Самонаводящихся Ракет	420381	30	00001	11	0	0	10000	0	0	0	0	500	1	1	1	1	129	1	0	0	-1	0	0	0	0	1,25	500	IK	0	0	0	0	0	0	0	0	0	0	0	-1	0	-1	0	
ibfir31	Баллон Жидкого Топлива	420382	31	00001	11	0	0	12500	0	0	0	0	625	1	1	1	1	130	1	0	0	-1	0	0	0	0	1,25	500	J	0	0	0	0	0	0	0	0	0	0	0	-1	0	-1	0	
ibfir32	Блок Керамитовых Ракет	420383	32	00001	11	0	0	10000	0	0	0	0	500	1	1	1	1	131	1	0	0	-1	-1	0	0	0	1,25	500	IK	0	0	0	0	0	0	0	0	0	0	0	-1	0	-1	0	
ibfir33	Ящик Магазинов	A20384	17	11111	11	0	0	120000	0	0	0	0	6000	1	1	1	0	132	1	0	0	-1	-1	0	0	0	1	30000	E	0	0	0	0	0	0	0	0	0	0	0	-1	0	-1	0	
ibfir34	Ящик Циклонных Магазинов	A20385	18	11111	11	0	0	100794	0	0	0	0	5039	1	1	1	0	133	1	0	0	-1	3	0	0	0	1	30000	E	0	0	0	0	0	0	0	0	0	0	0	-1	0	-1	0	
ibfir35	Насыщенный Энергомагазин	A20386	19	11111	11	0	0	100794	0	0	0	0	5039	1	1	1	0	134	1	0	0	-1	-1	0	0	0	1,25	30000	H	0	0	0	0	0	0	0	0	0	0	0	-1	0	-1	0	
ibfir36	Насыщенный Лазерный Магазин	A20387	20	11111	11	0	0	120000	0	0	0	0	6000	1	1	1	0	135	1	0	0	-1	-1	0	0	0	1	30000	H	0	0	0	0	0	0	0	0	0	0	0	-1	0	-1	0	
ibfir37	Ящик Ленточных Магазинов	A20388	21	11111	11	0	0	120000	0	0	0	0	6000	1	1	1	0	136	1	0	0	-1	-1	0	0	0	1	30000	FG	0	0	0	0	0	0	0	0	0	0	0	-1	0	-1	0	
ibfir38	Ящик Сланцевых Магазинов	A20389	22	11111	11	0	0	103175	0	0	0	0	5158	1	1	1	0	137	1	0	1	-1	2	0	0	0	1	30000	E	0	0	0	0	0	0	0	0	0	0	0	-1	0	-1	0	
ibfir39	Ящик Разрывных Магазинов	A2038A	23	11111	11	0	0	103175	0	0	0	0	5158	1	1	1	0	138	1	0	0	-1	0	0	0	0	1	30000	E	0	0	0	0	0	0	0	0	0	0	0	-1	0	-1	0	
ibfir40	Контейнер Ядерных Ракет	42038B	24	00001	11	0	0	150000	0	0	0	0	7499	1	1	1	0	139	1	0	0	-1	0	0	0	0	1,25	30000	IK	0	0	0	0	0	0	0	0	0	0	0	-1	0	-1	0	
ibfir41	Контейнер Магнитных Ракет	42038C	25	00001	11	0	0	150000	0	0	0	0	7499	1	1	1	0	140	1	0	0	-1	3	0	0	0	1,25	30000	IK	0	0	0	0	0	0	0	0	0	0	0	-1	0	-1	0	
ibfir42	Контейнер Гибридных Ракет	42038D	26	00001	11	0	0	150000	0	0	0	0	7499	1	1	1	0	141	1	0	0	-1	0	0	0	0	1,25	30000	IK	0	0	0	0	0	0	0	0	0	0	0	-1	0	-1	0	
ibfir43	Контейнер Токсичных Ракет	42038E	27	00001	11	0	0	150000	0	0	0	0	7499	1	1	1	0	142	1	0	0	-1	2	0	0	0	1,25	30000	IK	0	0	0	0	0	0	0	0	0	0	0	-1	0	-1	0	
ibfir44	Контейнер Ураганных Ракет	42038F	28	00001	11	0	0	150000	0	0	0	0	7499	1	1	1	0	143	1	0	0	-1	1	0	0	0	1,25	30000	IK	0	0	0	0	0	0	0	0	0	0	0	-1	0	-1	0	
ibfir45	Контейнер Световых Ракет	420390	29	00001	11	0	0	138095	0	0	0	0	6904	1	1	1	0	144	1	0	0	-1	0	0	0	0	1,25	30000	IK	0	0	0	0	0	0	0	0	0	0	0	-1	0	-1	0	
ibfir46	Контейнер Самонаводящихся Ракет	420391	30	00001	11	0	0	138095	0	0	0	0	6904	1	1	1	0	145	1	0	0	-1	0	0	0	0	1,25	30000	IK	0	0	0	0	0	0	0	0	0	0	0	-1	0	-1	0	
ibfir47	Танк Жидкого Топлива	420392	31	00001	11	0	0	145238	0	0	0	0	7261	1	1	1	0	146	1	0	0	-1	0	0	0	0	1,25	30000	J	0	0	0	0	0	0	0	0	0	0	0	-1	0	-1	0	
ibfir48	Контейнер Керамитовых Ракет	420393	32	00001	11	0	0	138095	0	0	0	0	6904	1	1	1	0	147	1	0	0	-1	-1	0	0	0	1,25	30000	IK	0	0	0	0	0	0	0	0	0	0	0	-1	0	-1	0	
ibfir49	Снаряд	A20394	0	11111	11	0	0	400	0	0	0	0	20	1	1	1	0	148	1	0	0	-1	-1	0	0	0	1,25	100	A	0	0	0	0	0	0	0	0	0	0	0	-1	0	-1	0	
ibfir50	Снаряд	A20395	0	11111	11	0	0	400	0	0	0	0	20	1	1	1	0	149	1	0	0	-1	-1	0	0	0	1,25	100	A	0	0	0	0	0	0	0	0	0	0	0	-1	0	-1	0	
ibfir51	Кислотная Граната	420396	33	00001	11	0	0	400	0	0	0	0	20	1	1	1	1	150	1	0	0	-1	-1	0	0	0	1	100	LMNO	0	0	0	0	0	0	0	0	0	0	0	1	0	-1	0	
ibfir52	Вакуумная Граната	420397	34	00001	11	0	0	400	0	0	0	0	20	1	1	1	1	151	1	0	0	-1	-1	0	0	0	1	100	LMNO	0	0	0	0	0	0	0	0	0	0	0	2	0	-1	0	
ibfir53	Дымовая Граната	420398	35	00001	11	0	0	400	0	0	0	0	20	1	1	1	1	152	1	0	0	-1	-1	0	0	0	1	100	LMNO	0	0	0	0	0	0	0	0	0	0	0	3	0	-1	0	
ibfir54	Шоковая Граната	420399	36	00001	11	0	0	400	0	0	0	0	20	1	1	1	1	153	1	0	0	-1	-1	0	0	0	1	100	LMNO	0	0	0	0	0	0	0	0	0	0	0	4	0	-1	0	
ibfir55	Ментальная Граната	42039A	37	00001	11	0	0	1000	0	0	0	0	50	1	1	1	1	154	1	0	0	-1	-1	0	0	0	1	100	MNO	0	0	0	0	0	0	0	0	0	0	0	5	0	-1	0	
ibfir56	Оглушающая Граната	42039B	38	00001	11	0	0	1000	0	0	0	0	50	1	1	1	1	155	1	0	0	-1	-1	0	0	0	1	100	MNO	0	0	0	0	0	0	0	0	0	0	0	6	0	-1	0	
ibfir57	Разъедающая Граната	42039C	39	00001	11	0	0	1000	0	0	0	0	50	1	1	1	1	156	1	0	0	-1	-1	0	0	0	1	100	MNO	0	0	0	0	0	0	0	0	0	0	0	7	0	-1	0	
ibfir58	Ослабляющая Граната	42039D	40	00001	11	0	0	1000	0	0	0	0	50	1	1	1	1	157	1	0	0	-1	-1	0	0	0	1	100	MNO	0	0	0	0	0	0	0	0	0	0	0	8	0	-1	0	
ibfir59	Паралитическая Граната	42039E	41	00001	11	0	0	3000	0	0	0	0	150	1	1	1	1	158	1	0	0	-1	-1	0	0	0	1	100	NO	0	0	0	0	0	0	0	0	0	0	0	9	0	-1	0	
ibfir60	Стихийная Граната	42039F	42	00001	11	0	0	3000	0	0	0	0	150	1	1	1	1	159	1	0	0	-1	-1	0	0	0	1	100	NO	0	0	0	0	0	0	0	0	0	0	0	A	0	-1	0	
ibfir61	Антимагическая Граната	4203A0	43	00001	11	0	0	3000	0	0	0	0	150	1	1	1	1	160	1	0	0	-1	-1	0	0	0	1	100	NO	0	0	0	0	0	0	0	0	0	0	0	B	0	-1	0	
ibfir62	Волновая Граната	4203A1	44	00001	11	0	0	3000	0	0	0	0	150	1	1	1	1	161	1	0	0	-1	-1	0	0	0	1	100	NO	0	0	0	0	0	0	0	0	0	0	0	C	0	-1	0	
ibfir63	Ослепляющая Граната	4203A2	45	00001	11	0	0	5000	0	0	0	0	250	1	1	1	1	162	1	0	0	-1	-1	0	0	0	1	100	O	0	0	0	0	0	0	0	0	0	0	0	D	0	-1	0	
ibfir64	Паутинная Граната	4203A3	46	00001	11	0	0	5000	0	0	0	0	250	1	1	1	1	163	1	0	0	-1	-1	0	0	0	1	100	O	0	0	0	0	0	0	0	0	0	0	0	E	0	-1	0	
ibfir65	Вирусная Граната	4203A4	47	00001	11	0	0	5000	0	0	0	0	250	1	1	1	1	164	1	0	0	-1	-1	0	0	0	1	100	O	0	0	0	0	0	0	0	0	0	0	0	F	0	-1	0	
ibfir66	Псионическая Граната	4203A5	48	00001	11	0	0	5000	0	0	0	0	250	1	1	1	1	165	1	0	0	-1	-1	0	0	0	1	100	O	0	0	0	0	0	0	0	0	0	0	0	10	0	-1	0	
ibfir67	Коробчатый Магазин	A203A6	49	11111	11	0	0	500	0	0	0	0	25	1	1	1	1	166	1	0	0	-1	-1	0	0	0	1,149999976	100	FG	0	0	0	0	0	0	0	0	0	0	0	-1	0	-1	0	
ibfir68	Цинк Коробчатых Магазинов	A203A7	49	11111	11	0	0	2500	0	0	0	0	125	1	1	1	1	167	1	0	0	-1	-1	0	0	0	1,149999976	500	FG	0	0	0	0	0	0	0	0	0	0	0	-1	0	-1	0	
ibfir69	Ледяное Топливо	4203A8	50	00001	11	0	0	2500	0	0	0	0	125	1	1	1	1	168	1	0	0	-1	1	0	0	0	1,25	100	J	0	0	0	0	0	0	0	0	0	0	0	-1	0	-1	0	
ibfir70	Баллон Ледяного Топлива	4203A9	50	00001	11	0	0	12500	0	0	0	0	625	1	1	1	1	169	1	0	0	-1	1	0	0	0	1,25	500	J	0	0	0	0	0	0	0	0	0	0	0	-1	0	-1	0	
ibfir71	Танк Ледяного Топлива	4203AA	50	00001	11	0	0	150000	0	0	0	0	7499	1	1	1	0	170	1	0	0	-1	1	0	0	0	1,25	30000	J	0	0	0	0	0	0	0	0	0	0	0	-1	0	-1	0	
ibfir72	Сланцевое Топливо	4203AB	51	00001	11	0	0	2500	0	0	0	0	125	1	1	1	1	171	1	0	0	-1	2	0	0	0	1,25	100	J	0	0	0	0	0	0	0	0	0	0	0	-1	0	-1	0	
ibfir73	Баллон Сланцевого Топлива	4203AC	51	00001	11	0	0	12500	0	0	0	0	625	1	1	1	1	172	1	0	0	-1	2	0	0	0	1,25	500	J	0	0	0	0	0	0	0	0	0	0	0	-1	0	-1	0	
ibfir74	Танк Сланцевого Топлива	4203AD	51	00001	11	0	0	150000	0	0	0	0	7499	1	1	1	0	173	1	0	0	-1	2	0	0	0	1,25	30000	J	0	0	0	0	0	0	0	0	0	0	0	-1	0	-1	0	
ibfir75	Летучее Топливо	4203AE	52	00001	11	0	0	2500	0	0	0	0	125	1	1	1	1	174	1	0	0	-1	3	0	0	0	1,25	100	J	0	0	0	0	0	0	0	0	0	0	0	-1	0	-1	0	
ibfir76	Баллон Летучего Топлива	4203AF	52	00001	11	0	0	12500	0	0	0	0	625	1	1	1	1	175	1	0	0	-1	3	0	0	0	1,25	500	J	0	0	0	0	0	0	0	0	0	0	0	-1	0	-1	0	
ibfir77	Танк Летучего Топлива	4203B0	52	00001	11	0	0	150000	0	0	0	0	7499	1	1	1	0	176	1	0	0	-1	3	0	0	0	1,25	30000	J	0	0	0	0	0	0	0	0	0	0	0	-1	0	-1	0	
ibfir78	Фрионный Магазин	A203B1	53	11111	11	0	0	400	0	0	0	0	20	1	1	1	1	177	1	0	0	-1	1	0	0	0	1	100	E	0	0	0	0	0	0	0	0	0	0	0	-1	0	-1	0	
ibfir79	Цинк Фрионных Магазинов	A203B2	53	11111	11	0	0	2000	0	0	0	0	100	1	1	1	1	178	1	0	0	-1	1	0	0	0	1	500	E	0	0	0	0	0	0	0	0	0	0	0	-1	0	-1	0	
ibfir80	Ящик Фрионных Магазинов	A203B3	53	11111	11	0	0	100794	0	0	0	0	5039	1	1	1	0	179	1	0	0	-1	1	0	0	0	1	30000	E	0	0	0	0	0	0	0	0	0	0	0	-1	0	-1	0	
ibfir81	Очищающая Граната	A203B3	54	00001	11	0	0	800	0	0	0	0	40	1	1	1	1	180	1	0	0	-1	-1	0	0	0	1	100	LMNO	0	0	0	0	0	0	0	0	0	0	0	13	0	-1	0	
ibfir82	Восстанавливающая Граната	A203B3	55	00001	11	0	0	5000	0	0	0	0	250	1	1	1	1	181	1	0	0	-1	-1	0	0	0	1	100	MNO	0	0	0	0	0	0	0	0	0	0	0	14	0	-1	0	
ibfir83	Снаряд	A203B6	0	11111	11	0	0	400	0	0	0	0	20	1	1	1	0	182	0	0	0	-1	-1	0	0	0	1,25	100	A	0	0	0	0	0	0	0	0	0	0	0	-1	0	-1	0	
ibfir84	Снаряд	A203B7	0	11111	11	0	0	400	0	0	0	0	20	1	1	1	0	183	0	0	0	-1	-1	0	0	0	1,25	100	A	0	0	0	0	0	0	0	0	0	0	0	-1	0	-1	0	
ibfir85	Снаряд	A203B8	0	11111	11	0	0	400	0	0	0	0	20	1	1	1	0	184	0	0	0	-1	-1	0	0	0	1,25	100	A	0	0	0	0	0	0	0	0	0	0	0	-1	0	-1	0	
ibfir86	Снаряд	A203B9	0	11111	11	0	0	400	0	0	0	0	20	1	1	1	0	185	0	0	0	-1	-1	0	0	0	1,25	100	A	0	0	0	0	0	0	0	0	0	0	0	-1	0	-1	0	
ibfir87	Снаряд	A203BA	0	11111	11	0	0	400	0	0	0	0	20	1	1	1	0	186	0	0	0	-1	-1	0	0	0	1,25	100	A	0	0	0	0	0	0	0	0	0	0	0	-1	0	-1	0	
ibfir88	Снаряд	A203BB	0	11111	11	0	0	400	0	0	0	0	20	1	1	1	0	187	0	0	0	-1	-1	0	0	0	1,25	100	A	0	0	0	0	0	0	0	0	0	0	0	-1	0	-1	0	
ibfir89	Снаряд	A203BC	0	11111	11	0	0	400	0	0	0	0	20	1	1	1	0	188	0	0	0	-1	-1	0	0	0	1,25	100	A	0	0	0	0	0	0	0	0	0	0	0	-1	0	-1	0	
ibfir90	Снаряд	A203BD	0	11111	11	0	0	400	0	0	0	0	20	1	1	1	0	189	0	0	0	-1	-1	0	0	0	1,25	100	A	0	0	0	0	0	0	0	0	0	0	0	-1	0	-1	0	
ibfir91	Снаряд	A203BE	0	11111	11	0	0	400	0	0	0	0	20	1	1	1	0	190	0	0	0	-1	-1	0	0	0	1,25	100	A	0	0	0	0	0	0	0	0	0	0	0	-1	0	-1	0	
ibfir92	Снаряд	A203BF	0	11111	11	0	0	400	0	0	0	0	20	1	1	1	0	191	0	0	0	-1	-1	0	0	0	1,25	100	A	0	0	0	0	0	0	0	0	0	0	0	-1	0	-1	0	
ibfir93	Снаряд	A203C0	0	11111	11	0	0	400	0	0	0	0	20	1	1	1	0	192	0	0	0	-1	-1	0	0	0	1,25	100	A	0	0	0	0	0	0	0	0	0	0	0	-1	0	-1	0	
ibfir94	Снаряд	A203C1	0	11111	11	0	0	400	0	0	0	0	20	1	1	1	0	193	0	0	0	-1	-1	0	0	0	1,25	100	A	0	0	0	0	0	0	0	0	0	0	0	-1	0	-1	0	
ibfir95	Снаряд	A203C2	0	11111	11	0	0	400	0	0	0	0	20	1	1	1	0	194	0	0	0	-1	-1	0	0	0	1,25	100	A	0	0	0	0	0	0	0	0	0	0	0	-1	0	-1	0	
ibfir96	Снаряд	A203C3	0	11111	11	0	0	400	0	0	0	0	20	1	1	1	0	195	0	0	0	-1	-1	0	0	0	1,25	100	A	0	0	0	0	0	0	0	0	0	0	0	-1	0	-1	0	
ibfir97	Снаряд	A203C4	0	11111	11	0	0	400	0	0	0	0	20	1	1	1	0	196	0	0	0	-1	-1	0	0	0	1,25	100	A	0	0	0	0	0	0	0	0	0	0	0	-1	0	-1	0	
ibfir98	Снаряд	A203C5	0	11111	11	0	0	400	0	0	0	0	20	1	1	1	0	197	0	0	0	-1	-1	0	0	0	1,25	100	A	0	0	0	0	0	0	0	0	0	0	0	-1	0	-1	0	
ibfir99	Снаряд	A203C6	0	11111	11	0	0	400	0	0	0	0	20	1	1	1	0	198	0	0	0	-1	-1	0	0	0	1,25	100	A	0	0	0	0	0	0	0	0	0	0	0	-1	0	-1	0	
ibfir00	Магазин Новичка	A20364	17	11111	11	0	0	10	0	0	0	0	0	0	1	0	0	199	0	0	0	-1	-1	0	0	0	1	500	EFGH	0	0	0	0	0	0	0	0	0	0	0	-1	0	-1	0	
ibxxx00	Тренировочный Боеприпас	A20364	17	11111	11	0	0	10	0	0	0	0	0	0	1	0	0	200	0	0	0	-1	-1	0	0	0	1	1	EFGH	0	0	0	0	0	0	0	0	0	0	0	-1	0	-1	0	
ibxxx01	Тренировочный Боеприпас	A20364	17	11111	11	0	0	10	0	0	0	0	0	0	1	0	0	201	1	0	0	-1	-1	0	0	0	1	30000	EFGH	0	0	0	0	0	0	0	0	0	0	0	-1	0	-1	0	
ibxxx02	Тренировочные Стрелы	A20400	1	11111	11	0	0	10	0	0	0	0	0	0	1	0	0	202	0	0	0	-1	-1	0	0	0	1	1	ABCD	0	0	0	0	0	0	0	0	0	0	0	-1	0	-1	0	
ibxxx03	Тренировочные Стрелы	A20400	1	11111	11	0	0	10	0	0	0	0	0	0	1	0	0	203	1	0	0	-1	-1	0	0	0	1	30000	ABCD	0	0	0	0	0	0	0	0	0	0	0	-1	0	-1	0	
ibdbr01	Стрела	A204CC	1	11111	11	0	0	100	0	0	0	0	100	1	1	1	1	204	1	0	0	-1	-1	0	0	0	1	3000	A	0	0	0	0	0	0	0	0	0	0	0	-1	0	-1	0	
ibdbr02	Огненная Стрела	A204CD	2	11111	11	0	0	100	0	0	0	0	100	1	1	1	1	205	1	0	0	-1	0	0	0	0	1	3000	A	0	0	0	0	0	0	0	0	0	0	0	-1	0	-1	0	
ibdbr03	Ледяная Стрела	A204CE	3	11111	11	0	0	100	0	0	0	0	100	1	1	1	1	206	1	0	0	-1	1	0	0	0	1	3000	A	0	0	0	0	0	0	0	0	0	0	0	-1	0	-1	0	
ibdbr04	Отравленная Стрела	A204CF	4	11111	11	0	0	100	0	0	0	0	100	1	1	1	1	207	1	0	0	-1	2	0	0	0	1	3000	A	0	0	0	0	0	0	0	0	0	0	0	-1	0	-1	0	
ibdbr05	Искусственная Стрела	A204D0	6	11111	11	0	0	100	0	0	0	0	100	1	1	1	1	208	1	0	0	-1	3	0	0	0	1	3000	A	0	0	0	0	0	0	0	0	0	0	0	-1	0	-1	0	
ibdbr06	Разрывная Стрела	A204D1	7	11111	11	0	0	100	0	0	0	0	100	1	1	1	1	209	1	0	0	-1	0	0	0	0	1	3000	A	0	0	0	0	0	0	0	0	0	0	0	-1	0	-1	0	
ibdbr07	Болт	A204D2	8	11111	11	0	0	100	0	0	0	0	100	1	1	1	1	210	1	0	0	-1	-1	0	0	0	1	3000	B	0	0	0	0	0	0	0	0	0	0	0	-1	0	-1	0	
ibdbr08	Огненный Болт	A204D3	9	11111	11	0	0	100	0	0	0	0	100	1	1	1	1	211	1	0	0	-1	0	0	0	0	1	3000	B	0	0	0	0	0	0	0	0	0	0	0	-1	0	-1	0	
ibdbr09	Ледяной Болт	A204D4	10	11111	11	0	0	100	0	0	0	0	100	1	1	1	1	212	1	0	0	-1	1	0	0	0	1	3000	B	0	0	0	0	0	0	0	0	0	0	0	-1	0	-1	0	
ibdbr10	Отравленный Болт	A204D5	11	11111	11	0	0	100	0	0	0	0	100	1	1	1	1	213	1	0	0	-1	2	0	0	0	1	3000	B	0	0	0	0	0	0	0	0	0	0	0	-1	0	-1	0	
ibdbr11	Искусственный Болт	A204D6	13	11111	11	0	0	100	0	0	0	0	100	1	1	1	1	214	1	0	0	-1	3	0	0	0	1	3000	B	0	0	0	0	0	0	0	0	0	0	0	-1	0	-1	0	
ibdbr12	Разрывной Болт	A204D7	14	11111	11	0	0	100	0	0	0	0	100	1	1	1	1	215	1	0	0	-1	0	0	0	0	1	3000	B	0	0	0	0	0	0	0	0	0	0	0	-1	0	-1	0	
ibdbr13	Энергетический Элемент	A204D8	15	11111	11	0	0	100	0	0	0	0	100	1	1	1	1	216	1	0	0	-1	-1	0	0	0	1	3000	CD	0	0	0	0	0	0	0	0	0	0	0	-1	0	-1	0	
ibdbr14	Усовершенствованный Энергетический Элемент	A204D9	16	11111	11	0	0	100	0	0	0	0	100	1	1	1	1	217	1	0	0	-1	-1	0	0	0	1,25	3000	CD	0	0	0	0	0	0	0	0	0	0	0	-1	0	-1	0	
ibdbr15	Боеприпас	A203DA	17	11111	11	0	0	100	0	0	0	0	100	1	1	1	1	218	1	0	0	-1	-1	0	0	0	1	3000	E	0	0	0	0	0	0	0	0	0	0	0	-1	0	-1	0	
ibdbr16	Искусственный Боеприпас	A203DB	18	11111	11	0	0	100	0	0	0	0	100	1	1	1	1	219	1	0	0	-1	3	0	0	0	1	3000	E	0	0	0	0	0	0	0	0	0	0	0	-1	0	-1	0	
ibdbr17	Энергетический Боеприпас	A203DC	19	11111	11	0	0	100	0	0	0	0	100	1	1	1	1	220	1	0	0	-1	-1	0	0	0	1,25	3000	H	0	0	0	0	0	0	0	0	0	0	0	-1	0	-1	0	
ibdbr18	Лазерный Боеприпас	A203DD	20	11111	11	0	0	100	0	0	0	0	100	1	1	1	1	221	1	0	0	-1	-1	0	0	0	1	3000	H	0	0	0	0	0	0	0	0	0	0	0	-1	0	-1	0	
ibdbr19	Боеприпас Вулкана	A203DE	21	11111	11	0	0	100	0	0	0	0	100	1	1	1	1	222	1	0	0	-1	-1	0	0	0	1	3000	FG	0	0	0	0	0	0	0	0	0	0	0	-1	0	-1	0	
ibdbr20	Отравляющий Боеприпас	A203EF	22	11111	11	0	0	100	0	0	0	0	100	1	1	1	1	223	1	0	0	-1	2	0	0	0	1	3000	E	0	0	0	0	0	0	0	0	0	0	0	-1	0	-1	0	
ibdbr21	Разрывной Боеприпас	A203E0	23	11111	11	0	0	100	0	0	0	0	100	1	1	1	1	224	1	0	0	-1	0	0	0	0	1	3000	E	0	0	0	0	0	0	0	0	0	0	0	-1	0	-1	0	
ibdbr22	Ядерная Ракета	4203E1	24	00001	11	0	0	100	0	0	0	0	100	1	1	1	1	225	1	0	0	-1	0	0	0	0	1,25	3000	IK	0	0	0	0	0	0	0	0	0	0	0	-1	0	-1	0	
ibdbr23	Магнитная Ракета	4203E2	25	00001	11	0	0	100	0	0	0	0	100	1	1	1	1	226	1	0	0	-1	3	0	0	0	1,25	3000	IK	0	0	0	0	0	0	0	0	0	0	0	-1	0	-1	0	
ibdbr24	Гибридная Ракета	4203E3	26	00001	11	0	0	100	0	0	0	0	100	1	1	1	1	227	1	0	0	-1	0	0	0	0	1,25	3000	IK	0	0	0	0	0	0	0	0	0	0	0	-1	0	-1	0	
ibdbr25	Токсичная Ракета	4203E4	27	00001	11	0	0	100	0	0	0	0	100	1	1	1	1	228	1	0	0	-1	2	0	0	0	1,25	3000	IK	0	0	0	0	0	0	0	0	0	0	0	-1	0	-1	0	
ibdbr26	Ураганная Ракета	4203E5	28	00001	11	0	0	100	0	0	0	0	100	1	1	1	1	229	1	0	0	-1	1	0	0	0	1,25	3000	IK	0	0	0	0	0	0	0	0	0	0	0	-1	0	-1	0	
ibdbr27	Световая Ракета	4203E6	29	00001	11	0	0	100	0	0	0	0	100	1	1	1	1	230	1	0	0	-1	0	0	0	0	1,25	3000	IK	0	0	0	0	0	0	0	0	0	0	0	-1	0	-1	0	
ibdbr28	Самонаводящаяся Ракета	4203E7	30	00001	11	0	0	100	0	0	0	0	100	1	1	1	1	231	1	0	0	-1	0	0	0	0	1,25	3000	IK	0	0	0	0	0	0	0	0	0	0	0	-1	0	-1	0	
ibdbr29	Прожигающее Жидкое Топливо	4203E8	31	00001	11	0	0	100	0	0	0	0	100	1	1	1	1	232	1	0	0	-1	0	0	0	0	1,25	3000	J	0	0	0	0	0	0	0	0	0	0	0	-1	0	-1	0	
ibdbr30	Ракета с Керамитовым Наконечником	4203E9	32	00001	11	0	0	100	0	0	0	0	100	1	1	1	1	233	1	0	0	-1	-1	0	0	0	1,25	3000	IK	0	0	0	0	0	0	0	0	0	0	0	-1	0	-1	0	
ibdbr31	Кислотная Граната	4203EA	33	00001	11	0	0	100	0	0	0	0	100	1	1	1	1	234	1	0	0	-1	-1	0	0	0	1	3000	LMNO	0	0	0	0	0	0	0	0	0	0	0	1	0	-1	0	
ibdbr32	Вакуумная Граната	4203EB	34	00001	11	0	0	100	0	0	0	0	100	1	1	1	1	235	1	0	0	-1	-1	0	0	0	1	3000	LMNO	0	0	0	0	0	0	0	0	0	0	0	2	0	-1	0	
ibdbr33	Дымовая Граната	4203EC	35	00001	11	0	0	100	0	0	0	0	100	1	1	1	1	236	1	0	0	-1	-1	0	0	0	1	3000	LMNO	0	0	0	0	0	0	0	0	0	0	0	3	0	-1	0	
ibdbr34	Шоковая Граната	4203ED	36	00001	11	0	0	100	0	0	0	0	100	1	1	1	1	237	1	0	0	-1	-1	0	0	0	1	3000	LMNO	0	0	0	0	0	0	0	0	0	0	0	4	0	-1	0	
ibdbr35	Ментальный Шип	4203EE	37	00001	11	0	0	100	0	0	0	0	100	1	1	1	1	238	1	0	0	-1	-1	0	0	0	1	3000	MNO	0	0	0	0	0	0	0	0	0	0	0	5	0	-1	0	
ibdbr36	Оглушающая Граната	4203EF	38	00001	11	0	0	100	0	0	0	0	100	1	1	1	1	239	1	0	0	-1	-1	0	0	0	1	3000	MNO	0	0	0	0	0	0	0	0	0	0	0	6	0	-1	0	
ibdbr37	Кислотный Дождь	4203F0	39	00001	11	0	0	100	0	0	0	0	100	1	1	1	1	240	1	0	0	-1	-1	0	0	0	1	3000	MNO	0	0	0	0	0	0	0	0	0	0	0	7	0	-1	0	
ibdbr38	Ослабляющий Силу	4203F1	40	00001	11	0	0	100	0	0	0	0	100	1	1	1	1	241	1	0	0	-1	-1	0	0	0	1	3000	MNO	0	0	0	0	0	0	0	0	0	0	0	8	0	-1	0	
ibdbr39	Паралитический Газ	4203F2	41	00001	11	0	0	100	0	0	0	0	100	1	1	1	1	242	1	0	0	-1	-1	0	0	0	1	3000	NO	0	0	0	0	0	0	0	0	0	0	0	9	0	-1	0	
ibdbr40	Ослабляющий Сопротивление	4203F3	42	00001	11	0	0	100	0	0	0	0	100	1	1	1	1	243	1	0	0	-1	-1	0	0	0	1	3000	NO	0	0	0	0	0	0	0	0	0	0	0	A	0	-1	0	
ibdbr41	Ограничивающий Силы	4203F4	43	00001	11	0	0	100	0	0	0	0	100	1	1	1	1	244	1	0	0	-1	-1	0	0	0	1	3000	NO	0	0	0	0	0	0	0	0	0	0	0	B	0	-1	0	
ibdbr42	Динамический Взрыв	4203F5	44	00001	11	0	0	100	0	0	0	0	100	1	1	1	1	245	1	0	0	-1	-1	0	0	0	1	3000	NO	0	0	0	0	0	0	0	0	0	0	0	C	0	-1	0	
ibdbr43	Вспышка	4203F6	45	00001	11	0	0	100	0	0	0	0	100	1	1	1	1	246	1	0	0	-1	-1	0	0	0	1	3000	O	0	0	0	0	0	0	0	0	0	0	0	D	0	-1	0	
ibdbr44	Удерживающая Сеть	4203F7	46	00001	11	0	0	100	0	0	0	0	100	1	1	1	1	247	1	0	0	-1	-1	0	0	0	1	3000	O	0	0	0	0	0	0	0	0	0	0	0	E	0	-1	0	
ibdbr45	Ввести Вирус	4203F8	47	00001	11	0	0	100	0	0	0	0	100	1	1	1	1	248	1	0	0	-1	-1	0	0	0	1	3000	O	0	0	0	0	0	0	0	0	0	0	0	F	0	-1	0	
ibdbr46	Подавление Рассудка	4203F9	48	00001	11	0	0	100	0	0	0	0	100	1	1	1	1	249	1	0	0	-1	-1	0	0	0	1	3000	O	0	0	0	0	0	0	0	0	0	0	0	10	0	-1	0	
ibdbr47	Разрывное Боеприпас Вуклан	A203FA	49	11111	11	0	0	100	0	0	0	0	100	1	1	1	1	250	1	0	0	-1	-1	0	0	0	1,149999976	3000	FG	0	0	0	0	0	0	0	0	0	0	0	-1	0	-1	0	
ibdbr48	Замораживающее Жидкое Топливо	4203FB	50	00001	11	0	0	100	0	0	0	0	100	1	1	1	1	251	1	0	0	-1	1	0	0	0	1,25	3000	J	0	0	0	0	0	0	0	0	0	0	0	-1	0	-1	0	
ibdbr49	Отравляющее Жидкое топливо	4203FC	51	00001	11	0	0	100	0	0	0	0	100	1	1	1	1	252	1	0	0	-1	2	0	0	0	1,25	3000	J	0	0	0	0	0	0	0	0	0	0	0	-1	0	-1	0	
ibdbr50	Минеральное Жидкое топливо	4203FD	52	00001	11	0	0	100	0	0	0	0	100	1	1	1	1	253	1	0	0	-1	3	0	0	0	1,25	3000	J	0	0	0	0	0	0	0	0	0	0	0	-1	0	-1	0	
ibdbr51	Замораживающий Боеприпас	A203FE	53	11111	11	0	0	100	0	0	0	0	100	1	1	1	1	254	1	0	0	-1	1	0	0	0	1	3000	E	0	0	0	0	0	0	0	0	0	0	0	-1	0	-1	0	
ibxxx04	Огненная Стрела 	A20421	2	11111	11	0	0	100794	0	0	0	0	10079365	1	1	1	0	255	1	0	0	-1	0	0	0	0	1	30000	A	0	0	0	0	0	0	0	0	0	0	0	-1	0	-1	0	
ibxxx05	Ледяная Стрела 	A20422	3	11111	11	0	0	100794	0	0	0	0	10079365	1	1	1	0	256	1	0	0	-1	1	0	0	0	1	30000	A	0	0	0	0	0	0	0	0	0	0	0	-1	0	-1	0	
ibxxx06	Сланцевая Стрела 	A20423	4	11111	11	0	0	100794	0	0	0	0	10079365	1	1	1	0	257	1	0	0	-1	2	0	0	0	1	30000	A	0	0	0	0	0	0	0	0	0	0	0	-1	0	-1	0	
ibxxx07	Ураганная Стрела 	A20425	6	11111	11	0	0	100794	0	0	0	0	10079365	1	1	1	0	258	1	0	0	-1	3	0	0	0	1	30000	A	0	0	0	0	0	0	0	0	0	0	0	-1	0	-1	0	
ibxxx08	Взрывная Стрела 	A20426	7	11111	11	0	0	103175	0	0	0	0	10317460	1	1	1	0	259	1	0	0	-1	0	0	0	0	1	30000	A	0	0	0	0	0	0	0	0	0	0	0	-1	0	-1	0	
ibxxx09	Огненный Болт 	A20428	9	11111	11	0	0	100794	0	0	0	0	10079365	1	1	1	0	260	1	0	0	-1	0	0	0	0	1	30000	B	0	0	0	0	0	0	0	0	0	0	0	-1	0	-1	0	
ibxxx10	Ледяной Болт 	A20429	10	11111	11	0	0	100794	0	0	0	0	10079365	1	1	1	0	261	1	0	0	-1	1	0	0	0	1	30000	B	0	0	0	0	0	0	0	0	0	0	0	-1	0	-1	0	
ibxxx11	Сланцевый Болт 	A2042A	11	11111	11	0	0	100794	0	0	0	0	10079365	1	1	1	0	262	1	0	0	-1	2	0	0	0	1	30000	B	0	0	0	0	0	0	0	0	0	0	0	-1	0	-1	0	
ibxxx12	Ураганный Болт 	A2042C	13	11111	11	0	0	100794	0	0	0	0	10079365	1	1	1	0	263	1	0	0	-1	3	0	0	0	1	30000	B	0	0	0	0	0	0	0	0	0	0	0	-1	0	-1	0	
ibxxx13	Взрывной Болт 	A2042D	14	11111	11	0	0	103175	0	0	0	0	10317460	1	1	1	0	264	1	0	0	-1	0	0	0	0	1	30000	B	0	0	0	0	0	0	0	0	0	0	0	-1	0	-1	0	
ibxxx14	Энергоэлемент Mk.II 	A2042F	16	11111	11	0	0	100794	0	0	0	0	10079365	1	1	1	0	265	1	0	0	-1	-1	0	0	0	1,25	30000	CD	0	0	0	0	0	0	0	0	0	0	0	-1	0	-1	0	
ibxxx15	Циклонный Магазин 	A20385	18	11111	11	0	0	100794	0	0	0	0	10079365	1	1	1	0	266	1	0	0	-1	3	0	0	0	1	30000	E	0	0	0	0	0	0	0	0	0	0	0	-1	0	-1	0	
ibxxx16	Энергомагазин 	A20386	19	11111	11	0	0	100794	0	0	0	0	10079365	1	1	1	0	267	1	0	0	-1	-1	0	0	0	1,25	30000	H	0	0	0	0	0	0	0	0	0	0	0	-1	0	-1	0	
ibxxx17	Сланцевый Магазин 	A20389	22	11111	11	0	0	103175	0	0	0	0	10317460	1	1	1	0	268	1	0	0	-1	2	0	0	0	1	30000	E	0	0	0	0	0	0	0	0	0	0	0	-1	0	-1	0	
ibxxx18	Разрывной Магазин 	A2038A	23	11111	11	0	0	103175	0	0	0	0	10317460	1	1	1	0	269	1	0	0	-1	0	0	0	0	1	30000	E	0	0	0	0	0	0	0	0	0	0	0	-1	0	-1	0	
ibxxx19	Ядерная Ракета 	42038B	24	00001	11	0	0	150000	0	0	0	0	14999998	1	1	1	0	270	1	0	0	-1	0	0	0	0	1,25	30000	IK	0	0	0	0	0	0	0	0	0	0	0	-1	0	-1	0	
ibxxx20	Магнитная Ракета 	42038C	25	00001	11	0	0	150000	0	0	0	0	14999998	1	1	1	0	271	1	0	0	-1	3	0	0	0	1,25	30000	IK	0	0	0	0	0	0	0	0	0	0	0	-1	0	-1	0	
ibxxx21	Напалмовая Ракета 	42038D	26	00001	11	0	0	150000	0	0	0	0	14999998	1	1	1	0	272	1	0	0	-1	0	0	0	0	1,25	30000	IK	0	0	0	0	0	0	0	0	0	0	0	-1	0	-1	0	
ibxxx22	Токсичная Ракета 	42038E	27	00001	11	0	0	150000	0	0	0	0	14999998	1	1	1	0	273	1	0	0	-1	2	0	0	0	1,25	30000	IK	0	0	0	0	0	0	0	0	0	0	0	-1	0	-1	0	
ibxxx23	Циклонная Ракета 	42038F	28	00001	11	0	0	150000	0	0	0	0	14999998	1	1	1	0	274	1	0	0	-1	1	0	0	0	1,25	30000	IK	0	0	0	0	0	0	0	0	0	0	0	-1	0	-1	0	
ibxxx24	Световая Ракета 	420390	29	00001	11	0	0	138095	0	0	0	0	13809522	1	1	1	0	275	1	0	0	-1	0	0	0	0	1,25	30000	IK	0	0	0	0	0	0	0	0	0	0	0	-1	0	-1	0	
ibxxx25	Огненная Ракета 	420391	30	00001	11	0	0	138095	0	0	0	0	13809522	1	1	1	0	276	1	0	0	-1	0	0	0	0	1,25	30000	IK	0	0	0	0	0	0	0	0	0	0	0	-1	0	-1	0	
ibxxx26	Жидкое Топливо 	420392	31	00001	11	0	0	145238	0	0	0	0	14523808	1	1	1	0	277	1	0	0	-1	0	0	0	0	1,25	30000	J	0	0	0	0	0	0	0	0	0	0	0	-1	0	-1	0	
ibxxx27	Керамитовая Ракета 	420393	32	00001	11	0	0	138095	0	0	0	0	13809522	1	1	1	0	278	1	0	0	-1	-1	0	0	0	1,25	30000	IK	0	0	0	0	0	0	0	0	0	0	0	-1	0	-1	0	
ibxxx28	Ледяное Топливо 	4203AA	50	00001	11	0	0	150000	0	0	0	0	14999998	1	1	1	0	279	1	0	0	-1	1	0	0	0	1,25	30000	J	0	0	0	0	0	0	0	0	0	0	0	-1	0	-1	0	
ibxxx29	Сланцевое Топливо 	4203AD	51	00001	11	0	0	150000	0	0	0	0	14999998	1	1	1	0	280	1	0	0	-1	2	0	0	0	1,25	30000	J	0	0	0	0	0	0	0	0	0	0	0	-1	0	-1	0	
ibxxx30	Летучее Топливо 	4203B0	52	00001	11	0	0	150000	0	0	0	0	14999998	1	1	1	0	281	1	0	0	-1	3	0	0	0	1,25	30000	J	0	0	0	0	0	0	0	0	0	0	0	-1	0	-1	0	
ibxxx31	Фрионный Магазин 	A203B3	53	11111	11	0	0	100794	0	0	0	0	10079365	1	1	1	0	282	1	0	0	-1	1	0	0	0	1	30000	E	0	0	0	0	0	0	0	0	0	0	0	-1	0	-1	0	
ibcsa01	Легкая Огненная Стрела	A20421	56	11111	11	0	0	1	0	0	0	0	50	0	1	0	1	283	1	1	0	-1	0	0	0	0	1	50000	A	0	0	0	0	0	0	0	0	0	0	0	-1	0	-1	0	
ibcsa02	Легкая Ледяная Стрела	A20422	57	11111	11	0	0	1	0	0	0	0	50	0	1	0	1	284	1	1	0	-1	1	0	0	0	1	50000	A	0	0	0	0	0	0	0	0	0	0	0	-1	0	-1	0	
ibcsa03	Легкая Отравленная Стрела	A20423	58	11111	11	0	0	1	0	0	0	0	50	0	1	0	1	285	1	1	0	-1	2	0	0	0	1	50000	A	0	0	0	0	0	0	0	0	0	0	0	-1	0	-1	0	
ibcsa04	Легкая Искусственная Стрела	A20425	59	11111	11	0	0	1	0	0	0	0	50	0	1	0	1	286	1	1	0	-1	3	0	0	0	1	50000	A	0	0	0	0	0	0	0	0	0	0	0	-1	0	-1	0	
ibcsa05	Легкая Разрывная Стрела	A20426	60	11111	11	0	0	1	0	0	0	0	50	0	1	0	1	287	1	1	0	-1	0	0	0	0	1	50000	A	0	0	0	0	0	0	0	0	0	0	0	-1	0	-1	0	
ibcsa06	Легкий Огненный Болт	A20428	61	11111	11	0	0	1	0	0	0	0	50	0	1	0	1	288	1	1	0	-1	0	0	0	0	1	50000	B	0	0	0	0	0	0	0	0	0	0	0	-1	0	-1	0	
ibcsa07	Легкий Ледяной Болт	A20429	62	11111	11	0	0	1	0	0	0	0	50	0	1	0	1	289	1	1	0	-1	1	0	0	0	1	50000	B	0	0	0	0	0	0	0	0	0	0	0	-1	0	-1	0	
ibcsa08	Легкий Отравленный Болт	A2042A	63	11111	11	0	0	1	0	0	0	0	50	0	1	0	1	290	1	1	0	-1	2	0	0	0	1	50000	B	0	0	0	0	0	0	0	0	0	0	0	-1	0	-1	0	
ibcsa09	Легкий Искусственный Болт	A2042C	64	11111	11	0	0	1	0	0	0	0	50	0	1	0	1	291	1	1	0	-1	3	0	0	0	1	50000	B	0	0	0	0	0	0	0	0	0	0	0	-1	0	-1	0	
ibcsa10	Легкий Разрывной Болт	A2042D	65	11111	11	0	0	1	0	0	0	0	50	0	1	0	1	292	1	1	0	-1	0	0	0	0	1	50000	B	0	0	0	0	0	0	0	0	0	0	0	-1	0	-1	0	
ibcsa11	Легкий Усовершенствованный Энергетический Элемент	A2042F	66	11111	11	0	0	1	0	0	0	0	50	0	1	0	1	293	1	1	0	-1	-1	0	0	0	1,25	50000	CD	0	0	0	0	0	0	0	0	0	0	0	-1	0	-1	0	
ibcsa12	Легкий Искусственный Боеприпас	A20385	67	11111	11	0	0	1	0	0	0	0	50	0	1	0	1	294	1	1	0	-1	3	0	0	0	1	50000	E	0	0	0	0	0	0	0	0	0	0	0	-1	0	-1	0	
ibcsa13	Легкий Энергетический Боеприпас	A20386	68	11111	11	0	0	1	0	0	0	0	50	0	1	0	1	295	1	1	0	-1	-1	0	0	0	1,25	50000	H	0	0	0	0	0	0	0	0	0	0	0	-1	0	-1	0	
ibcsa14	Легкий Отравляющий Боеприпас	A20389	69	11111	11	0	0	1	0	0	0	0	50	0	1	0	1	296	1	1	0	-1	2	0	0	0	1	50000	E	0	0	0	0	0	0	0	0	0	0	0	-1	0	-1	0	
ibcsa15	Легкий Разрывной Боеприпас	A2038A	70	11111	11	0	0	1	0	0	0	0	50	0	1	0	1	297	1	1	0	-1	0	0	0	0	1	50000	E	0	0	0	0	0	0	0	0	0	0	0	-1	0	-1	0	
ibcsa16	Легкая Ядерная Ракета	42038B	71	00001	11	0	0	1	0	0	0	0	50	0	1	0	1	298	1	1	0	-1	0	0	0	0	1,25	50000	IK	0	0	0	0	0	0	0	0	0	0	0	-1	0	-1	0	
ibcsa17	Легкая Магнитная Ракета	42038C	72	00001	11	0	0	1	0	0	0	0	50	0	1	0	1	299	1	1	0	-1	3	0	0	0	1,25	50000	IK	0	0	0	0	0	0	0	0	0	0	0	-1	0	-1	0	
ibcsa18	Легкая Гибридная Ракета	42038D	73	00001	11	0	0	1	0	0	0	0	50	0	1	0	1	300	1	1	0	-1	0	0	0	0	1,25	50000	IK	0	0	0	0	0	0	0	0	0	0	0	-1	0	-1	0	
ibcsa19	Легкая Токсичная Ракета	42038E	74	00001	11	0	0	1	0	0	0	0	50	0	1	0	1	301	1	1	0	-1	2	0	0	0	1,25	50000	IK	0	0	0	0	0	0	0	0	0	0	0	-1	0	-1	0	
ibcsa20	Легкая Ураганная Ракета	42038F	75	00001	11	0	0	1	0	0	0	0	50	0	1	0	1	302	1	1	0	-1	1	0	0	0	1,25	50000	IK	0	0	0	0	0	0	0	0	0	0	0	-1	0	-1	0	
ibcsa21	Легкая Световая Ракета	420390	76	00001	11	0	0	1	0	0	0	0	50	0	1	0	1	303	1	1	0	-1	0	0	0	0	1,25	50000	IK	0	0	0	0	0	0	0	0	0	0	0	-1	0	-1	0	
ibcsa22	Легкая Самонаводящаяся Ракета	420391	77	00001	11	0	0	1	0	0	0	0	50	0	1	0	1	304	1	1	0	-1	0	0	0	0	1,25	50000	IK	0	0	0	0	0	0	0	0	0	0	0	-1	0	-1	0	
ibcsa23	Легкое Жидкое Топливо	420392	78	00001	11	0	0	1	0	0	0	0	50	0	1	0	1	305	1	1	0	-1	0	0	0	0	1,25	50000	J	0	0	0	0	0	0	0	0	0	0	0	-1	0	-1	0	
ibcsa24	Легкая Ракета с Керамитовым Наконечником	420393	79	00001	11	0	0	1	0	0	0	0	50	0	1	0	1	306	1	1	0	-1	-1	0	0	0	1,25	50000	IK	0	0	0	0	0	0	0	0	0	0	0	-1	0	-1	0	
ibcsa25	Легкое Жидкое Ледяное Топливо	4203AA	80	00001	11	0	0	1	0	0	0	0	50	0	1	0	1	307	1	1	0	-1	1	0	0	0	1,25	50000	J	0	0	0	0	0	0	0	0	0	0	0	-1	0	-1	0	
ibcsa26	Легкое Жидкое Отравляющее Топливо	4203AD	81	00001	11	0	0	1	0	0	0	0	50	0	1	0	1	308	1	1	0	-1	2	0	0	0	1,25	50000	J	0	0	0	0	0	0	0	0	0	0	0	-1	0	-1	0	
ibcsa27	Легкое Жидкое Искусственное Топливо	4203B0	82	00001	11	0	0	1	0	0	0	0	50	0	1	0	1	309	1	1	0	-1	3	0	0	0	1,25	50000	J	0	0	0	0	0	0	0	0	0	0	0	-1	0	-1	0	
ibcsa28	Легкий Ледяной Боеприпас	A203B3	83	11111	11	0	0	1	0	0	0	0	50	0	1	0	1	310	1	1	0	-1	1	0	0	0	1	50000	E	0	0	0	0	0	0	0	0	0	0	0	-1	0	-1	0	
ibcsa29	Легкий Разрывной Боеприпас Системы Вулкан	A203A7	70	11111	11	0	0	1	0	0	0	0	50	0	1	0	1	311	1	1	0	-1	-1	0	0	0	1,149999976	50000	FG	0	0	0	0	0	0	0	0	0	0	0	-1	0	-1	0	
ibfex01	Кислотная Граната Новичка	420396	33	00001	11	0	0	1	0	0	0	0	1	0	1	0	0	312	1	0	0	-1	-1	0	0	0	1	100	LMNO	0	0	0	0	0	0	0	0	0	0	0	1	0	-1	0	
ibfex02	Вакуумная Граната Новичка	420397	34	00001	11	0	0	1	0	0	0	0	1	0	1	0	0	313	1	0	0	-1	-1	0	0	0	1	100	LMNO	0	0	0	0	0	0	0	0	0	0	0	2	0	-1	0	
ibfex03	Дымовая Граната Новичка	420398	35	00001	11	0	0	1	0	0	0	0	1	0	1	0	0	314	1	0	0	-1	-1	0	0	0	1	100	LMNO	0	0	0	0	0	0	0	0	0	0	0	3	0	-1	0	
ibfex04	Шоковая Граната Новичка	420399	36	00001	11	0	0	1	0	0	0	0	1	0	1	0	0	315	1	0	0	-1	-1	0	0	0	1	100	LMNO	0	0	0	0	0	0	0	0	0	0	0	4	0	-1	0	
ibevt01	Фризерная батарея 5	A2039A	84	11111	11	0	0	200	0	0	0	0	1000	0	1	0	0	316	1	0	0	-1	1	0	0	0	1	5	E	0	0	0	0	0	0	0	0	0	0	0	15	0	-1	0	
ibevt02	Фризерная батарея 10	A2039B	85	11111	11	0	0	300	0	0	0	0	1000	0	1	0	0	317	1	0	0	-1	1	0	0	0	1	10	E	0	0	0	0	0	0	0	0	0	0	0	15	0	-1	0	
ibevt03	Фризерная батарея 15	A2039C	86	11111	11	0	0	400	0	0	0	0	1000	0	1	0	0	318	1	0	0	-1	1	0	0	0	1	15	E	0	0	0	0	0	0	0	0	0	0	0	15	0	-1	0	
ibevt04	Фризерная батарея 20	A2039D	87	11111	11	0	0	500	0	0	0	0	1000	0	1	0	0	319	1	0	0	-1	1	0	0	0	1	20	E	0	0	0	0	0	0	0	0	0	0	0	15	0	-1	0	
ibcsa30	Мощная Огненная Стрела	A20421	56	11111	11	0	0	1	0	0	0	0	50	0	1	0	1	320	1	1	0	-1	0	0	0	0	1	10000	A	0	0	0	0	0	0	0	0	0	0	0	-1	0	-1	0	
ibcsa31	Мощная Ледяная Стрела	A20422	57	11111	11	0	0	1	0	0	0	0	50	0	1	0	1	321	1	1	0	-1	1	0	0	0	1	10000	A	0	0	0	0	0	0	0	0	0	0	0	-1	0	-1	0	
ibcsa32	Мощная Отравленная Стрела	A20423	58	11111	11	0	0	1	0	0	0	0	50	0	1	0	1	322	1	1	0	-1	2	0	0	0	1	10000	A	0	0	0	0	0	0	0	0	0	0	0	-1	0	-1	0	
ibcsa33	Мощная Искусственная Стрела	A20425	59	11111	11	0	0	1	0	0	0	0	50	0	1	0	1	323	1	1	0	-1	3	0	0	0	1	10000	A	0	0	0	0	0	0	0	0	0	0	0	-1	0	-1	0	
ibcsa34	Мощная Разрывная Стрела	A20426	60	11111	11	0	0	1	0	0	0	0	50	0	1	0	1	324	1	1	0	-1	0	0	0	0	1	10000	A	0	0	0	0	0	0	0	0	0	0	0	-1	0	-1	0	
ibcsa35	Мощный Огненный Болт	A20428	61	11111	11	0	0	1	0	0	0	0	50	0	1	0	1	325	1	1	0	-1	0	0	0	0	1	10000	B	0	0	0	0	0	0	0	0	0	0	0	-1	0	-1	0	
ibcsa36	Мощный Ледяной Болт	A20429	62	11111	11	0	0	1	0	0	0	0	50	0	1	0	1	326	1	1	0	-1	1	0	0	0	1	10000	B	0	0	0	0	0	0	0	0	0	0	0	-1	0	-1	0	
ibcsa37	Мощный Отравленный Болт	A2042A	63	11111	11	0	0	1	0	0	0	0	50	0	1	0	1	327	1	1	0	-1	2	0	0	0	1	10000	B	0	0	0	0	0	0	0	0	0	0	0	-1	0	-1	0	
ibcsa38	Мощный Искусственный Болт	A2042C	64	11111	11	0	0	1	0	0	0	0	50	0	1	0	1	328	1	1	0	-1	3	0	0	0	1	10000	B	0	0	0	0	0	0	0	0	0	0	0	-1	0	-1	0	
ibcsa39	Мощный Разрывной Болт	A2042D	65	11111	11	0	0	1	0	0	0	0	50	0	1	0	1	329	1	1	0	-1	0	0	0	0	1	10000	B	0	0	0	0	0	0	0	0	0	0	0	-1	0	-1	0	
ibcsa40	Мощный Усовершенствованный Энергетический Элемент	A2042F	66	11111	11	0	0	1	0	0	0	0	50	0	1	0	1	330	1	1	0	-1	-1	0	0	0	1,25	10000	CD	0	0	0	0	0	0	0	0	0	0	0	-1	0	-1	0	
ibcsa41	Мощный Искусственный Боеприпас	A20385	67	11111	11	0	0	1	0	0	0	0	50	0	1	0	1	331	1	1	0	-1	3	0	0	0	1	10000	E	0	0	0	0	0	0	0	0	0	0	0	-1	0	-1	0	
ibcsa42	Мощный Энергетический Боеприпас	A20386	68	11111	11	0	0	1	0	0	0	0	50	0	1	0	1	332	1	1	0	-1	-1	0	0	0	1,25	10000	H	0	0	0	0	0	0	0	0	0	0	0	-1	0	-1	0	
ibcsa43	Мощный Отравляющий Боеприпас	A20389	69	11111	11	0	0	1	0	0	0	0	50	0	1	0	1	333	1	1	0	-1	2	0	0	0	1	10000	E	0	0	0	0	0	0	0	0	0	0	0	-1	0	-1	0	
ibcsa44	Мощный Разрывной Боеприпас	A2038A	70	11111	11	0	0	1	0	0	0	0	50	0	1	0	1	334	1	1	0	-1	0	0	0	0	1	10000	E	0	0	0	0	0	0	0	0	0	0	0	-1	0	-1	0	
ibcsa45	Мощная Ядерная Ракета	42038B	71	00001	11	0	0	1	0	0	0	0	50	0	1	0	1	335	1	1	0	-1	0	0	0	0	1,25	10000	IK	0	0	0	0	0	0	0	0	0	0	0	-1	0	-1	0	
ibcsa46	Мощная Магнитная Ракета	42038C	72	00001	11	0	0	1	0	0	0	0	50	0	1	0	1	336	1	1	0	-1	3	0	0	0	1,25	10000	IK	0	0	0	0	0	0	0	0	0	0	0	-1	0	-1	0	
ibcsa47	Мощная Гибридная Ракета	42038D	73	00001	11	0	0	1	0	0	0	0	50	0	1	0	1	337	1	1	0	-1	0	0	0	0	1,25	10000	IK	0	0	0	0	0	0	0	0	0	0	0	-1	0	-1	0	
ibcsa48	Мощная Токсичная Ракета	42038E	74	00001	11	0	0	1	0	0	0	0	50	0	1	0	1	338	1	1	0	-1	2	0	0	0	1,25	10000	IK	0	0	0	0	0	0	0	0	0	0	0	-1	0	-1	0	
ibcsa49	Мощная Ураганная Ракета	42038F	75	00001	11	0	0	1	0	0	0	0	50	0	1	0	1	339	1	1	0	-1	1	0	0	0	1,25	10000	IK	0	0	0	0	0	0	0	0	0	0	0	-1	0	-1	0	
ibcsa50	Мощная Световая Ракета	420390	76	00001	11	0	0	1	0	0	0	0	50	0	1	0	1	340	1	1	0	-1	0	0	0	0	1,25	10000	IK	0	0	0	0	0	0	0	0	0	0	0	-1	0	-1	0	
ibcsa51	Мощная Самонаводящаяся Ракета	420391	77	00001	11	0	0	1	0	0	0	0	50	0	1	0	1	341	1	1	0	-1	0	0	0	0	1,25	10000	IK	0	0	0	0	0	0	0	0	0	0	0	-1	0	-1	0	
ibcsa52	Мощное Жидкое Топливо	420392	78	00001	11	0	0	1	0	0	0	0	50	0	1	0	1	342	1	1	0	-1	0	0	0	0	1,25	10000	J	0	0	0	0	0	0	0	0	0	0	0	-1	0	-1	0	
ibcsa53	Мощная Ракета с Керамитовым Наконечником	420393	79	00001	11	0	0	1	0	0	0	0	50	0	1	0	1	343	1	1	0	-1	-1	0	0	0	1,25	10000	IK	0	0	0	0	0	0	0	0	0	0	0	-1	0	-1	0	
ibcsa54	Мощное Жидкое Ледяное Топливо	4203AA	80	00001	11	0	0	1	0	0	0	0	50	0	1	0	1	344	1	1	0	-1	1	0	0	0	1,25	10000	J	0	0	0	0	0	0	0	0	0	0	0	-1	0	-1	0	
ibcsa55	Мощное Жидкое Отравляющее Топливо	4203AD	81	00001	11	0	0	1	0	0	0	0	50	0	1	0	1	345	1	1	0	-1	2	0	0	0	1,25	10000	J	0	0	0	0	0	0	0	0	0	0	0	-1	0	-1	0	
ibcsa56	Мощное Жидкое Искусственное Топливо	4203B0	82	00001	11	0	0	1	0	0	0	0	50	0	1	0	1	346	1	1	0	-1	3	0	0	0	1,25	10000	J	0	0	0	0	0	0	0	0	0	0	0	-1	0	-1	0	
ibcsa57	Мощный Ледяной Боеприпас	A203B3	83	11111	11	0	0	1	0	0	0	0	50	0	1	0	1	347	1	1	0	-1	1	0	0	0	1	10000	E	0	0	0	0	0	0	0	0	0	0	0	-1	0	-1	0	
ibcsa58	Мощный Разрывной Боеприпас Системы Вулкан	A203A7	70	11111	11	0	0	1	0	0	0	0	50	0	1	0	1	348	1	1	0	-1	-1	0	0	0	1,149999976	10000	FG	0	0	0	0	0	0	0	0	0	0	0	-1	0	-1	0	
ibcsa59	Керамический Усовершенствованный Энергоэлемент	A20430	16	11111	11	0	0	113000	0	0	0	0	50	1	1	1	1	349	1	1	0	-1	-1	0	0	0	1,350000024	1000	CD	0	0	0	0	0	0	0	0	0	0	0	-1	0	-1	0	
ibcsa60	Огненный Усовершенствованный Энергоэлемент	A20431	88	11111	11	0	0	113000	0	0	0	0	50	1	1	1	1	350	1	1	0	-1	0	0	0	0	1,25	1000	CD	0	0	0	0	0	0	0	0	0	0	0	-1	0	-1	0	
ibcsa61	Ледяной Усовершенствованный Энергоэлемент	A20432	89	11111	11	0	0	113000	0	0	0	0	50	1	1	1	1	351	1	1	0	-1	1	0	0	0	1,25	1000	CD	0	0	0	0	0	0	0	0	0	0	0	-1	0	-1	0	
ibcsa62	Сланцевая Усовершенствованный Энергоэлемент	A20433	90	11111	11	0	0	113000	0	0	0	0	50	1	1	1	1	352	1	1	0	-1	2	0	0	0	1,25	1000	CD	0	0	0	0	0	0	0	0	0	0	0	-1	0	-1	0	
ibcsa63	Ураганный Усовершенствованный Энергоэлемент	A20434	91	11111	11	0	0	113000	0	0	0	0	50	1	1	1	1	353	1	1	0	-1	3	0	0	0	1,25	1000	CD	0	0	0	0	0	0	0	0	0	0	0	-1	0	-1	0	
ibcsa64	Керамический Коробчатый Магазин	A203B6	23	11111	11	0	0	113000	0	0	0	0	50	1	1	1	1	354	1	1	0	-1	-1	0	0	0	1,299999952	1000	FG	0	0	0	0	0	0	0	0	0	0	0	-1	0	-1	0	
ibcsa65	Огненный Коробчатый Магазин	A203B7	92	11111	11	0	0	113000	0	0	0	0	50	1	1	1	1	355	1	1	0	-1	0	0	0	0	1,149999976	1000	FG	0	0	0	0	0	0	0	0	0	0	0	-1	0	-1	0	
ibcsa66	Ледяной Коробчатый Магазин	A203B8	93	11111	11	0	0	113000	0	0	0	0	50	1	1	1	1	356	1	1	0	-1	1	0	0	0	1,149999976	1000	FG	0	0	0	0	0	0	0	0	0	0	0	-1	0	-1	0	
ibcsa67	Сланцевый Коробчатый Магазин	A203B9	94	11111	11	0	0	113000	0	0	0	0	50	1	1	1	1	357	1	1	0	-1	2	0	0	0	1,149999976	1000	FG	0	0	0	0	0	0	0	0	0	0	0	-1	0	-1	0	
ibcsa68	Ураганный Коробчатый Магазин	A203BA	95	11111	11	0	0	113000	0	0	0	0	50	1	1	1	1	358	1	1	0	-1	3	0	0	0	1,149999976	1000	FG	0	0	0	0	0	0	0	0	0	0	0	-1	0	-1	0	
ibcsa99	Керамический Усовершенствованный Энергоэлемент	A20430	16	11111	11	0	0	50	0	0	0	0	50	1	1	1	1	359	1	1	0	-1	-1	0	0	0	1,350000024	10000	CD	0	0	0	0	0	0	0	0	0	0	0	-1	0	-1	0	
ibcsb00	Огненный Усовершенствованный Энергоэлемент	A20431	88	11111	11	0	0	50	0	0	0	0	50	1	1	1	1	360	1	1	0	-1	0	0	0	0	1,25	10000	CD	0	0	0	0	0	0	0	0	0	0	0	-1	0	-1	0	
ibcsb01	Ледяной Усовершенствованный Энергоэлемент	A20432	89	11111	11	0	0	50	0	0	0	0	50	1	1	1	1	361	1	1	0	-1	1	0	0	0	1,25	10000	CD	0	0	0	0	0	0	0	0	0	0	0	-1	0	-1	0	
ibcsb02	Ядовитый Усовершенствованный Энергоэлемент	A20433	90	11111	11	0	0	50	0	0	0	0	50	1	1	1	1	362	1	1	0	-1	2	0	0	0	1,25	10000	CD	0	0	0	0	0	0	0	0	0	0	0	-1	0	-1	0	
ibcsb03	Минеральный Усовершенствованный Энергоэлемент	A20434	91	11111	11	0	0	50	0	0	0	0	50	1	1	1	1	363	1	1	0	-1	3	0	0	0	1,25	10000	CD	0	0	0	0	0	0	0	0	0	0	0	-1	0	-1	0	
ibcsb04	Керамический Коробчатый Магазин	A203B6	23	11111	11	0	0	50	0	0	0	0	50	1	1	1	1	364	1	1	0	-1	-1	0	0	0	1,299999952	10000	FG	0	0	0	0	0	0	0	0	0	0	0	-1	0	-1	0	
ibcsb05	Огненный Коробчатый Магазин	A203B7	92	11111	11	0	0	50	0	0	0	0	50	1	1	1	1	365	1	1	0	-1	0	0	0	0	1,149999976	10000	FG	0	0	0	0	0	0	0	0	0	0	0	-1	0	-1	0	
ibcsb06	Ледяной Коробчатый Магазин	A203B8	93	11111	11	0	0	50	0	0	0	0	50	1	1	1	1	366	1	1	0	-1	1	0	0	0	1,149999976	10000	FG	0	0	0	0	0	0	0	0	0	0	0	-1	0	-1	0	
ibcsb07	Ядовитый Коробчатый Магазин	A203B9	94	11111	11	0	0	50	0	0	0	0	50	1	1	1	1	367	1	1	0	-1	2	0	0	0	1,149999976	10000	FG	0	0	0	0	0	0	0	0	0	0	0	-1	0	-1	0	
ibcsb08	Минеральный Коробчатый Магазин	A203BA	95	11111	11	0	0	50	0	0	0	0	50	1	1	1	1	368	1	1	0	-1	3	0	0	0	1,149999976	10000	FG	0	0	0	0	0	0	0	0	0	0	0	-1	0	-1	0	
ibint01	Улучшеная Лучеваой Боеприпас	A2040F	16	11111	11	0	0	500	0	0	0	0	50	1	1	1	1	369	1	0	0	-1	-1	0	0	0	1,399999976	500	CD	0	0	0	0	0	0	0	0	0	0	0	-1	0	-1	0	
ibint02	Улучшенный Магазин Разрывных Потрон	A203A6	49	11111	11	0	0	500	0	0	0	0	50	1	1	1	1	370	1	0	0	-1	-1	0	0	0	1,399999976	500	FG	0	0	0	0	0	0	0	0	0	0	0	-1	0	-1	0	
ibint03	Улучшенный Магазин Керамических Ракет	420393	32	00001	11	0	0	500	0	0	0	0	50	1	1	1	1	371	1	0	0	-1	-1	0	0	0	1,299999952	500	IK	0	0	0	0	0	0	0	0	0	0	0	-1	0	-1	0	
ibint04	Улучшеное Жидкое Топливо	420392	31	00001	11	0	0	500	0	0	0	0	50	1	1	1	1	372	1	0	0	-1	-1	0	0	0	1,299999952	500	J	0	0	0	0	0	0	0	0	0	0	0	-1	0	-1	0	
ibcsb09	Легкая Кислотная Граната 	420396	128	00001	11	0	0	100	0	0	0	0	100	1	1	1	1	373	1	1	0	-1	-1	0	0	0	1	5000	LMNO	0	0	0	0	0	0	0	0	0	0	0	1	0	-1	0	
ibcsb10	Легкая Вакуумная Граната 	420397	129	00001	11	0	0	100	0	0	0	0	100	1	1	1	1	374	1	1	0	-1	-1	0	0	0	1	5000	LMNO	0	0	0	0	0	0	0	0	0	0	0	2	0	-1	0	
ibcsb11	Легкая Дымовая Граната 	420398	130	00001	11	0	0	100	0	0	0	0	100	1	1	1	1	375	1	1	0	-1	-1	0	0	0	1	5000	LMNO	0	0	0	0	0	0	0	0	0	0	0	3	0	-1	0	
ibcsb12	Легкая Шоковая Граната 	420399	131	00001	11	0	0	100	0	0	0	0	100	1	1	1	1	376	1	1	0	-1	-1	0	0	0	1	5000	LMNO	0	0	0	0	0	0	0	0	0	0	0	4	0	-1	0	
ibcsb13	Легкая Ментальная Граната 	42039A	132	00001	11	0	0	100	0	0	0	0	100	1	1	1	1	377	1	1	0	-1	-1	0	0	0	1	5000	MNO	0	0	0	0	0	0	0	0	0	0	0	5	0	-1	0	
ibcsb14	Легкая Оглушающая Граната 	42039B	133	00001	11	0	0	100	0	0	0	0	100	1	1	1	1	378	1	1	0	-1	-1	0	0	0	1	5000	MNO	0	0	0	0	0	0	0	0	0	0	0	6	0	-1	0	
ibcsb15	Легкая Разъедающая Граната 	42039C	134	00001	11	0	0	100	0	0	0	0	100	1	1	1	1	379	1	1	0	-1	-1	0	0	0	1	5000	MNO	0	0	0	0	0	0	0	0	0	0	0	7	0	-1	0	
ibcsb16	Легкая Ослабляющая Граната 	42039D	135	00001	11	0	0	100	0	0	0	0	100	1	1	1	1	380	1	1	0	-1	-1	0	0	0	1	5000	MNO	0	0	0	0	0	0	0	0	0	0	0	8	0	-1	0	
ibcsb17	Легкая Паралитическая Граната 	42039E	136	00001	11	0	0	100	0	0	0	0	100	1	1	1	1	381	1	1	0	-1	-1	0	0	0	1	5000	NO	0	0	0	0	0	0	0	0	0	0	0	9	0	-1	0	
ibcsb18	Легкая Стихийная Граната 	42039F	137	00001	11	0	0	100	0	0	0	0	100	1	1	1	1	382	1	1	0	-1	-1	0	0	0	1	5000	NO	0	0	0	0	0	0	0	0	0	0	0	A	0	-1	0	
ibcsb19	Легкая Антимагическая Граната 	4203A0	138	00001	11	0	0	100	0	0	0	0	100	1	1	1	1	383	1	1	0	-1	-1	0	0	0	1	5000	NO	0	0	0	0	0	0	0	0	0	0	0	B	0	-1	0	
ibcsb20	Легкая Волновая Граната 	4203A1	139	00001	11	0	0	100	0	0	0	0	100	1	1	1	1	384	1	1	0	-1	-1	0	0	0	1	5000	NO	0	0	0	0	0	0	0	0	0	0	0	C	0	-1	0	
ibcsb21	Легкая Ослепляющая Граната 	4203A2	140	00001	11	0	0	100	0	0	0	0	100	1	1	1	1	385	1	1	0	-1	-1	0	0	0	1	5000	O	0	0	0	0	0	0	0	0	0	0	0	D	0	-1	0	
ibcsb22	Легкая Паутинная Граната 	4203A3	141	00001	11	0	0	100	0	0	0	0	100	1	1	1	1	386	1	1	0	-1	-1	0	0	0	1	5000	O	0	0	0	0	0	0	0	0	0	0	0	E	0	-1	0	
ibcsb23	Легкая Вирусная Граната 	4203A4	142	00001	11	0	0	100	0	0	0	0	100	1	1	1	1	387	1	1	0	-1	-1	0	0	0	1	5000	O	0	0	0	0	0	0	0	0	0	0	0	F	0	-1	0	
ibcsb24	Легкая Псионическая Граната 	4203A5	143	00001	11	0	0	100	0	0	0	0	100	1	1	1	1	388	1	1	0	-1	-1	0	0	0	1	5000	O	0	0	0	0	0	0	0	0	0	0	0	10	0	-1	0	
ibcsb25	Легкая Очищающая Гранта 	A203B3	144	00001	11	0	0	100	0	0	0	0	100	1	1	1	1	389	1	1	0	-1	-1	0	0	0	1	5000	LMNO	0	0	0	0	0	0	0	0	0	0	0	13	0	-1	0	
ibcsb26	Легкая Восстанавливающая Граната 	A203B3	145	00001	11	0	0	100	0	0	0	0	100	1	1	1	1	390	1	1	0	-1	-1	0	0	0	1	5000	MNO	0	0	0	0	0	0	0	0	0	0	0	14	0	-1	0	
ibgld01	Обойма Доп. Зарядов [2% 	A203B6	96	11111	11	6	0	0	0	100	0	0	0	0	0	0	1	391	1	0	0	-1	-1	0	0	0	1,019999981	300	-1	0	0	0	0	0	0	0	0	0	0	0	-1	0	D	0	
ibgld02	Обойма Доп. Зарядов [3% 	A203B7	96	11111	11	6	0	0	0	200	0	0	0	0	0	0	1	392	1	0	0	-1	-1	0	0	0	1,029999971	300	-1	0	0	0	0	0	0	0	0	0	0	0	-1	0	D	0	
ibgld03	Обойма Доп. Зарядов [4% 	A203B8	96	11111	11	6	0	0	0	300	0	0	0	0	0	0	1	393	1	0	0	-1	-1	0	0	0	1,039999962	300	-1	0	0	0	0	0	0	0	0	0	0	0	-1	0	D	0	
ibgld04	Обойма Доп. Зарядов [5% 	A203B9	96	11111	11	6	0	0	0	400	0	0	0	0	0	0	1	394	1	0	0	-1	-1	0	0	0	1,049999952	300	-1	0	0	0	0	0	0	0	0	0	0	0	-1	0	D	0	
