string[64]	dword	string[64]	dword	string[64]	dword	dword	string[64]	string[64]	string[64]	dword	dword	dword	dword	dword	dword	dword	dword	dword	dword	float	dword	dword	float	float	float	float	float	string[64]	dword	dword	dword	dword	dword	dword	string[64]	dword	dword	dword	END
Code	IsExist	Model	Icon	Name	KindClt	FixPart	Civil	BulletType	EffBulletType	LvLim	UpLvLim	Money	StdPrice	StdPoint	GoldPoint	KillPoint	ProcPoint	StorePrice	DurUnit	EquipSpeed	EffectGroup	Property	fire	water	soil	wind	GAAF	EffectIndex	IsSell	IsExchange	IsGround	IsStore	IsNormAcc	Upgarde	ToolTip	IsCash	UsePCCash	IsTime	
ibbow01	1	A20400	1	Стрела	204	200	11111	A	-1	1	-1	0	400	0	0	0	0	20	100	1	0	-1	0	0	0	0	1	-1	1	1	1	1	1	0	tibbow01	0	0	0	
ibbow02	1	A20401	2	Огненная Стрела	204	200	11111	A	-1	1	-1	0	400	0	0	0	0	20	100	1	0	0	0	0	0	0	1	-1	1	1	1	1	1	0	tibbow02	0	0	0	
ibbow03	1	A20402	3	Ледяная Стрела	204	200	11111	A	-1	1	-1	0	400	0	0	0	0	20	100	1	0	1	0	0	0	0	1	-1	1	1	1	1	1	0	tibbow03	0	0	0	
ibbow04	1	A20403	4	Сланцевая Стрела	204	200	11111	A	-1	1	-1	0	400	0	0	0	0	20	100	1	0	2	0	0	0	0	1	-1	1	1	1	1	1	0	tibbow04	0	0	0	
ibbow05	1	A20404	5	Керамитовая Стрела	204	200	11111	A	-1	1	-1	0	400	0	0	0	0	20	100	1	0	-1	0	0	0	0	1	-1	1	1	1	1	1	0	tibbow05	0	0	0	
ibbow06	1	A20405	6	Ураганная Стрела	204	200	11111	A	-1	1	-1	0	400	0	0	0	0	20	100	1	0	3	0	0	0	0	1	-1	1	1	1	1	1	0	tibbow06	0	0	0	
ibbow07	1	A20406	7	Взрывная Стрела	204	200	11111	A	-1	1	-1	0	500	0	0	0	0	25	100	1	6	0	0	0	0	0	1	-1	1	1	1	1	1	0	tibbow07	0	0	0	
ibbow08	1	A20407	8	Болт	204	200	11111	B	-1	1	-1	0	400	0	0	0	0	20	100	1	0	-1	0	0	0	0	1	-1	1	1	1	1	1	0	tibbow08	0	0	0	
ibbow09	1	A20408	9	Огненный Болт	204	200	11111	B	-1	1	-1	0	400	0	0	0	0	20	100	1	0	0	0	0	0	0	1	-1	1	1	1	1	1	0	tibbow09	0	0	0	
ibbow10	1	A20409	10	Ледяной Болт	204	200	11111	B	-1	1	-1	0	400	0	0	0	0	20	100	1	0	1	0	0	0	0	1	-1	1	1	1	1	1	0	tibbow10	0	0	0	
ibbow11	1	A2040A	11	Сланцевый Болт	204	200	11111	B	-1	1	-1	0	400	0	0	0	0	20	100	1	0	2	0	0	0	0	1	-1	1	1	1	1	1	0	tibbow11	0	0	0	
ibbow12	1	A2040B	12	Керамитовый Болт	204	200	11111	B	-1	1	-1	0	400	0	0	0	0	20	100	1	0	-1	0	0	0	0	1	-1	1	1	1	1	1	0	tibbow12	0	0	0	
ibbow13	1	A2040C	13	Ураганный Болт	204	200	11111	B	-1	1	-1	0	400	0	0	0	0	20	100	1	0	3	0	0	0	0	1	-1	1	1	1	1	1	0	tibbow13	0	0	0	
ibbow14	1	A2040D	14	Взрывной Болт	204	200	11111	B	-1	1	-1	0	500	0	0	0	0	25	100	1	6	0	0	0	0	0	1	-1	1	1	1	1	1	0	tibbow14	0	0	0	
ibbow15	1	A2040E	15	Энергоэлемент	204	200	11111	CD	-1	1	-1	0	400	0	0	0	0	20	100	1	0	-1	0	0	0	0	1	-1	1	1	1	1	1	0	tibbow15	0	0	0	
ibbow16	1	A2040F	16	Энергоэлемент Mk.II	204	200	11111	CD	-1	1	-1	0	400	0	0	0	0	20	100	1	0	-1	0	0	0	0	1,25	-1	1	1	1	1	1	0	tibbow16	0	0	0	
ibbow17	1	A20410	1	Колчан Стрел	204	200	11111	A	-1	1	-1	0	2000	0	0	0	0	100	500	1	0	-1	0	0	0	0	1	-1	1	1	1	1	1	0	tibbow17	0	0	0	
ibbow18	1	A20411	2	Колчан Огненных Стрел	204	200	11111	A	-1	1	-1	0	2000	0	0	0	0	100	500	1	0	0	0	0	0	0	1	-1	1	1	1	1	1	0	tibbow18	0	0	0	
ibbow19	1	A20412	3	Колчан Ледяных Стрел	204	200	11111	A	-1	1	-1	0	2000	0	0	0	0	100	500	1	0	1	0	0	0	0	1	-1	1	1	1	1	1	0	tibbow19	0	0	0	
ibbow20	1	A20413	4	Колчан Сланцевых Стрел	204	200	11111	A	-1	1	-1	0	2000	0	0	0	0	100	500	1	0	2	0	0	0	0	1	-1	1	1	1	1	1	0	tibbow20	0	0	0	
ibbow21	1	A20414	5	Колчан Керамитовых Стрел	204	200	11111	A	-1	1	-1	0	2000	0	0	0	0	100	500	1	0	-1	0	0	0	0	1	-1	1	1	1	1	1	0	tibbow21	0	0	0	
ibbow22	1	A20415	6	Колчан Ураганных Стрел	204	200	11111	A	-1	1	-1	0	2000	0	0	0	0	100	500	1	0	3	0	0	0	0	1	-1	1	1	1	1	1	0	tibbow22	0	0	0	
ibbow23	1	A20416	7	Колчан Взрывных Стрел	204	200	11111	A	-1	1	-1	0	2500	0	0	0	0	125	500	1	6	0	0	0	0	0	1	-1	1	1	1	1	1	0	tibbow23	0	0	0	
ibbow24	1	A20417	8	Колчан Болтов	204	200	11111	B	-1	1	-1	0	2000	0	0	0	0	100	500	1	0	-1	0	0	0	0	1	-1	1	1	1	1	1	0	tibbow24	0	0	0	
ibbow25	1	A20418	9	Колчан Огненных Болтов	204	200	11111	B	-1	1	-1	0	2000	0	0	0	0	100	500	1	0	0	0	0	0	0	1	-1	1	1	1	1	1	0	tibbow25	0	0	0	
ibbow26	1	A20419	10	Колчан Ледяных Болтов	204	200	11111	B	-1	1	-1	0	2000	0	0	0	0	100	500	1	0	1	0	0	0	0	1	-1	1	1	1	1	1	0	tibbow26	0	0	0	
ibbow27	1	A2041A	11	Колчан Сланцевых Болтов	204	200	11111	B	-1	1	-1	0	2000	0	0	0	0	100	500	1	0	2	0	0	0	0	1	-1	1	1	1	1	1	0	tibbow27	0	0	0	
ibbow28	1	A2041B	12	Колчан Керамитовых Болтов	204	200	11111	B	-1	1	-1	0	2000	0	0	0	0	100	500	1	0	-1	0	0	0	0	1	-1	1	1	1	1	1	0	tibbow28	0	0	0	
ibbow29	1	A2041C	13	Колчан Ураганных Болтов	204	200	11111	B	-1	1	-1	0	2000	0	0	0	0	100	500	1	0	3	0	0	0	0	1	-1	1	1	1	1	1	0	tibbow29	0	0	0	
ibbow30	1	A2041D	14	Колчан Взрывных Болтов	204	200	11111	B	-1	1	-1	0	2500	0	0	0	0	125	500	1	6	0	0	0	0	0	1	-1	1	1	1	1	1	0	tibbow30	0	0	0	
ibbow31	1	A2041E	15	Заряженный Энергоэлемент	204	200	11111	CD	-1	1	-1	0	2000	0	0	0	0	100	500	1	0	-1	0	0	0	0	1	-1	1	1	1	1	1	0	tibbow31	0	0	0	
ibbow32	1	A2041F	16	Заряженный Энергоэлемент Mk.II	204	200	11111	CD	-1	1	-1	0	2000	0	0	0	0	100	500	1	0	-1	0	0	0	0	1,25	-1	1	1	1	1	1	0	tibbow32	0	0	0	
ibbow33	1	A20420	1	Сумка Стрел	204	200	11111	A	-1	1	-1	0	120000	0	0	0	0	6000	30000	1	0	-1	0	0	0	0	1	-1	1	1	1	0	1	0	tibbow33	0	0	0	
ibbow34	1	A20421	2	Сумка Огненных Стрел	204	200	11111	A	-1	1	-1	0	100794	0	0	0	0	5039	30000	1	0	0	0	0	0	0	1	-1	1	1	1	0	1	0	tibbow34	0	0	0	
ibbow35	1	A20422	3	Сумка Ледяных Стрел	204	200	11111	A	-1	1	-1	0	100794	0	0	0	0	5039	30000	1	0	1	0	0	0	0	1	-1	1	1	1	0	1	0	tibbow35	0	0	0	
ibbow36	1	A20423	4	Сумка Сланцевых Стрел	204	200	11111	A	-1	1	-1	0	100794	0	0	0	0	5039	30000	1	0	2	0	0	0	0	1	-1	1	1	1	0	1	0	tibbow36	0	0	0	
ibbow37	1	A20424	5	Сумка Керамитовых Стрел	204	200	11111	A	-1	1	-1	0	120000	0	0	0	0	6000	30000	1	0	-1	0	0	0	0	1	-1	1	1	1	0	1	0	tibbow37	0	0	0	
ibbow38	1	A20425	6	Сумка Ураганных Стрел	204	200	11111	A	-1	1	-1	0	100794	0	0	0	0	5039	30000	1	0	3	0	0	0	0	1	-1	1	1	1	0	1	0	tibbow38	0	0	0	
ibbow39	1	A20426	7	Сумка Взрывных Стрел	204	200	11111	A	-1	1	-1	0	103175	0	0	0	0	5158	30000	1	6	0	0	0	0	0	1	-1	1	1	1	0	1	0	tibbow39	0	0	0	
ibbow40	1	A20427	8	Сумка Болтов	204	200	11111	B	-1	1	-1	0	120000	0	0	0	0	6000	30000	1	0	-1	0	0	0	0	1	-1	1	1	1	0	1	0	tibbow40	0	0	0	
ibbow41	1	A20428	9	Сумка Огненных Болтов	204	200	11111	B	-1	1	-1	0	100794	0	0	0	0	5039	30000	1	0	0	0	0	0	0	1	-1	1	1	1	0	1	0	tibbow41	0	0	0	
ibbow42	1	A20429	10	Сумка Ледяных Болтов	204	200	11111	B	-1	1	-1	0	100794	0	0	0	0	5039	30000	1	0	1	0	0	0	0	1	-1	1	1	1	0	1	0	tibbow42	0	0	0	
ibbow43	1	A2042A	11	Сумка Сланцевых Болтов	204	200	11111	B	-1	1	-1	0	100794	0	0	0	0	5039	30000	1	0	2	0	0	0	0	1	-1	1	1	1	0	1	0	tibbow43	0	0	0	
ibbow44	1	A2042B	12	Сумка Керамитовых Болтов	204	200	11111	B	-1	1	-1	0	120000	0	0	0	0	6000	30000	1	0	-1	0	0	0	0	1	-1	1	1	1	0	1	0	tibbow44	0	0	0	
ibbow45	1	A2042C	13	Сумка Ураганных Болтов	204	200	11111	B	-1	1	-1	0	100794	0	0	0	0	5039	30000	1	0	3	0	0	0	0	1	-1	1	1	1	0	1	0	tibbow45	0	0	0	
ibbow46	1	A2042D	14	Сумка Взрывных Болтов	204	200	11111	B	-1	1	-1	0	103175	0	0	0	0	5158	30000	1	6	0	0	0	0	0	1	-1	1	1	1	0	1	0	tibbow46	0	0	0	
ibbow47	1	A2042E	15	Насыщенный Энергоэлемент	204	200	11111	CD	-1	1	-1	0	120000	0	0	0	0	6000	30000	1	0	-1	0	0	0	0	1	-1	1	1	1	0	1	0	tibbow47	0	0	0	
ibbow48	1	A2042F	16	Насыщенный Энергоэлемент Mk.II	204	200	11111	CD	-1	1	-1	0	100794	0	0	0	0	5039	30000	1	0	-1	0	0	0	0	1,25	-1	1	1	1	0	1	0	tibbow48	0	0	0	
ibbow49	0	A20430	0	Снаряд	204	200	11111	A	-1	1	-1	0	400	0	0	0	0	20	100	1	0	-1	0	0	0	0	1,25	-1	1	1	1	0	1	0	tibbow49	0	0	0	
ibbow50	0	A20431	0	Снаряд	204	200	11111	A	-1	1	-1	0	400	0	0	0	0	20	100	1	0	-1	0	0	0	0	1,25	-1	1	1	1	0	1	0	tibbow50	0	0	0	
ibbow51	0	A20432	0	Снаряд	204	200	11111	A	-1	1	-1	0	400	0	0	0	0	20	100	1	0	-1	0	0	0	0	1,25	-1	1	1	1	0	1	0	tibbow51	0	0	0	
ibbow52	0	A20433	0	Снаряд	204	200	11111	A	-1	1	-1	0	400	0	0	0	0	20	100	1	0	-1	0	0	0	0	1,25	-1	1	1	1	0	1	0	tibbow52	0	0	0	
ibbow53	0	A20434	0	Снаряд	204	200	11111	A	-1	1	-1	0	400	0	0	0	0	20	100	1	0	-1	0	0	0	0	1,25	-1	1	1	1	0	1	0	tibbow53	0	0	0	
ibbow54	0	A20435	0	Снаряд	204	200	11111	A	-1	1	-1	0	400	0	0	0	0	20	100	1	0	-1	0	0	0	0	1,25	-1	1	1	1	0	1	0	tibbow54	0	0	0	
ibbow55	0	A20436	0	Снаряд	204	200	11111	A	-1	1	-1	0	400	0	0	0	0	20	100	1	0	-1	0	0	0	0	1,25	-1	1	1	1	0	1	0	tibbow55	0	0	0	
ibbow56	0	A20437	0	Снаряд	204	200	11111	A	-1	1	-1	0	400	0	0	0	0	20	100	1	0	-1	0	0	0	0	1,25	-1	1	1	1	0	1	0	tibbow56	0	0	0	
ibbow57	0	A20438	0	Снаряд	204	200	11111	A	-1	1	-1	0	400	0	0	0	0	20	100	1	0	-1	0	0	0	0	1,25	-1	1	1	1	0	1	0	tibbow57	0	0	0	
ibbow58	0	A20439	0	Снаряд	204	200	11111	A	-1	1	-1	0	400	0	0	0	0	20	100	1	0	-1	0	0	0	0	1,25	-1	1	1	1	0	1	0	tibbow58	0	0	0	
ibbow59	0	A2043A	0	Снаряд	204	200	11111	A	-1	1	-1	0	400	0	0	0	0	20	100	1	0	-1	0	0	0	0	1,25	-1	1	1	1	0	1	0	tibbow59	0	0	0	
ibbow60	0	A2043B	0	Снаряд	204	200	11111	A	-1	1	-1	0	400	0	0	0	0	20	100	1	0	-1	0	0	0	0	1,25	-1	1	1	1	0	1	0	tibbow60	0	0	0	
ibbow61	0	A2043C	0	Снаряд	204	200	11111	A	-1	1	-1	0	400	0	0	0	0	20	100	1	0	-1	0	0	0	0	1,25	-1	1	1	1	0	1	0	tibbow61	0	0	0	
ibbow62	0	A2043D	0	Снаряд	204	200	11111	A	-1	1	-1	0	400	0	0	0	0	20	100	1	0	-1	0	0	0	0	1,25	-1	1	1	1	0	1	0	tibbow62	0	0	0	
ibbow63	0	A2043E	0	Снаряд	204	200	11111	A	-1	1	-1	0	400	0	0	0	0	20	100	1	0	-1	0	0	0	0	1,25	-1	1	1	1	0	1	0	tibbow63	0	0	0	
ibbow64	0	A2043F	0	Снаряд	204	200	11111	A	-1	1	-1	0	400	0	0	0	0	20	100	1	0	-1	0	0	0	0	1,25	-1	1	1	1	0	1	0	tibbow64	0	0	0	
ibbow65	0	A20440	0	Снаряд	204	200	11111	A	-1	1	-1	0	400	0	0	0	0	20	100	1	0	-1	0	0	0	0	1,25	-1	1	1	1	0	1	0	tibbow65	0	0	0	
ibbow66	0	A20441	0	Снаряд	204	200	11111	A	-1	1	-1	0	400	0	0	0	0	20	100	1	0	-1	0	0	0	0	1,25	-1	1	1	1	0	1	0	tibbow66	0	0	0	
ibbow67	0	A20442	0	Снаряд	204	200	11111	A	-1	1	-1	0	400	0	0	0	0	20	100	1	0	-1	0	0	0	0	1,25	-1	1	1	1	0	1	0	tibbow67	0	0	0	
ibbow68	0	A20443	0	Снаряд	204	200	11111	A	-1	1	-1	0	400	0	0	0	0	20	100	1	0	-1	0	0	0	0	1,25	-1	1	1	1	0	1	0	tibbow68	0	0	0	
ibbow69	0	A20444	0	Снаряд	204	200	11111	A	-1	1	-1	0	400	0	0	0	0	20	100	1	0	-1	0	0	0	0	1,25	-1	1	1	1	0	1	0	tibbow69	0	0	0	
ibbow70	0	A20445	0	Снаряд	204	200	11111	A	-1	1	-1	0	400	0	0	0	0	20	100	1	0	-1	0	0	0	0	1,25	-1	1	1	1	0	1	0	tibbow70	0	0	0	
ibbow71	0	A20446	0	Снаряд	204	200	11111	A	-1	1	-1	0	400	0	0	0	0	20	100	1	0	-1	0	0	0	0	1,25	-1	1	1	1	0	1	0	tibbow71	0	0	0	
ibbow72	0	A20447	0	Снаряд	204	200	11111	A	-1	1	-1	0	400	0	0	0	0	20	100	1	0	-1	0	0	0	0	1,25	-1	1	1	1	0	1	0	tibbow72	0	0	0	
ibbow73	0	A20448	0	Снаряд	204	200	11111	A	-1	1	-1	0	400	0	0	0	0	20	100	1	0	-1	0	0	0	0	1,25	-1	1	1	1	0	1	0	tibbow73	0	0	0	
ibbow74	0	A20449	0	Снаряд	204	200	11111	A	-1	1	-1	0	400	0	0	0	0	20	100	1	0	-1	0	0	0	0	1,25	-1	1	1	1	0	1	0	tibbow74	0	0	0	
ibbow75	0	A2044A	0	Снаряд	204	200	11111	A	-1	1	-1	0	400	0	0	0	0	20	100	1	0	-1	0	0	0	0	1,25	-1	1	1	1	0	1	0	tibbow75	0	0	0	
ibbow76	0	A2044B	0	Снаряд	204	200	11111	A	-1	1	-1	0	400	0	0	0	0	20	100	1	0	-1	0	0	0	0	1,25	-1	1	1	1	0	1	0	tibbow76	0	0	0	
ibbow77	0	A2044C	0	Снаряд	204	200	11111	A	-1	1	-1	0	400	0	0	0	0	20	100	1	0	-1	0	0	0	0	1,25	-1	1	1	1	0	1	0	tibbow77	0	0	0	
ibbow78	0	A2044D	0	Снаряд	204	200	11111	A	-1	1	-1	0	400	0	0	0	0	20	100	1	0	-1	0	0	0	0	1,25	-1	1	1	1	0	1	0	tibbow78	0	0	0	
ibbow79	0	A2044E	0	Снаряд	204	200	11111	A	-1	1	-1	0	400	0	0	0	0	20	100	1	0	-1	0	0	0	0	1,25	-1	1	1	1	0	1	0	tibbow79	0	0	0	
ibbow80	0	A2044F	0	Снаряд	204	200	11111	A	-1	1	-1	0	400	0	0	0	0	20	100	1	0	-1	0	0	0	0	1,25	-1	1	1	1	0	1	0	tibbow80	0	0	0	
ibbow81	0	A20450	0	Снаряд	204	200	11111	A	-1	1	-1	0	400	0	0	0	0	20	100	1	0	-1	0	0	0	0	1,25	-1	1	1	1	0	1	0	tibbow81	0	0	0	
ibbow82	0	A20451	0	Снаряд	204	200	11111	A	-1	1	-1	0	400	0	0	0	0	20	100	1	0	-1	0	0	0	0	1,25	-1	1	1	1	0	1	0	tibbow82	0	0	0	
ibbow83	0	A20452	0	Снаряд	204	200	11111	A	-1	1	-1	0	400	0	0	0	0	20	100	1	0	-1	0	0	0	0	1,25	-1	1	1	1	0	1	0	tibbow83	0	0	0	
ibbow84	0	A20453	0	Снаряд	204	200	11111	A	-1	1	-1	0	400	0	0	0	0	20	100	1	0	-1	0	0	0	0	1,25	-1	1	1	1	0	1	0	tibbow84	0	0	0	
ibbow85	0	A20454	0	Снаряд	204	200	11111	A	-1	1	-1	0	400	0	0	0	0	20	100	1	0	-1	0	0	0	0	1,25	-1	1	1	1	0	1	0	tibbow85	0	0	0	
ibbow86	0	A20455	0	Снаряд	204	200	11111	A	-1	1	-1	0	400	0	0	0	0	20	100	1	0	-1	0	0	0	0	1,25	-1	1	1	1	0	1	0	tibbow86	0	0	0	
ibbow87	0	A20456	0	Снаряд	204	200	11111	A	-1	1	-1	0	400	0	0	0	0	20	100	1	0	-1	0	0	0	0	1,25	-1	1	1	1	0	1	0	tibbow87	0	0	0	
ibbow88	0	A20457	0	Снаряд	204	200	11111	A	-1	1	-1	0	400	0	0	0	0	20	100	1	0	-1	0	0	0	0	1,25	-1	1	1	1	0	1	0	tibbow88	0	0	0	
ibbow89	0	A20458	0	Снаряд	204	200	11111	A	-1	1	-1	0	400	0	0	0	0	20	100	1	0	-1	0	0	0	0	1,25	-1	1	1	1	0	1	0	tibbow89	0	0	0	
ibbow90	0	A20459	0	Снаряд	204	200	11111	A	-1	1	-1	0	400	0	0	0	0	20	100	1	0	-1	0	0	0	0	1,25	-1	1	1	1	0	1	0	tibbow90	0	0	0	
ibbow91	0	A2045A	0	Снаряд	204	200	11111	A	-1	1	-1	0	400	0	0	0	0	20	100	1	0	-1	0	0	0	0	1,25	-1	1	1	1	0	1	0	tibbow91	0	0	0	
ibbow92	0	A2045B	0	Снаряд	204	200	11111	A	-1	1	-1	0	400	0	0	0	0	20	100	1	0	-1	0	0	0	0	1,25	-1	1	1	1	0	1	0	tibbow92	0	0	0	
ibbow93	0	A2045C	0	Снаряд	204	200	11111	A	-1	1	-1	0	400	0	0	0	0	20	100	1	0	-1	0	0	0	0	1,25	-1	1	1	1	0	1	0	tibbow93	0	0	0	
ibbow94	0	A2045D	0	Снаряд	204	200	11111	A	-1	1	-1	0	400	0	0	0	0	20	100	1	0	-1	0	0	0	0	1,25	-1	1	1	1	0	1	0	tibbow94	0	0	0	
ibbow95	0	A2045E	0	Снаряд	204	200	11111	A	-1	1	-1	0	400	0	0	0	0	20	100	1	0	-1	0	0	0	0	1,25	-1	1	1	1	0	1	0	tibbow95	0	0	0	
ibbow96	0	A2045F	0	Снаряд	204	200	11111	A	-1	1	-1	0	400	0	0	0	0	20	100	1	0	-1	0	0	0	0	1,25	-1	1	1	1	0	1	0	tibbow96	0	0	0	
ibbow97	0	A20460	0	Снаряд	204	200	11111	A	-1	1	-1	0	400	0	0	0	0	20	100	1	0	-1	0	0	0	0	1,25	-1	1	1	1	0	1	0	tibbow97	0	0	0	
ibbow98	0	A20461	0	Снаряд	204	200	11111	A	-1	1	-1	0	400	0	0	0	0	20	100	1	0	-1	0	0	0	0	1,25	-1	1	1	1	0	1	0	tibbow98	0	0	0	
ibbow99	0	A20462	0	Снаряд	204	200	11111	A	-1	1	-1	0	400	0	0	0	0	20	100	1	0	-1	0	0	0	0	1,25	-1	1	1	1	0	1	0	tibbow99	0	0	0	
ibbow00	1	A20463	1	Стрела Новичка	204	200	11111	ABCD	-1	1	-1	0	400	0	0	0	0	20	500	1	0	-1	0	0	0	0	1	-1	1	0	0	0	1	0	tibbow00	0	0	0	
ibfir01	1	A20364	17	Магазин	203	200	11111	E	-1	1	-1	0	400	0	0	0	0	20	100	1	0	-1	0	0	0	0	1	-1	1	1	1	1	1	0	tibfir01	0	0	0	
ibfir02	1	A20365	18	Циклонный Магазин	203	200	11111	E	-1	1	-1	0	400	0	0	0	0	20	100	1	0	3	0	0	0	0	1	-1	1	1	1	1	1	0	tibfir02	0	0	0	
ibfir03	1	A20366	19	Энергомагазин	203	200	11111	H	-1	1	-1	0	400	0	0	0	0	20	100	1	0	-1	0	0	0	0	1,25	-1	1	1	1	1	1	0	tibfir03	0	0	0	
ibfir04	1	A20367	20	Лазерный Магазин	203	200	11111	H	-1	1	-1	0	400	0	0	0	0	20	100	1	0	-1	0	0	0	0	1	-1	1	1	1	1	1	0	tibfir04	0	0	0	
ibfir05	1	A20368	21	Ленточный Магазин	203	200	11111	FG	-1	1	-1	0	400	0	0	0	0	20	100	1	0	-1	0	0	0	0	1	-1	1	1	1	1	1	0	tibfir05	0	0	0	
ibfir06	1	A20369	22	Сланцевый Магазин	203	200	11111	E	-1	1	-1	0	500	0	0	0	0	25	100	1	6	2	0	0	0	0	1	-1	1	1	1	1	1	0	tibfir06	0	0	0	
ibfir07	1	A2036A	23	Разрывной Магазин	203	200	11111	E	-1	1	-1	0	500	0	0	0	0	25	100	1	6	0	0	0	0	0	1	-1	1	1	1	1	1	0	tibfir07	0	0	0	
ibfir08	1	42036B	24	Ядерная Ракета	203	200	00001	IK	-1	1	-1	0	2500	0	0	0	0	125	100	1	6	0	0	0	0	0	1,25	-1	1	1	1	1	1	0	tibfir08	0	0	0	
ibfir09	1	42036C	25	Магнитная Ракета	203	200	00001	IK	-1	1	-1	0	2500	0	0	0	0	125	100	1	6	3	0	0	0	0	1,25	-1	1	1	1	1	1	0	tibfir09	0	0	0	
ibfir10	1	42036D	26	Напалмовая Ракета	203	200	00001	IK	-1	1	-1	0	2500	0	0	0	0	125	100	1	6	0	0	0	0	0	1,25	-1	1	1	1	1	1	0	tibfir10	0	0	0	
ibfir11	1	42036E	27	Токсичная Ракета	203	200	00001	IK	-1	1	-1	0	2500	0	0	0	0	125	100	1	6	2	0	0	0	0	1,25	-1	1	1	1	1	1	0	tibfir11	0	0	0	
ibfir12	1	42036F	28	Циклонная Ракета	203	200	00001	IK	-1	1	-1	0	2500	0	0	0	0	125	100	1	6	1	0	0	0	0	1,25	-1	1	1	1	1	1	0	tibfir12	0	0	0	
ibfir13	1	420370	29	Световая Ракета	203	200	00001	IK	-1	1	-1	0	2000	0	0	0	0	100	100	1	0	0	0	0	0	0	1,25	-1	1	1	1	1	1	0	tibfir13	0	0	0	
ibfir14	1	420371	30	Огненная Ракета	203	200	00001	IK	-1	1	-1	0	2000	0	0	0	0	100	100	1	0	0	0	0	0	0	1,25	-1	1	1	1	1	1	0	tibfir14	0	0	0	
ibfir15	1	420372	31	Жидкое Топливо	203	200	00001	J	-1	1	-1	0	2500	0	0	0	0	125	100	1	6	0	0	0	0	0	1,25	-1	1	1	1	1	1	0	tibfir15	0	0	0	
ibfir16	1	420373	32	Керамитовая Ракета	203	200	00001	IK	-1	1	-1	0	2000	0	0	0	0	100	100	1	0	-1	0	0	0	0	1,25	-1	1	1	1	1	1	0	tibfir16	0	0	0	
ibfir17	1	A20374	17	Цинк Магазинов	203	200	11111	E	-1	1	-1	0	2000	0	0	0	0	100	500	1	0	-1	0	0	0	0	1	-1	1	1	1	1	1	0	tibfir17	0	0	0	
ibfir18	1	A20375	18	Цинк Циклонных Магазинов	203	200	11111	E	-1	1	-1	0	2000	0	0	0	0	100	500	1	0	3	0	0	0	0	1	-1	1	1	1	1	1	0	tibfir18	0	0	0	
ibfir19	1	A20376	19	Заряженный Энергомагазин	203	200	11111	H	-1	1	-1	0	2000	0	0	0	0	100	500	1	0	-1	0	0	0	0	1,25	-1	1	1	1	1	1	0	tibfir19	0	0	0	
ibfir20	1	A20377	20	Заряженный Лазерный Магазин	203	200	11111	H	-1	1	-1	0	2000	0	0	0	0	100	500	1	0	-1	0	0	0	0	1	-1	1	1	1	1	1	0	tibfir20	0	0	0	
ibfir21	1	A20378	21	Цинк Ленточных Магазинов	203	200	11111	FG	-1	1	-1	0	2000	0	0	0	0	100	500	1	0	-1	0	0	0	0	1	-1	1	1	1	1	1	0	tibfir21	0	0	0	
ibfir22	1	A20379	22	Цинк Сланцевых Магазинов	203	200	11111	E	-1	1	-1	0	2000	0	0	0	0	100	500	1	0	2	0	0	0	0	1	-1	1	1	1	1	1	0	tibfir22	0	0	0	
ibfir23	1	A2037A	23	Цинк Разрывных Магазинов	203	200	11111	E	-1	1	-1	0	2500	0	0	0	0	125	500	1	6	0	0	0	0	0	1	-1	1	1	1	1	1	0	tibfir23	0	0	0	
ibfir24	1	42037B	24	Блок Ядерных Ракет	203	200	00001	IK	-1	1	-1	0	12500	0	0	0	0	625	500	1	6	0	0	0	0	0	1,25	-1	1	1	1	1	1	0	tibfir24	0	0	0	
ibfir25	1	42037C	25	Блок Магнитных Ракет	203	200	00001	IK	-1	1	-1	0	12500	0	0	0	0	625	500	1	6	3	0	0	0	0	1,25	-1	1	1	1	1	1	0	tibfir25	0	0	0	
ibfir26	1	42037D	26	Блок Гибридных Ракет	203	200	00001	IK	-1	1	-1	0	12500	0	0	0	0	625	500	1	6	0	0	0	0	0	1,25	-1	1	1	1	1	1	0	tibfir26	0	0	0	
ibfir27	1	42037E	27	Блок Токсичных Ракет	203	200	00001	IK	-1	1	-1	0	12500	0	0	0	0	625	500	1	6	2	0	0	0	0	1,25	-1	1	1	1	1	1	0	tibfir27	0	0	0	
ibfir28	1	42037F	28	Блок Ураганных Ракет	203	200	00001	IK	-1	1	-1	0	12500	0	0	0	0	625	500	1	6	1	0	0	0	0	1,25	-1	1	1	1	1	1	0	tibfir28	0	0	0	
ibfir29	1	420380	29	Блок Световых Ракет	203	200	00001	IK	-1	1	-1	0	10000	0	0	0	0	500	500	1	0	0	0	0	0	0	1,25	-1	1	1	1	1	1	0	tibfir29	0	0	0	
ibfir30	1	420381	30	Блок Самонаводящихся Ракет	203	200	00001	IK	-1	1	-1	0	10000	0	0	0	0	500	500	1	0	0	0	0	0	0	1,25	-1	1	1	1	1	1	0	tibfir30	0	0	0	
ibfir31	1	420382	31	Баллон Жидкого Топлива	203	200	00001	J	-1	1	-1	0	12500	0	0	0	0	625	500	1	6	0	0	0	0	0	1,25	-1	1	1	1	1	1	0	tibfir31	0	0	0	
ibfir32	1	420383	32	Блок Керамитовых Ракет	203	200	00001	IK	-1	1	-1	0	10000	0	0	0	0	500	500	1	0	-1	0	0	0	0	1,25	-1	1	1	1	1	1	0	tibfir32	0	0	0	
ibfir33	1	A20384	17	Ящик Магазинов	203	200	11111	E	-1	1	-1	0	120000	0	0	0	0	6000	30000	1	0	-1	0	0	0	0	1	-1	1	1	1	0	1	0	tibfir33	0	0	0	
ibfir34	1	A20385	18	Ящик Циклонных Магазинов	203	200	11111	E	-1	1	-1	0	100794	0	0	0	0	5039	30000	1	0	3	0	0	0	0	1	-1	1	1	1	0	1	0	tibfir34	0	0	0	
ibfir35	1	A20386	19	Насыщенный Энергомагазин	203	200	11111	H	-1	1	-1	0	100794	0	0	0	0	5039	30000	1	0	-1	0	0	0	0	1,25	-1	1	1	1	0	1	0	tibfir35	0	0	0	
ibfir36	1	A20387	20	Насыщенный Лазерный Магазин	203	200	11111	H	-1	1	-1	0	120000	0	0	0	0	6000	30000	1	0	-1	0	0	0	0	1	-1	1	1	1	0	1	0	tibfir36	0	0	0	
ibfir37	1	A20388	21	Ящик Ленточных Магазинов	203	200	11111	FG	-1	1	-1	0	120000	0	0	0	0	6000	30000	1	0	-1	0	0	0	0	1	-1	1	1	1	0	1	0	tibfir37	0	0	0	
ibfir38	1	A20389	22	Ящик Сланцевых Магазинов	203	200	11111	E	-1	1	-1	0	103175	0	0	0	0	5158	30000	1	6	2	0	0	0	0	1	-1	1	1	1	0	1	0	tibfir38	0	0	1	
ibfir39	1	A2038A	23	Ящик Разрывных Магазинов	203	200	11111	E	-1	1	-1	0	103175	0	0	0	0	5158	30000	1	6	0	0	0	0	0	1	-1	1	1	1	0	1	0	tibfir39	0	0	0	
ibfir40	1	42038B	24	Контейнер Ядерных Ракет	203	200	00001	IK	-1	1	-1	0	150000	0	0	0	0	7499	30000	1	6	0	0	0	0	0	1,25	-1	1	1	1	0	1	0	tibfir40	0	0	0	
ibfir41	1	42038C	25	Контейнер Магнитных Ракет	203	200	00001	IK	-1	1	-1	0	150000	0	0	0	0	7499	30000	1	6	3	0	0	0	0	1,25	-1	1	1	1	0	1	0	tibfir41	0	0	0	
ibfir42	1	42038D	26	Контейнер Гибридных Ракет	203	200	00001	IK	-1	1	-1	0	150000	0	0	0	0	7499	30000	1	6	0	0	0	0	0	1,25	-1	1	1	1	0	1	0	tibfir42	0	0	0	
ibfir43	1	42038E	27	Контейнер Токсичных Ракет	203	200	00001	IK	-1	1	-1	0	150000	0	0	0	0	7499	30000	1	6	2	0	0	0	0	1,25	-1	1	1	1	0	1	0	tibfir43	0	0	0	
ibfir44	1	42038F	28	Контейнер Ураганных Ракет	203	200	00001	IK	-1	1	-1	0	150000	0	0	0	0	7499	30000	1	6	1	0	0	0	0	1,25	-1	1	1	1	0	1	0	tibfir44	0	0	0	
ibfir45	1	420390	29	Контейнер Световых Ракет	203	200	00001	IK	-1	1	-1	0	138095	0	0	0	0	6904	30000	1	0	0	0	0	0	0	1,25	-1	1	1	1	0	1	0	tibfir45	0	0	0	
ibfir46	1	420391	30	Контейнер Самонаводящихся Ракет	203	200	00001	IK	-1	1	-1	0	138095	0	0	0	0	6904	30000	1	0	0	0	0	0	0	1,25	-1	1	1	1	0	1	0	tibfir46	0	0	0	
ibfir47	1	420392	31	Танк Жидкого Топлива	203	200	00001	J	-1	1	-1	0	145238	0	0	0	0	7261	30000	1	5	0	0	0	0	0	1,25	-1	1	1	1	0	1	0	tibfir47	0	0	0	
ibfir48	1	420393	32	Контейнер Керамитовых Ракет	203	200	00001	IK	-1	1	-1	0	138095	0	0	0	0	6904	30000	1	0	-1	0	0	0	0	1,25	-1	1	1	1	0	1	0	tibfir48	0	0	0	
ibfir49	1	A20394	0	Снаряд	203	200	11111	A	-1	1	-1	0	400	0	0	0	0	20	100	1	0	-1	0	0	0	0	1,25	-1	1	1	1	0	1	0	tibfir49	0	0	0	
ibfir50	1	A20395	0	Снаряд	203	200	11111	A	-1	1	-1	0	400	0	0	0	0	20	100	1	0	-1	0	0	0	0	1,25	-1	1	1	1	0	1	0	tibfir50	0	0	0	
ibfir51	1	420396	33	Кислотная Граната	203	200	00001	LMNO	-1	1	-1	0	400	0	0	0	0	20	100	1	0	-1	0	0	0	0	1	1	1	1	1	1	1	0	tibfir51	0	0	0	
ibfir52	1	420397	34	Вакуумная Граната	203	200	00001	LMNO	-1	1	-1	0	400	0	0	0	0	20	100	1	0	-1	0	0	0	0	1	2	1	1	1	1	1	0	tibfir52	0	0	0	
ibfir53	1	420398	35	Дымовая Граната	203	200	00001	LMNO	-1	1	-1	0	400	0	0	0	0	20	100	1	0	-1	0	0	0	0	1	3	1	1	1	1	1	0	tibfir53	0	0	0	
ibfir54	1	420399	36	Шоковая Граната	203	200	00001	LMNO	-1	1	-1	0	400	0	0	0	0	20	100	1	0	-1	0	0	0	0	1	4	1	1	1	1	1	0	tibfir54	0	0	0	
ibfir55	1	42039A	37	Ментальная Граната	203	200	00001	MNO	-1	1	-1	0	1000	0	0	0	0	50	100	1	0	-1	0	0	0	0	1	5	1	1	1	1	1	0	tibfir55	0	0	0	
ibfir56	1	42039B	38	Оглушающая Граната	203	200	00001	MNO	-1	1	-1	0	1000	0	0	0	0	50	100	1	0	-1	0	0	0	0	1	6	1	1	1	1	1	0	tibfir56	0	0	0	
ibfir57	1	42039C	39	Разъедающая Граната	203	200	00001	MNO	-1	1	-1	0	1000	0	0	0	0	50	100	1	0	-1	0	0	0	0	1	7	1	1	1	1	1	0	tibfir57	0	0	0	
ibfir58	1	42039D	40	Ослабляющая Граната	203	200	00001	MNO	-1	1	-1	0	1000	0	0	0	0	50	100	1	0	-1	0	0	0	0	1	8	1	1	1	1	1	0	tibfir58	0	0	0	
ibfir59	1	42039E	41	Паралитическая Граната	203	200	00001	NO	-1	1	-1	0	3000	0	0	0	0	150	100	1	0	-1	0	0	0	0	1	9	1	1	1	1	1	0	tibfir59	0	0	0	
ibfir60	1	42039F	42	Стихийная Граната	203	200	00001	NO	-1	1	-1	0	3000	0	0	0	0	150	100	1	0	-1	0	0	0	0	1	A	1	1	1	1	1	0	tibfir60	0	0	0	
ibfir61	1	4203A0	43	Антимагическая Граната	203	200	00001	NO	-1	1	-1	0	3000	0	0	0	0	150	100	1	0	-1	0	0	0	0	1	B	1	1	1	1	1	0	tibfir61	0	0	0	
ibfir62	1	4203A1	44	Волновая Граната	203	200	00001	NO	-1	1	-1	0	3000	0	0	0	0	150	100	1	0	-1	0	0	0	0	1	C	1	1	1	1	1	0	tibfir62	0	0	0	
ibfir63	1	4203A2	45	Ослепляющая Граната	203	200	00001	O	-1	1	-1	0	5000	0	0	0	0	250	100	1	0	-1	0	0	0	0	1	D	1	1	1	1	1	0	tibfir63	0	0	0	
ibfir64	1	4203A3	46	Паутинная Граната	203	200	00001	O	-1	1	-1	0	5000	0	0	0	0	250	100	1	0	-1	0	0	0	0	1	E	1	1	1	1	1	0	tibfir64	0	0	0	
ibfir65	1	4203A4	47	Вирусная Граната	203	200	00001	O	-1	1	-1	0	5000	0	0	0	0	250	100	1	0	-1	0	0	0	0	1	F	1	1	1	1	1	0	tibfir65	0	0	0	
ibfir66	1	4203A5	48	Псионическая Граната	203	200	00001	O	-1	1	-1	0	5000	0	0	0	0	250	100	1	0	-1	0	0	0	0	1	10	1	1	1	1	1	0	tibfir66	0	0	0	
ibfir67	1	A203A6	49	Коробчатый Магазин	203	200	11111	FG	-1	1	-1	0	500	0	0	0	0	25	100	1	6	-1	0	0	0	0	1,149999976	-1	1	1	1	1	1	0	tibfir67	0	0	0	
ibfir68	1	A203A7	49	Цинк Коробчатых Магазинов	203	200	11111	FG	-1	1	-1	0	2500	0	0	0	0	125	500	1	6	-1	0	0	0	0	1,149999976	-1	1	1	1	1	1	0	tibfir68	0	0	0	
ibfir69	1	4203A8	50	Ледяное Топливо	203	200	00001	J	-1	1	-1	0	2500	0	0	0	0	125	100	1	6	1	0	0	0	0	1,25	-1	1	1	1	1	1	0	tibfir69	0	0	0	
ibfir70	1	4203A9	50	Баллон Ледяного Топлива	203	200	00001	J	-1	1	-1	0	12500	0	0	0	0	625	500	1	6	1	0	0	0	0	1,25	-1	1	1	1	1	1	0	tibfir70	0	0	0	
ibfir71	1	4203AA	50	Танк Ледяного Топлива	203	200	00001	J	-1	1	-1	0	150000	0	0	0	0	7499	30000	1	6	1	0	0	0	0	1,25	-1	1	1	1	0	1	0	tibfir71	0	0	0	
ibfir72	1	4203AB	51	Сланцевое Топливо	203	200	00001	J	-1	1	-1	0	2500	0	0	0	0	125	100	1	6	2	0	0	0	0	1,25	-1	1	1	1	1	1	0	tibfir72	0	0	0	
ibfir73	1	4203AC	51	Баллон Сланцевого Топлива	203	200	00001	J	-1	1	-1	0	12500	0	0	0	0	625	500	1	6	2	0	0	0	0	1,25	-1	1	1	1	1	1	0	tibfir73	0	0	0	
ibfir74	1	4203AD	51	Танк Сланцевого Топлива	203	200	00001	J	-1	1	-1	0	150000	0	0	0	0	7499	30000	1	6	2	0	0	0	0	1,25	-1	1	1	1	0	1	0	tibfir74	0	0	0	
ibfir75	1	4203AE	52	Летучее Топливо	203	200	00001	J	-1	1	-1	0	2500	0	0	0	0	125	100	1	6	3	0	0	0	0	1,25	-1	1	1	1	1	1	0	tibfir75	0	0	0	
ibfir76	1	4203AF	52	Баллон Летучего Топлива	203	200	00001	J	-1	1	-1	0	12500	0	0	0	0	625	500	1	6	3	0	0	0	0	1,25	-1	1	1	1	1	1	0	tibfir76	0	0	0	
ibfir77	1	4203B0	52	Танк Летучего Топлива	203	200	00001	J	-1	1	-1	0	150000	0	0	0	0	7499	30000	1	6	3	0	0	0	0	1,25	-1	1	1	1	0	1	0	tibfir77	0	0	0	
ibfir78	1	A203B1	53	Фрионный Магазин	203	200	11111	E	-1	1	-1	0	400	0	0	0	0	20	100	1	0	1	0	0	0	0	1	-1	1	1	1	1	1	0	tibfir78	0	0	0	
ibfir79	1	A203B2	53	Цинк Фрионных Магазинов	203	200	11111	E	-1	1	-1	0	2000	0	0	0	0	100	500	1	0	1	0	0	0	0	1	-1	1	1	1	1	1	0	tibfir79	0	0	0	
ibfir80	1	A203B3	53	Ящик Фрионных Магазинов	203	200	11111	E	-1	1	-1	0	100794	0	0	0	0	5039	30000	1	0	1	0	0	0	0	1	-1	1	1	1	0	1	0	tibfir80	0	0	0	
ibfir81	1	A203B3	54	Очищающая Граната	203	200	00001	LMNO	-1	1	-1	0	800	0	0	0	0	40	100	1	6	-1	0	0	0	0	1	13	1	1	1	1	1	0	tibfir81	0	0	0	
ibfir82	1	A203B3	55	Восстанавливающая Граната	203	200	00001	MNO	-1	1	-1	0	5000	0	0	0	0	250	100	1	6	-1	0	0	0	0	1	14	1	1	1	1	1	0	tibfir82	0	0	0	
ibfir83	0	A203B6	0	Снаряд	203	200	11111	A	-1	1	-1	0	400	0	0	0	0	20	100	1	0	-1	0	0	0	0	1,25	-1	1	1	1	0	1	0	tibfir83	0	0	0	
ibfir84	0	A203B7	0	Снаряд	203	200	11111	A	-1	1	-1	0	400	0	0	0	0	20	100	1	0	-1	0	0	0	0	1,25	-1	1	1	1	0	1	0	tibfir84	0	0	0	
ibfir85	0	A203B8	0	Снаряд	203	200	11111	A	-1	1	-1	0	400	0	0	0	0	20	100	1	0	-1	0	0	0	0	1,25	-1	1	1	1	0	1	0	tibfir85	0	0	0	
ibfir86	0	A203B9	0	Снаряд	203	200	11111	A	-1	1	-1	0	400	0	0	0	0	20	100	1	0	-1	0	0	0	0	1,25	-1	1	1	1	0	1	0	tibfir86	0	0	0	
ibfir87	0	A203BA	0	Снаряд	203	200	11111	A	-1	1	-1	0	400	0	0	0	0	20	100	1	0	-1	0	0	0	0	1,25	-1	1	1	1	0	1	0	tibfir87	0	0	0	
ibfir88	0	A203BB	0	Снаряд	203	200	11111	A	-1	1	-1	0	400	0	0	0	0	20	100	1	0	-1	0	0	0	0	1,25	-1	1	1	1	0	1	0	tibfir88	0	0	0	
ibfir89	0	A203BC	0	Снаряд	203	200	11111	A	-1	1	-1	0	400	0	0	0	0	20	100	1	0	-1	0	0	0	0	1,25	-1	1	1	1	0	1	0	tibfir89	0	0	0	
ibfir90	0	A203BD	0	Снаряд	203	200	11111	A	-1	1	-1	0	400	0	0	0	0	20	100	1	0	-1	0	0	0	0	1,25	-1	1	1	1	0	1	0	tibfir90	0	0	0	
ibfir91	0	A203BE	0	Снаряд	203	200	11111	A	-1	1	-1	0	400	0	0	0	0	20	100	1	0	-1	0	0	0	0	1,25	-1	1	1	1	0	1	0	tibfir91	0	0	0	
ibfir92	0	A203BF	0	Снаряд	203	200	11111	A	-1	1	-1	0	400	0	0	0	0	20	100	1	0	-1	0	0	0	0	1,25	-1	1	1	1	0	1	0	tibfir92	0	0	0	
ibfir93	0	A203C0	0	Снаряд	203	200	11111	A	-1	1	-1	0	400	0	0	0	0	20	100	1	0	-1	0	0	0	0	1,25	-1	1	1	1	0	1	0	tibfir93	0	0	0	
ibfir94	0	A203C1	0	Снаряд	203	200	11111	A	-1	1	-1	0	400	0	0	0	0	20	100	1	0	-1	0	0	0	0	1,25	-1	1	1	1	0	1	0	tibfir94	0	0	0	
ibfir95	0	A203C2	0	Снаряд	203	200	11111	A	-1	1	-1	0	400	0	0	0	0	20	100	1	0	-1	0	0	0	0	1,25	-1	1	1	1	0	1	0	tibfir95	0	0	0	
ibfir96	0	A203C3	0	Снаряд	203	200	11111	A	-1	1	-1	0	400	0	0	0	0	20	100	1	0	-1	0	0	0	0	1,25	-1	1	1	1	0	1	0	tibfir96	0	0	0	
ibfir97	0	A203C4	0	Снаряд	203	200	11111	A	-1	1	-1	0	400	0	0	0	0	20	100	1	0	-1	0	0	0	0	1,25	-1	1	1	1	0	1	0	tibfir97	0	0	0	
ibfir98	0	A203C5	0	Снаряд	203	200	11111	A	-1	1	-1	0	400	0	0	0	0	20	100	1	0	-1	0	0	0	0	1,25	-1	1	1	1	0	1	0	tibfir98	0	0	0	
ibfir99	0	A203C6	0	Снаряд	203	200	11111	A	-1	1	-1	0	400	0	0	0	0	20	100	1	0	-1	0	0	0	0	1,25	-1	1	1	1	0	1	0	tibfir99	0	0	0	
ibfir00	0	A20364	17	Магазин Новичка	203	200	11111	EFGH	-1	1	-1	0	10	0	0	0	0	0	500	1	0	-1	0	0	0	0	1	-1	1	0	0	0	1	0	tibfir00	0	0	0	
ibxxx00	0	A20364	17	Тренировочный Боеприпас	203	200	11111	EFGH	-1	1	-1	0	10	0	0	0	0	0	1	1	0	-1	0	0	0	0	1	-1	1	0	0	0	1	0	tibxxx00	0	0	0	
ibxxx01	1	A20364	17	Тренировочный Боеприпас	203	200	11111	EFGH	-1	1	-1	0	10	0	0	0	0	0	30000	1	0	-1	0	0	0	0	1	-1	1	0	0	0	1	0	tibxxx01	0	0	0	
ibxxx02	0	A20400	1	Тренировочные Стрелы	204	200	11111	ABCD	-1	1	-1	0	10	0	0	0	0	0	1	1	0	-1	0	0	0	0	1	-1	1	0	0	0	1	0	tibxxx02	0	0	0	
ibxxx03	1	A20400	1	Тренировочные Стрелы	204	200	11111	ABCD	-1	1	-1	0	10	0	0	0	0	0	30000	1	0	-1	0	0	0	0	1	-1	1	0	0	0	1	0	tibxxx03	0	0	0	
ibdbr01	1	A204CC	1	Стрела	204	200	11111	A	-1	1	-1	0	100	0	0	0	0	100	3000	1	0	-1	0	0	0	0	1	-1	1	1	1	1	1	0	tibdbr01	0	0	0	
ibdbr02	1	A204CD	2	Огненная Стрела	204	200	11111	A	-1	1	-1	0	100	0	0	0	0	100	3000	1	0	0	0	0	0	0	1	-1	1	1	1	1	1	0	tibdbr02	0	0	0	
ibdbr03	1	A204CE	3	Ледяная Стрела	204	200	11111	A	-1	1	-1	0	100	0	0	0	0	100	3000	1	0	1	0	0	0	0	1	-1	1	1	1	1	1	0	tibdbr03	0	0	0	
ibdbr04	1	A204CF	4	Отравленная Стрела	204	200	11111	A	-1	1	-1	0	100	0	0	0	0	100	3000	1	0	2	0	0	0	0	1	-1	1	1	1	1	1	0	tibdbr04	0	0	0	
ibdbr05	1	A204D0	6	Искусственная Стрела	204	200	11111	A	-1	1	-1	0	100	0	0	0	0	100	3000	1	0	3	0	0	0	0	1	-1	1	1	1	1	1	0	tibdbr05	0	0	0	
ibdbr06	1	A204D1	7	Разрывная Стрела	204	200	11111	A	-1	1	-1	0	100	0	0	0	0	100	3000	1	6	0	0	0	0	0	1	-1	1	1	1	1	1	0	tibdbr06	0	0	0	
ibdbr07	1	A204D2	8	Болт	204	200	11111	B	-1	1	-1	0	100	0	0	0	0	100	3000	1	0	-1	0	0	0	0	1	-1	1	1	1	1	1	0	tibdbr07	0	0	0	
ibdbr08	1	A204D3	9	Огненный Болт	204	200	11111	B	-1	1	-1	0	100	0	0	0	0	100	3000	1	0	0	0	0	0	0	1	-1	1	1	1	1	1	0	tibdbr08	0	0	0	
ibdbr09	1	A204D4	10	Ледяной Болт	204	200	11111	B	-1	1	-1	0	100	0	0	0	0	100	3000	1	0	1	0	0	0	0	1	-1	1	1	1	1	1	0	tibdbr09	0	0	0	
ibdbr10	1	A204D5	11	Отравленный Болт	204	200	11111	B	-1	1	-1	0	100	0	0	0	0	100	3000	1	0	2	0	0	0	0	1	-1	1	1	1	1	1	0	tibdbr10	0	0	0	
ibdbr11	1	A204D6	13	Искусственный Болт	204	200	11111	B	-1	1	-1	0	100	0	0	0	0	100	3000	1	0	3	0	0	0	0	1	-1	1	1	1	1	1	0	tibdbr11	0	0	0	
ibdbr12	1	A204D7	14	Разрывной Болт	204	200	11111	B	-1	1	-1	0	100	0	0	0	0	100	3000	1	6	0	0	0	0	0	1	-1	1	1	1	1	1	0	tibdbr12	0	0	0	
ibdbr13	1	A204D8	15	Энергетический Элемент	204	200	11111	CD	-1	1	-1	0	100	0	0	0	0	100	3000	1	0	-1	0	0	0	0	1	-1	1	1	1	1	1	0	tibdbr13	0	0	0	
ibdbr14	1	A204D9	16	Усовершенствованный Энергетический Элемент	204	200	11111	CD	-1	1	-1	0	100	0	0	0	0	100	3000	1	0	-1	0	0	0	0	1,25	-1	1	1	1	1	1	0	tibdbr14	0	0	0	
ibdbr15	1	A203DA	17	Боеприпас	203	200	11111	E	-1	1	-1	0	100	0	0	0	0	100	3000	1	0	-1	0	0	0	0	1	-1	1	1	1	1	1	0	tibdbr15	0	0	0	
ibdbr16	1	A203DB	18	Искусственный Боеприпас	203	200	11111	E	-1	1	-1	0	100	0	0	0	0	100	3000	1	0	3	0	0	0	0	1	-1	1	1	1	1	1	0	tibdbr16	0	0	0	
ibdbr17	1	A203DC	19	Энергетический Боеприпас	203	200	11111	H	-1	1	-1	0	100	0	0	0	0	100	3000	1	0	-1	0	0	0	0	1,25	-1	1	1	1	1	1	0	tibdbr17	0	0	0	
ibdbr18	1	A203DD	20	Лазерный Боеприпас	203	200	11111	H	-1	1	-1	0	100	0	0	0	0	100	3000	1	0	-1	0	0	0	0	1	-1	1	1	1	1	1	0	tibdbr18	0	0	0	
ibdbr19	1	A203DE	21	Боеприпас Вулкана	203	200	11111	FG	-1	1	-1	0	100	0	0	0	0	100	3000	1	0	-1	0	0	0	0	1	-1	1	1	1	1	1	0	tibdbr19	0	0	0	
ibdbr20	1	A203EF	22	Отравляющий Боеприпас	203	200	11111	E	-1	1	-1	0	100	0	0	0	0	100	3000	1	6	2	0	0	0	0	1	-1	1	1	1	1	1	0	tibdbr20	0	0	0	
ibdbr21	1	A203E0	23	Разрывной Боеприпас	203	200	11111	E	-1	1	-1	0	100	0	0	0	0	100	3000	1	6	0	0	0	0	0	1	-1	1	1	1	1	1	0	tibdbr21	0	0	0	
ibdbr22	1	4203E1	24	Ядерная Ракета	203	200	00001	IK	-1	1	-1	0	100	0	0	0	0	100	3000	1	6	0	0	0	0	0	1,25	-1	1	1	1	1	1	0	tibdbr22	0	0	0	
ibdbr23	1	4203E2	25	Магнитная Ракета	203	200	00001	IK	-1	1	-1	0	100	0	0	0	0	100	3000	1	6	3	0	0	0	0	1,25	-1	1	1	1	1	1	0	tibdbr23	0	0	0	
ibdbr24	1	4203E3	26	Гибридная Ракета	203	200	00001	IK	-1	1	-1	0	100	0	0	0	0	100	3000	1	6	0	0	0	0	0	1,25	-1	1	1	1	1	1	0	tibdbr24	0	0	0	
ibdbr25	1	4203E4	27	Токсичная Ракета	203	200	00001	IK	-1	1	-1	0	100	0	0	0	0	100	3000	1	6	2	0	0	0	0	1,25	-1	1	1	1	1	1	0	tibdbr25	0	0	0	
ibdbr26	1	4203E5	28	Ураганная Ракета	203	200	00001	IK	-1	1	-1	0	100	0	0	0	0	100	3000	1	6	1	0	0	0	0	1,25	-1	1	1	1	1	1	0	tibdbr26	0	0	0	
ibdbr27	1	4203E6	29	Световая Ракета	203	200	00001	IK	-1	1	-1	0	100	0	0	0	0	100	3000	1	0	0	0	0	0	0	1,25	-1	1	1	1	1	1	0	tibdbr27	0	0	0	
ibdbr28	1	4203E7	30	Самонаводящаяся Ракета	203	200	00001	IK	-1	1	-1	0	100	0	0	0	0	100	3000	1	0	0	0	0	0	0	1,25	-1	1	1	1	1	1	0	tibdbr28	0	0	0	
ibdbr29	1	4203E8	31	Прожигающее Жидкое Топливо	203	200	00001	J	-1	1	-1	0	100	0	0	0	0	100	3000	1	6	0	0	0	0	0	1,25	-1	1	1	1	1	1	0	tibdbr29	0	0	0	
ibdbr30	1	4203E9	32	Ракета с Керамитовым Наконечником	203	200	00001	IK	-1	1	-1	0	100	0	0	0	0	100	3000	1	0	-1	0	0	0	0	1,25	-1	1	1	1	1	1	0	tibdbr30	0	0	0	
ibdbr31	1	4203EA	33	Кислотная Граната	203	200	00001	LMNO	-1	1	-1	0	100	0	0	0	0	100	3000	1	0	-1	0	0	0	0	1	1	1	1	1	1	1	0	tibdbr31	0	0	0	
ibdbr32	1	4203EB	34	Вакуумная Граната	203	200	00001	LMNO	-1	1	-1	0	100	0	0	0	0	100	3000	1	0	-1	0	0	0	0	1	2	1	1	1	1	1	0	tibdbr32	0	0	0	
ibdbr33	1	4203EC	35	Дымовая Граната	203	200	00001	LMNO	-1	1	-1	0	100	0	0	0	0	100	3000	1	0	-1	0	0	0	0	1	3	1	1	1	1	1	0	tibdbr33	0	0	0	
ibdbr34	1	4203ED	36	Шоковая Граната	203	200	00001	LMNO	-1	1	-1	0	100	0	0	0	0	100	3000	1	0	-1	0	0	0	0	1	4	1	1	1	1	1	0	tibdbr34	0	0	0	
ibdbr35	1	4203EE	37	Ментальный Шип	203	200	00001	MNO	-1	1	-1	0	100	0	0	0	0	100	3000	1	0	-1	0	0	0	0	1	5	1	1	1	1	1	0	tibdbr35	0	0	0	
ibdbr36	1	4203EF	38	Оглушающая Граната	203	200	00001	MNO	-1	1	-1	0	100	0	0	0	0	100	3000	1	0	-1	0	0	0	0	1	6	1	1	1	1	1	0	tibdbr36	0	0	0	
ibdbr37	1	4203F0	39	Кислотный Дождь	203	200	00001	MNO	-1	1	-1	0	100	0	0	0	0	100	3000	1	0	-1	0	0	0	0	1	7	1	1	1	1	1	0	tibdbr37	0	0	0	
ibdbr38	1	4203F1	40	Ослабляющий Силу	203	200	00001	MNO	-1	1	-1	0	100	0	0	0	0	100	3000	1	0	-1	0	0	0	0	1	8	1	1	1	1	1	0	tibdbr38	0	0	0	
ibdbr39	1	4203F2	41	Паралитический Газ	203	200	00001	NO	-1	1	-1	0	100	0	0	0	0	100	3000	1	0	-1	0	0	0	0	1	9	1	1	1	1	1	0	tibdbr39	0	0	0	
ibdbr40	1	4203F3	42	Ослабляющий Сопротивление	203	200	00001	NO	-1	1	-1	0	100	0	0	0	0	100	3000	1	0	-1	0	0	0	0	1	A	1	1	1	1	1	0	tibdbr40	0	0	0	
ibdbr41	1	4203F4	43	Ограничивающий Силы	203	200	00001	NO	-1	1	-1	0	100	0	0	0	0	100	3000	1	0	-1	0	0	0	0	1	B	1	1	1	1	1	0	tibdbr41	0	0	0	
ibdbr42	1	4203F5	44	Динамический Взрыв	203	200	00001	NO	-1	1	-1	0	100	0	0	0	0	100	3000	1	0	-1	0	0	0	0	1	C	1	1	1	1	1	0	tibdbr42	0	0	0	
ibdbr43	1	4203F6	45	Вспышка	203	200	00001	O	-1	1	-1	0	100	0	0	0	0	100	3000	1	0	-1	0	0	0	0	1	D	1	1	1	1	1	0	tibdbr43	0	0	0	
ibdbr44	1	4203F7	46	Удерживающая Сеть	203	200	00001	O	-1	1	-1	0	100	0	0	0	0	100	3000	1	0	-1	0	0	0	0	1	E	1	1	1	1	1	0	tibdbr44	0	0	0	
ibdbr45	1	4203F8	47	Ввести Вирус	203	200	00001	O	-1	1	-1	0	100	0	0	0	0	100	3000	1	0	-1	0	0	0	0	1	F	1	1	1	1	1	0	tibdbr45	0	0	0	
ibdbr46	1	4203F9	48	Подавление Рассудка	203	200	00001	O	-1	1	-1	0	100	0	0	0	0	100	3000	1	0	-1	0	0	0	0	1	10	1	1	1	1	1	0	tibdbr46	0	0	0	
ibdbr47	1	A203FA	49	Разрывное Боеприпас Вуклан	203	200	11111	FG	-1	1	-1	0	100	0	0	0	0	100	3000	1	6	-1	0	0	0	0	1,149999976	-1	1	1	1	1	1	0	tibdbr47	0	0	0	
ibdbr48	1	4203FB	50	Замораживающее Жидкое Топливо	203	200	00001	J	-1	1	-1	0	100	0	0	0	0	100	3000	1	6	1	0	0	0	0	1,25	-1	1	1	1	1	1	0	tibdbr48	0	0	0	
ibdbr49	1	4203FC	51	Отравляющее Жидкое топливо	203	200	00001	J	-1	1	-1	0	100	0	0	0	0	100	3000	1	6	2	0	0	0	0	1,25	-1	1	1	1	1	1	0	tibdbr49	0	0	0	
ibdbr50	1	4203FD	52	Минеральное Жидкое топливо	203	200	00001	J	-1	1	-1	0	100	0	0	0	0	100	3000	1	6	3	0	0	0	0	1,25	-1	1	1	1	1	1	0	tibdbr50	0	0	0	
ibdbr51	1	A203FE	53	Замораживающий Боеприпас	203	200	11111	E	-1	1	-1	0	100	0	0	0	0	100	3000	1	0	1	0	0	0	0	1	-1	1	1	1	1	1	0	tibdbr51	0	0	0	
ibxxx04	1	A20421	2	Огненная Стрела 	204	200	11111	A	-1	1	-1	0	100794	0	0	0	0	10079365	30000	1	0	0	0	0	0	0	1	-1	1	1	1	0	1	0	tibxxx04	0	0	0	
ibxxx05	1	A20422	3	Ледяная Стрела 	204	200	11111	A	-1	1	-1	0	100794	0	0	0	0	10079365	30000	1	0	1	0	0	0	0	1	-1	1	1	1	0	1	0	tibxxx05	0	0	0	
ibxxx06	1	A20423	4	Сланцевая Стрела 	204	200	11111	A	-1	1	-1	0	100794	0	0	0	0	10079365	30000	1	0	2	0	0	0	0	1	-1	1	1	1	0	1	0	tibxxx06	0	0	0	
ibxxx07	1	A20425	6	Ураганная Стрела 	204	200	11111	A	-1	1	-1	0	100794	0	0	0	0	10079365	30000	1	0	3	0	0	0	0	1	-1	1	1	1	0	1	0	tibxxx07	0	0	0	
ibxxx08	1	A20426	7	Взрывная Стрела 	204	200	11111	A	-1	1	-1	0	103175	0	0	0	0	10317460	30000	1	6	0	0	0	0	0	1	-1	1	1	1	0	1	0	tibxxx08	0	0	0	
ibxxx09	1	A20428	9	Огненный Болт 	204	200	11111	B	-1	1	-1	0	100794	0	0	0	0	10079365	30000	1	0	0	0	0	0	0	1	-1	1	1	1	0	1	0	tibxxx09	0	0	0	
ibxxx10	1	A20429	10	Ледяной Болт 	204	200	11111	B	-1	1	-1	0	100794	0	0	0	0	10079365	30000	1	0	1	0	0	0	0	1	-1	1	1	1	0	1	0	tibxxx10	0	0	0	
ibxxx11	1	A2042A	11	Сланцевый Болт 	204	200	11111	B	-1	1	-1	0	100794	0	0	0	0	10079365	30000	1	0	2	0	0	0	0	1	-1	1	1	1	0	1	0	tibxxx11	0	0	0	
ibxxx12	1	A2042C	13	Ураганный Болт 	204	200	11111	B	-1	1	-1	0	100794	0	0	0	0	10079365	30000	1	0	3	0	0	0	0	1	-1	1	1	1	0	1	0	tibxxx12	0	0	0	
ibxxx13	1	A2042D	14	Взрывной Болт 	204	200	11111	B	-1	1	-1	0	103175	0	0	0	0	10317460	30000	1	6	0	0	0	0	0	1	-1	1	1	1	0	1	0	tibxxx13	0	0	0	
ibxxx14	1	A2042F	16	Энергоэлемент Mk.II 	204	200	11111	CD	-1	1	-1	0	100794	0	0	0	0	10079365	30000	1	0	-1	0	0	0	0	1,25	-1	1	1	1	0	1	0	tibxxx14	0	0	0	
ibxxx15	1	A20385	18	Циклонный Магазин 	203	200	11111	E	-1	1	-1	0	100794	0	0	0	0	10079365	30000	1	0	3	0	0	0	0	1	-1	1	1	1	0	1	0	tibxxx15	0	0	0	
ibxxx16	1	A20386	19	Энергомагазин 	203	200	11111	H	-1	1	-1	0	100794	0	0	0	0	10079365	30000	1	0	-1	0	0	0	0	1,25	-1	1	1	1	0	1	0	tibxxx16	0	0	0	
ibxxx17	1	A20389	22	Сланцевый Магазин 	203	200	11111	E	-1	1	-1	0	103175	0	0	0	0	10317460	30000	1	6	2	0	0	0	0	1	-1	1	1	1	0	1	0	tibxxx17	0	0	0	
ibxxx18	1	A2038A	23	Разрывной Магазин 	203	200	11111	E	-1	1	-1	0	103175	0	0	0	0	10317460	30000	1	6	0	0	0	0	0	1	-1	1	1	1	0	1	0	tibxxx18	0	0	0	
ibxxx19	1	42038B	24	Ядерная Ракета 	203	200	00001	IK	-1	1	-1	0	150000	0	0	0	0	14999998	30000	1	6	0	0	0	0	0	1,25	-1	1	1	1	0	1	0	tibxxx19	0	0	0	
ibxxx20	1	42038C	25	Магнитная Ракета 	203	200	00001	IK	-1	1	-1	0	150000	0	0	0	0	14999998	30000	1	6	3	0	0	0	0	1,25	-1	1	1	1	0	1	0	tibxxx20	0	0	0	
ibxxx21	1	42038D	26	Напалмовая Ракета 	203	200	00001	IK	-1	1	-1	0	150000	0	0	0	0	14999998	30000	1	6	0	0	0	0	0	1,25	-1	1	1	1	0	1	0	tibxxx21	0	0	0	
ibxxx22	1	42038E	27	Токсичная Ракета 	203	200	00001	IK	-1	1	-1	0	150000	0	0	0	0	14999998	30000	1	6	2	0	0	0	0	1,25	-1	1	1	1	0	1	0	tibxxx22	0	0	0	
ibxxx23	1	42038F	28	Циклонная Ракета 	203	200	00001	IK	-1	1	-1	0	150000	0	0	0	0	14999998	30000	1	6	1	0	0	0	0	1,25	-1	1	1	1	0	1	0	tibxxx23	0	0	0	
ibxxx24	1	420390	29	Световая Ракета 	203	200	00001	IK	-1	1	-1	0	138095	0	0	0	0	13809522	30000	1	0	0	0	0	0	0	1,25	-1	1	1	1	0	1	0	tibxxx24	0	0	0	
ibxxx25	1	420391	30	Огненная Ракета 	203	200	00001	IK	-1	1	-1	0	138095	0	0	0	0	13809522	30000	1	0	0	0	0	0	0	1,25	-1	1	1	1	0	1	0	tibxxx25	0	0	0	
ibxxx26	1	420392	31	Жидкое Топливо 	203	200	00001	J	-1	1	-1	0	145238	0	0	0	0	14523808	30000	1	5	0	0	0	0	0	1,25	-1	1	1	1	0	1	0	tibxxx26	0	0	0	
ibxxx27	1	420393	32	Керамитовая Ракета 	203	200	00001	IK	-1	1	-1	0	138095	0	0	0	0	13809522	30000	1	0	-1	0	0	0	0	1,25	-1	1	1	1	0	1	0	tibxxx27	0	0	0	
ibxxx28	1	4203AA	50	Ледяное Топливо 	203	200	00001	J	-1	1	-1	0	150000	0	0	0	0	14999998	30000	1	6	1	0	0	0	0	1,25	-1	1	1	1	0	1	0	tibxxx28	0	0	0	
ibxxx29	1	4203AD	51	Сланцевое Топливо 	203	200	00001	J	-1	1	-1	0	150000	0	0	0	0	14999998	30000	1	6	2	0	0	0	0	1,25	-1	1	1	1	0	1	0	tibxxx29	0	0	0	
ibxxx30	1	4203B0	52	Летучее Топливо 	203	200	00001	J	-1	1	-1	0	150000	0	0	0	0	14999998	30000	1	6	3	0	0	0	0	1,25	-1	1	1	1	0	1	0	tibxxx30	0	0	0	
ibxxx31	1	A203B3	53	Фрионный Магазин 	203	200	11111	E	-1	1	-1	0	100794	0	0	0	0	10079365	30000	1	0	1	0	0	0	0	1	-1	1	1	1	0	1	0	tibxxx31	0	0	0	
ibcsa01	1	A20421	56	Легкая Огненная Стрела	204	200	11111	A	-1	1	-1	0	1	0	0	0	0	50	50000	1	0	0	0	0	0	0	1	-1	1	0	0	1	1	0	tibcsa01	1	0	0	
ibcsa02	1	A20422	57	Легкая Ледяная Стрела	204	200	11111	A	-1	1	-1	0	1	0	0	0	0	50	50000	1	0	1	0	0	0	0	1	-1	1	0	0	1	1	0	tibcsa02	1	0	0	
ibcsa03	1	A20423	58	Легкая Отравленная Стрела	204	200	11111	A	-1	1	-1	0	1	0	0	0	0	50	50000	1	0	2	0	0	0	0	1	-1	1	0	0	1	1	0	tibcsa03	1	0	0	
ibcsa04	1	A20425	59	Легкая Искусственная Стрела	204	200	11111	A	-1	1	-1	0	1	0	0	0	0	50	50000	1	0	3	0	0	0	0	1	-1	1	0	0	1	1	0	tibcsa04	1	0	0	
ibcsa05	1	A20426	60	Легкая Разрывная Стрела	204	200	11111	A	-1	1	-1	0	1	0	0	0	0	50	50000	1	6	0	0	0	0	0	1	-1	1	0	0	1	1	0	tibcsa05	1	0	0	
ibcsa06	1	A20428	61	Легкий Огненный Болт	204	200	11111	B	-1	1	-1	0	1	0	0	0	0	50	50000	1	0	0	0	0	0	0	1	-1	1	0	0	1	1	0	tibcsa06	1	0	0	
ibcsa07	1	A20429	62	Легкий Ледяной Болт	204	200	11111	B	-1	1	-1	0	1	0	0	0	0	50	50000	1	0	1	0	0	0	0	1	-1	1	0	0	1	1	0	tibcsa07	1	0	0	
ibcsa08	1	A2042A	63	Легкий Отравленный Болт	204	200	11111	B	-1	1	-1	0	1	0	0	0	0	50	50000	1	0	2	0	0	0	0	1	-1	1	0	0	1	1	0	tibcsa08	1	0	0	
ibcsa09	1	A2042C	64	Легкий Искусственный Болт	204	200	11111	B	-1	1	-1	0	1	0	0	0	0	50	50000	1	0	3	0	0	0	0	1	-1	1	0	0	1	1	0	tibcsa09	1	0	0	
ibcsa10	1	A2042D	65	Легкий Разрывной Болт	204	200	11111	B	-1	1	-1	0	1	0	0	0	0	50	50000	1	6	0	0	0	0	0	1	-1	1	0	0	1	1	0	tibcsa10	1	0	0	
ibcsa11	1	A2042F	66	Легкий Усовершенствованный Энергетический Элемент	204	200	11111	CD	-1	1	-1	0	1	0	0	0	0	50	50000	1	0	-1	0	0	0	0	1,25	-1	1	0	0	1	1	0	tibcsa11	1	0	0	
ibcsa12	1	A20385	67	Легкий Искусственный Боеприпас	203	200	11111	E	-1	1	-1	0	1	0	0	0	0	50	50000	1	0	3	0	0	0	0	1	-1	1	0	0	1	1	0	tibcsa12	1	0	0	
ibcsa13	1	A20386	68	Легкий Энергетический Боеприпас	203	200	11111	H	-1	1	-1	0	1	0	0	0	0	50	50000	1	0	-1	0	0	0	0	1,25	-1	1	0	0	1	1	0	tibcsa13	1	0	0	
ibcsa14	1	A20389	69	Легкий Отравляющий Боеприпас	203	200	11111	E	-1	1	-1	0	1	0	0	0	0	50	50000	1	6	2	0	0	0	0	1	-1	1	0	0	1	1	0	tibcsa14	1	0	0	
ibcsa15	1	A2038A	70	Легкий Разрывной Боеприпас	203	200	11111	E	-1	1	-1	0	1	0	0	0	0	50	50000	1	6	0	0	0	0	0	1	-1	1	0	0	1	1	0	tibcsa15	1	0	0	
ibcsa16	1	42038B	71	Легкая Ядерная Ракета	203	200	00001	IK	-1	1	-1	0	1	0	0	0	0	50	50000	1	6	0	0	0	0	0	1,25	-1	1	0	0	1	1	0	tibcsa16	1	0	0	
ibcsa17	1	42038C	72	Легкая Магнитная Ракета	203	200	00001	IK	-1	1	-1	0	1	0	0	0	0	50	50000	1	6	3	0	0	0	0	1,25	-1	1	0	0	1	1	0	tibcsa17	1	0	0	
ibcsa18	1	42038D	73	Легкая Гибридная Ракета	203	200	00001	IK	-1	1	-1	0	1	0	0	0	0	50	50000	1	6	0	0	0	0	0	1,25	-1	1	0	0	1	1	0	tibcsa18	1	0	0	
ibcsa19	1	42038E	74	Легкая Токсичная Ракета	203	200	00001	IK	-1	1	-1	0	1	0	0	0	0	50	50000	1	6	2	0	0	0	0	1,25	-1	1	0	0	1	1	0	tibcsa19	1	0	0	
ibcsa20	1	42038F	75	Легкая Ураганная Ракета	203	200	00001	IK	-1	1	-1	0	1	0	0	0	0	50	50000	1	6	1	0	0	0	0	1,25	-1	1	0	0	1	1	0	tibcsa20	1	0	0	
ibcsa21	1	420390	76	Легкая Световая Ракета	203	200	00001	IK	-1	1	-1	0	1	0	0	0	0	50	50000	1	0	0	0	0	0	0	1,25	-1	1	0	0	1	1	0	tibcsa21	1	0	0	
ibcsa22	1	420391	77	Легкая Самонаводящаяся Ракета	203	200	00001	IK	-1	1	-1	0	1	0	0	0	0	50	50000	1	0	0	0	0	0	0	1,25	-1	1	0	0	1	1	0	tibcsa22	1	0	0	
ibcsa23	1	420392	78	Легкое Жидкое Топливо	203	200	00001	J	-1	1	-1	0	1	0	0	0	0	50	50000	1	5	0	0	0	0	0	1,25	-1	1	0	0	1	1	0	tibcsa23	1	0	0	
ibcsa24	1	420393	79	Легкая Ракета с Керамитовым Наконечником	203	200	00001	IK	-1	1	-1	0	1	0	0	0	0	50	50000	1	0	-1	0	0	0	0	1,25	-1	1	0	0	1	1	0	tibcsa24	1	0	0	
ibcsa25	1	4203AA	80	Легкое Жидкое Ледяное Топливо	203	200	00001	J	-1	1	-1	0	1	0	0	0	0	50	50000	1	6	1	0	0	0	0	1,25	-1	1	0	0	1	1	0	tibcsa25	1	0	0	
ibcsa26	1	4203AD	81	Легкое Жидкое Отравляющее Топливо	203	200	00001	J	-1	1	-1	0	1	0	0	0	0	50	50000	1	6	2	0	0	0	0	1,25	-1	1	0	0	1	1	0	tibcsa26	1	0	0	
ibcsa27	1	4203B0	82	Легкое Жидкое Искусственное Топливо	203	200	00001	J	-1	1	-1	0	1	0	0	0	0	50	50000	1	6	3	0	0	0	0	1,25	-1	1	0	0	1	1	0	tibcsa27	1	0	0	
ibcsa28	1	A203B3	83	Легкий Ледяной Боеприпас	203	200	11111	E	-1	1	-1	0	1	0	0	0	0	50	50000	1	0	1	0	0	0	0	1	-1	1	0	0	1	1	0	tibcsa28	1	0	0	
ibcsa29	1	A203A7	70	Легкий Разрывной Боеприпас Системы Вулкан	203	200	11111	FG	-1	1	-1	0	1	0	0	0	0	50	50000	1	6	-1	0	0	0	0	1,149999976	-1	1	0	0	1	1	0	tibcsa29	1	0	0	
ibfex01	1	420396	33	Кислотная Граната Новичка	203	200	00001	LMNO	-1	1	-1	0	1	0	0	0	0	1	100	1	0	-1	0	0	0	0	1	1	1	0	0	0	1	0	tibfex01	0	0	0	
ibfex02	1	420397	34	Вакуумная Граната Новичка	203	200	00001	LMNO	-1	1	-1	0	1	0	0	0	0	1	100	1	0	-1	0	0	0	0	1	2	1	0	0	0	1	0	tibfex02	0	0	0	
ibfex03	1	420398	35	Дымовая Граната Новичка	203	200	00001	LMNO	-1	1	-1	0	1	0	0	0	0	1	100	1	0	-1	0	0	0	0	1	3	1	0	0	0	1	0	tibfex03	0	0	0	
ibfex04	1	420399	36	Шоковая Граната Новичка	203	200	00001	LMNO	-1	1	-1	0	1	0	0	0	0	1	100	1	0	-1	0	0	0	0	1	4	1	0	0	0	1	0	tibfex04	0	0	0	
ibevt01	1	A2039A	84	Фризерная батарея 5	203	200	11111	E	-1	1	-1	0	200	0	0	0	0	1000	5	1	0	1	0	0	0	0	1	15	1	0	0	0	1	0	tibevt01	0	0	0	
ibevt02	1	A2039B	85	Фризерная батарея 10	203	200	11111	E	-1	1	-1	0	300	0	0	0	0	1000	10	1	0	1	0	0	0	0	1	15	1	0	0	0	1	0	tibevt02	0	0	0	
ibevt03	1	A2039C	86	Фризерная батарея 15	203	200	11111	E	-1	1	-1	0	400	0	0	0	0	1000	15	1	0	1	0	0	0	0	1	15	1	0	0	0	1	0	tibevt03	0	0	0	
ibevt04	1	A2039D	87	Фризерная батарея 20	203	200	11111	E	-1	1	-1	0	500	0	0	0	0	1000	20	1	0	1	0	0	0	0	1	15	1	0	0	0	1	0	tibevt04	0	0	0	
ibcsa30	1	A20421	56	Мощная Огненная Стрела	204	200	11111	A	-1	1	-1	0	1	0	0	0	0	50	10000	1	0	0	0	0	0	0	1	-1	1	0	0	1	1	0	tibcsa30	1	0	0	
ibcsa31	1	A20422	57	Мощная Ледяная Стрела	204	200	11111	A	-1	1	-1	0	1	0	0	0	0	50	10000	1	0	1	0	0	0	0	1	-1	1	0	0	1	1	0	tibcsa31	1	0	0	
ibcsa32	1	A20423	58	Мощная Отравленная Стрела	204	200	11111	A	-1	1	-1	0	1	0	0	0	0	50	10000	1	0	2	0	0	0	0	1	-1	1	0	0	1	1	0	tibcsa32	1	0	0	
ibcsa33	1	A20425	59	Мощная Искусственная Стрела	204	200	11111	A	-1	1	-1	0	1	0	0	0	0	50	10000	1	0	3	0	0	0	0	1	-1	1	0	0	1	1	0	tibcsa33	1	0	0	
ibcsa34	1	A20426	60	Мощная Разрывная Стрела	204	200	11111	A	-1	1	-1	0	1	0	0	0	0	50	10000	1	6	0	0	0	0	0	1	-1	1	0	0	1	1	0	tibcsa34	1	0	0	
ibcsa35	1	A20428	61	Мощный Огненный Болт	204	200	11111	B	-1	1	-1	0	1	0	0	0	0	50	10000	1	0	0	0	0	0	0	1	-1	1	0	0	1	1	0	tibcsa35	1	0	0	
ibcsa36	1	A20429	62	Мощный Ледяной Болт	204	200	11111	B	-1	1	-1	0	1	0	0	0	0	50	10000	1	0	1	0	0	0	0	1	-1	1	0	0	1	1	0	tibcsa36	1	0	0	
ibcsa37	1	A2042A	63	Мощный Отравленный Болт	204	200	11111	B	-1	1	-1	0	1	0	0	0	0	50	10000	1	0	2	0	0	0	0	1	-1	1	0	0	1	1	0	tibcsa37	1	0	0	
ibcsa38	1	A2042C	64	Мощный Искусственный Болт	204	200	11111	B	-1	1	-1	0	1	0	0	0	0	50	10000	1	0	3	0	0	0	0	1	-1	1	0	0	1	1	0	tibcsa38	1	0	0	
ibcsa39	1	A2042D	65	Мощный Разрывной Болт	204	200	11111	B	-1	1	-1	0	1	0	0	0	0	50	10000	1	6	0	0	0	0	0	1	-1	1	0	0	1	1	0	tibcsa39	1	0	0	
ibcsa40	1	A2042F	66	Мощный Усовершенствованный Энергетический Элемент	204	200	11111	CD	-1	1	-1	0	1	0	0	0	0	50	10000	1	0	-1	0	0	0	0	1,25	-1	1	0	0	1	1	0	tibcsa40	1	0	0	
ibcsa41	1	A20385	67	Мощный Искусственный Боеприпас	203	200	11111	E	-1	1	-1	0	1	0	0	0	0	50	10000	1	0	3	0	0	0	0	1	-1	1	0	0	1	1	0	tibcsa41	1	0	0	
ibcsa42	1	A20386	68	Мощный Энергетический Боеприпас	203	200	11111	H	-1	1	-1	0	1	0	0	0	0	50	10000	1	0	-1	0	0	0	0	1,25	-1	1	0	0	1	1	0	tibcsa42	1	0	0	
ibcsa43	1	A20389	69	Мощный Отравляющий Боеприпас	203	200	11111	E	-1	1	-1	0	1	0	0	0	0	50	10000	1	6	2	0	0	0	0	1	-1	1	0	0	1	1	0	tibcsa43	1	0	0	
ibcsa44	1	A2038A	70	Мощный Разрывной Боеприпас	203	200	11111	E	-1	1	-1	0	1	0	0	0	0	50	10000	1	6	0	0	0	0	0	1	-1	1	0	0	1	1	0	tibcsa44	1	0	0	
ibcsa45	1	42038B	71	Мощная Ядерная Ракета	203	200	00001	IK	-1	1	-1	0	1	0	0	0	0	50	10000	1	6	0	0	0	0	0	1,25	-1	1	0	0	1	1	0	tibcsa45	1	0	0	
ibcsa46	1	42038C	72	Мощная Магнитная Ракета	203	200	00001	IK	-1	1	-1	0	1	0	0	0	0	50	10000	1	6	3	0	0	0	0	1,25	-1	1	0	0	1	1	0	tibcsa46	1	0	0	
ibcsa47	1	42038D	73	Мощная Гибридная Ракета	203	200	00001	IK	-1	1	-1	0	1	0	0	0	0	50	10000	1	6	0	0	0	0	0	1,25	-1	1	0	0	1	1	0	tibcsa47	1	0	0	
ibcsa48	1	42038E	74	Мощная Токсичная Ракета	203	200	00001	IK	-1	1	-1	0	1	0	0	0	0	50	10000	1	6	2	0	0	0	0	1,25	-1	1	0	0	1	1	0	tibcsa48	1	0	0	
ibcsa49	1	42038F	75	Мощная Ураганная Ракета	203	200	00001	IK	-1	1	-1	0	1	0	0	0	0	50	10000	1	6	1	0	0	0	0	1,25	-1	1	0	0	1	1	0	tibcsa49	1	0	0	
ibcsa50	1	420390	76	Мощная Световая Ракета	203	200	00001	IK	-1	1	-1	0	1	0	0	0	0	50	10000	1	0	0	0	0	0	0	1,25	-1	1	0	0	1	1	0	tibcsa50	1	0	0	
ibcsa51	1	420391	77	Мощная Самонаводящаяся Ракета	203	200	00001	IK	-1	1	-1	0	1	0	0	0	0	50	10000	1	0	0	0	0	0	0	1,25	-1	1	0	0	1	1	0	tibcsa51	1	0	0	
ibcsa52	1	420392	78	Мощное Жидкое Топливо	203	200	00001	J	-1	1	-1	0	1	0	0	0	0	50	10000	1	5	0	0	0	0	0	1,25	-1	1	0	0	1	1	0	tibcsa52	1	0	0	
ibcsa53	1	420393	79	Мощная Ракета с Керамитовым Наконечником	203	200	00001	IK	-1	1	-1	0	1	0	0	0	0	50	10000	1	0	-1	0	0	0	0	1,25	-1	1	0	0	1	1	0	tibcsa53	1	0	0	
ibcsa54	1	4203AA	80	Мощное Жидкое Ледяное Топливо	203	200	00001	J	-1	1	-1	0	1	0	0	0	0	50	10000	1	6	1	0	0	0	0	1,25	-1	1	0	0	1	1	0	tibcsa54	1	0	0	
ibcsa55	1	4203AD	81	Мощное Жидкое Отравляющее Топливо	203	200	00001	J	-1	1	-1	0	1	0	0	0	0	50	10000	1	6	2	0	0	0	0	1,25	-1	1	0	0	1	1	0	tibcsa55	1	0	0	
ibcsa56	1	4203B0	82	Мощное Жидкое Искусственное Топливо	203	200	00001	J	-1	1	-1	0	1	0	0	0	0	50	10000	1	6	3	0	0	0	0	1,25	-1	1	0	0	1	1	0	tibcsa56	1	0	0	
ibcsa57	1	A203B3	83	Мощный Ледяной Боеприпас	203	200	11111	E	-1	1	-1	0	1	0	0	0	0	50	10000	1	0	1	0	0	0	0	1	-1	1	0	0	1	1	0	tibcsa57	1	0	0	
ibcsa58	1	A203A7	70	Мощный Разрывной Боеприпас Системы Вулкан	203	200	11111	FG	-1	1	-1	0	1	0	0	0	0	50	10000	1	6	-1	0	0	0	0	1,149999976	-1	1	0	0	1	1	0	tibcsa58	1	0	0	
ibcsa59	1	A20430	16	Керамический Усовершенствованный Энергоэлемент	204	200	11111	CD	-1	1	-1	0	113000	0	0	0	0	50	1000	1	0	-1	0	0	0	0	1,350000024	-1	1	1	1	1	1	0	tibcsa59	1	0	0	
ibcsa60	1	A20431	88	Огненный Усовершенствованный Энергоэлемент	204	200	11111	CD	-1	1	-1	0	113000	0	0	0	0	50	1000	1	0	0	0	0	0	0	1,25	-1	1	1	1	1	1	0	tibcsa60	1	0	0	
ibcsa61	1	A20432	89	Ледяной Усовершенствованный Энергоэлемент	204	200	11111	CD	-1	1	-1	0	113000	0	0	0	0	50	1000	1	0	1	0	0	0	0	1,25	-1	1	1	1	1	1	0	tibcsa61	1	0	0	
ibcsa62	1	A20433	90	Сланцевая Усовершенствованный Энергоэлемент	204	200	11111	CD	-1	1	-1	0	113000	0	0	0	0	50	1000	1	0	2	0	0	0	0	1,25	-1	1	1	1	1	1	0	tibcsa62	1	0	0	
ibcsa63	1	A20434	91	Ураганный Усовершенствованный Энергоэлемент	204	200	11111	CD	-1	1	-1	0	113000	0	0	0	0	50	1000	1	0	3	0	0	0	0	1,25	-1	1	1	1	1	1	0	tibcsa63	1	0	0	
ibcsa64	1	A203B6	23	Керамический Коробчатый Магазин	203	200	11111	FG	-1	1	-1	0	113000	0	0	0	0	50	1000	1	6	-1	0	0	0	0	1,299999952	-1	1	1	1	1	1	0	tibcsa64	1	0	0	
ibcsa65	1	A203B7	92	Огненный Коробчатый Магазин	203	200	11111	FG	-1	1	-1	0	113000	0	0	0	0	50	1000	1	6	0	0	0	0	0	1,149999976	-1	1	1	1	1	1	0	tibcsa65	1	0	0	
ibcsa66	1	A203B8	93	Ледяной Коробчатый Магазин	203	200	11111	FG	-1	1	-1	0	113000	0	0	0	0	50	1000	1	6	1	0	0	0	0	1,149999976	-1	1	1	1	1	1	0	tibcsa66	1	0	0	
ibcsa67	1	A203B9	94	Сланцевый Коробчатый Магазин	203	200	11111	FG	-1	1	-1	0	113000	0	0	0	0	50	1000	1	6	2	0	0	0	0	1,149999976	-1	1	1	1	1	1	0	tibcsa67	1	0	0	
ibcsa68	1	A203BA	95	Ураганный Коробчатый Магазин	203	200	11111	FG	-1	1	-1	0	113000	0	0	0	0	50	1000	1	6	3	0	0	0	0	1,149999976	-1	1	1	1	1	1	0	tibcsa68	1	0	0	
ibcsa99	1	A20430	16	Керамический Усовершенствованный Энергоэлемент	204	200	11111	CD	-1	1	-1	0	50	0	0	0	0	50	10000	1	0	-1	0	0	0	0	1,350000024	-1	1	1	1	1	1	0	tibcsa99	1	0	0	
ibcsb00	1	A20431	88	Огненный Усовершенствованный Энергоэлемент	204	200	11111	CD	-1	1	-1	0	50	0	0	0	0	50	10000	1	0	0	0	0	0	0	1,25	-1	1	1	1	1	1	0	tibcsb00	1	0	0	
ibcsb01	1	A20432	89	Ледяной Усовершенствованный Энергоэлемент	204	200	11111	CD	-1	1	-1	0	50	0	0	0	0	50	10000	1	0	1	0	0	0	0	1,25	-1	1	1	1	1	1	0	tibcsb01	1	0	0	
ibcsb02	1	A20433	90	Ядовитый Усовершенствованный Энергоэлемент	204	200	11111	CD	-1	1	-1	0	50	0	0	0	0	50	10000	1	0	2	0	0	0	0	1,25	-1	1	1	1	1	1	0	tibcsb02	1	0	0	
ibcsb03	1	A20434	91	Минеральный Усовершенствованный Энергоэлемент	204	200	11111	CD	-1	1	-1	0	50	0	0	0	0	50	10000	1	0	3	0	0	0	0	1,25	-1	1	1	1	1	1	0	tibcsb03	1	0	0	
ibcsb04	1	A203B6	23	Керамический Коробчатый Магазин	203	200	11111	FG	-1	1	-1	0	50	0	0	0	0	50	10000	1	6	-1	0	0	0	0	1,299999952	-1	1	1	1	1	1	0	tibcsb04	1	0	0	
ibcsb05	1	A203B7	92	Огненный Коробчатый Магазин	203	200	11111	FG	-1	1	-1	0	50	0	0	0	0	50	10000	1	6	0	0	0	0	0	1,149999976	-1	1	1	1	1	1	0	tibcsb05	1	0	0	
ibcsb06	1	A203B8	93	Ледяной Коробчатый Магазин	203	200	11111	FG	-1	1	-1	0	50	0	0	0	0	50	10000	1	6	1	0	0	0	0	1,149999976	-1	1	1	1	1	1	0	tibcsb06	1	0	0	
ibcsb07	1	A203B9	94	Ядовитый Коробчатый Магазин	203	200	11111	FG	-1	1	-1	0	50	0	0	0	0	50	10000	1	6	2	0	0	0	0	1,149999976	-1	1	1	1	1	1	0	tibcsb07	1	0	0	
ibcsb08	1	A203BA	95	Минеральный Коробчатый Магазин	203	200	11111	FG	-1	1	-1	0	50	0	0	0	0	50	10000	1	6	3	0	0	0	0	1,149999976	-1	1	1	1	1	1	0	tibcsb08	1	0	0	
ibint01	1	A2040F	16	Улучшеная Лучеваой Боеприпас	204	200	11111	CD	-1	1	-1	0	500	0	0	0	0	50	500	1	0	-1	0	0	0	0	1,399999976	-1	1	1	1	1	1	0	tibint01	0	0	0	
ibint02	1	A203A6	49	Улучшенный Магазин Разрывных Потрон	203	200	11111	FG	-1	1	-1	0	500	0	0	0	0	50	500	1	6	-1	0	0	0	0	1,399999976	-1	1	1	1	1	1	0	tibint02	0	0	0	
ibint03	1	420393	32	Улучшенный Магазин Керамических Ракет	203	200	00001	IK	-1	1	-1	0	500	0	0	0	0	50	500	1	0	-1	0	0	0	0	1,299999952	-1	1	1	1	1	1	0	tibint03	0	0	0	
ibint04	1	420392	31	Улучшеное Жидкое Топливо	203	200	00001	J	-1	1	-1	0	500	0	0	0	0	50	500	1	5	-1	0	0	0	0	1,299999952	-1	1	1	1	1	1	0	tibint04	0	0	0	
ibcsb09	1	420396	128	Легкая Кислотная Граната 	203	200	00001	LMNO	-1	1	-1	0	100	0	0	0	0	100	5000	1	0	-1	0	0	0	0	1	1	1	1	1	1	1	0	tibcsb09	1	0	0	
ibcsb10	1	420397	129	Легкая Вакуумная Граната 	203	200	00001	LMNO	-1	1	-1	0	100	0	0	0	0	100	5000	1	0	-1	0	0	0	0	1	2	1	1	1	1	1	0	tibcsb10	1	0	0	
ibcsb11	1	420398	130	Легкая Дымовая Граната 	203	200	00001	LMNO	-1	1	-1	0	100	0	0	0	0	100	5000	1	0	-1	0	0	0	0	1	3	1	1	1	1	1	0	tibcsb11	1	0	0	
ibcsb12	1	420399	131	Легкая Шоковая Граната 	203	200	00001	LMNO	-1	1	-1	0	100	0	0	0	0	100	5000	1	0	-1	0	0	0	0	1	4	1	1	1	1	1	0	tibcsb12	1	0	0	
ibcsb13	1	42039A	132	Легкая Ментальная Граната 	203	200	00001	MNO	-1	1	-1	0	100	0	0	0	0	100	5000	1	0	-1	0	0	0	0	1	5	1	1	1	1	1	0	tibcsb13	1	0	0	
ibcsb14	1	42039B	133	Легкая Оглушающая Граната 	203	200	00001	MNO	-1	1	-1	0	100	0	0	0	0	100	5000	1	0	-1	0	0	0	0	1	6	1	1	1	1	1	0	tibcsb14	1	0	0	
ibcsb15	1	42039C	134	Легкая Разъедающая Граната 	203	200	00001	MNO	-1	1	-1	0	100	0	0	0	0	100	5000	1	0	-1	0	0	0	0	1	7	1	1	1	1	1	0	tibcsb15	1	0	0	
ibcsb16	1	42039D	135	Легкая Ослабляющая Граната 	203	200	00001	MNO	-1	1	-1	0	100	0	0	0	0	100	5000	1	0	-1	0	0	0	0	1	8	1	1	1	1	1	0	tibcsb16	1	0	0	
ibcsb17	1	42039E	136	Легкая Паралитическая Граната 	203	200	00001	NO	-1	1	-1	0	100	0	0	0	0	100	5000	1	0	-1	0	0	0	0	1	9	1	1	1	1	1	0	tibcsb17	1	0	0	
ibcsb18	1	42039F	137	Легкая Стихийная Граната 	203	200	00001	NO	-1	1	-1	0	100	0	0	0	0	100	5000	1	0	-1	0	0	0	0	1	A	1	1	1	1	1	0	tibcsb18	1	0	0	
ibcsb19	1	4203A0	138	Легкая Антимагическая Граната 	203	200	00001	NO	-1	1	-1	0	100	0	0	0	0	100	5000	1	0	-1	0	0	0	0	1	B	1	1	1	1	1	0	tibcsb19	1	0	0	
ibcsb20	1	4203A1	139	Легкая Волновая Граната 	203	200	00001	NO	-1	1	-1	0	100	0	0	0	0	100	5000	1	0	-1	0	0	0	0	1	C	1	1	1	1	1	0	tibcsb20	1	0	0	
ibcsb21	1	4203A2	140	Легкая Ослепляющая Граната 	203	200	00001	O	-1	1	-1	0	100	0	0	0	0	100	5000	1	0	-1	0	0	0	0	1	D	1	1	1	1	1	0	tibcsb21	1	0	0	
ibcsb22	1	4203A3	141	Легкая Паутинная Граната 	203	200	00001	O	-1	1	-1	0	100	0	0	0	0	100	5000	1	0	-1	0	0	0	0	1	E	1	1	1	1	1	0	tibcsb22	1	0	0	
ibcsb23	1	4203A4	142	Легкая Вирусная Граната 	203	200	00001	O	-1	1	-1	0	100	0	0	0	0	100	5000	1	0	-1	0	0	0	0	1	F	1	1	1	1	1	0	tibcsb23	1	0	0	
ibcsb24	1	4203A5	143	Легкая Псионическая Граната 	203	200	00001	O	-1	1	-1	0	100	0	0	0	0	100	5000	1	0	-1	0	0	0	0	1	10	1	1	1	1	1	0	tibcsb24	1	0	0	
ibcsb25	1	A203B3	144	Легкая Очищающая Гранта 	203	200	00001	LMNO	-1	1	-1	0	100	0	0	0	0	100	5000	1	6	-1	0	0	0	0	1	13	1	1	1	1	1	0	tibcsb25	1	0	0	
ibcsb26	1	A203B3	145	Легкая Восстанавливающая Граната 	203	200	00001	MNO	-1	1	-1	0	100	0	0	0	0	100	5000	1	6	-1	0	0	0	0	1	14	1	1	1	1	1	0	tibcsb26	1	0	0	
ibgld01	1	A203B6	96	Обойма Доп. Зарядов [2% 	203	400	11111	-1	D	1	-1	6	0	0	100	0	0	0	300	1	0	-1	0	0	0	0	1,019999981	-1	0	0	0	1	1	0	tibgld01	0	0	0	
ibgld02	1	A203B7	96	Обойма Доп. Зарядов [3% 	203	400	11111	-1	D	1	-1	6	0	0	200	0	0	0	300	1	0	-1	0	0	0	0	1,029999971	-1	0	0	0	1	1	0	tibgld02	0	0	0	
ibgld03	1	A203B8	96	Обойма Доп. Зарядов [4% 	203	400	11111	-1	D	1	-1	6	0	0	300	0	0	0	300	1	0	-1	0	0	0	0	1,039999962	-1	0	0	0	1	1	0	tibgld03	0	0	0	
ibgld04	1	A203B9	96	Обойма Доп. Зарядов [5% 	203	400	11111	-1	D	1	-1	6	0	0	400	0	0	0	300	1	0	-1	0	0	0	0	1,049999952	-1	0	0	0	1	1	0	tibgld04	0	0	0	
