clcode	string[64]	xeh	dword	stb	byte	byte	word	dword	dword	dword	dword	dword	dword	dword	dword	dword	dword	dword	dword	dword	dword	dword	dword	byte	byte	word	float	float	byte	byte	word	float	float	byte	byte	word	float	float	byte	byte	word	float	float	byte	byte	word	float	float	res	dword	dword	dword	dword	dword	dword	END
Code	Name	Model	Icon	Civil	ListID	Money	none	AncStdPrice	StdPoint	GoldPoint	ProcPoint	KillPoint	StorePrice	IsExchange	IsSell	IsGround	IsStore	Descript	IsExist	IsCash	IsTime	UpLvLim	EffNum	Eff1	none	none	Val1	ValMax1	Eff2	none	none	Val2	ValMax2	Eff3	none	none	Val3	ValMax3	Eff4	none	none	Val4	ValMax4	Eff5	none	none	Val5	ValMax5	resmodule	Efftype1	UIPrint	ItemUiTip	hz	ItemSerise	hz	
irriu01	Феталиум	A30100	1	11111	17	1	0	1	0	0	0	0	10	1	1	1	1	0	1	0	0	0	0	-1	0	0	-1	-1	-1	0	0	-1	-1	-1	0	0	-1	-1	-1	0	0	-1	-1	-1	0	0	-1	-1	1	-1	-1	-1	0	1	0	
irriu02	Литалиум	A30101	2	11111	17	1	0	1	0	0	0	0	10	1	1	1	1	1	1	0	0	0	0	-1	0	0	-1	-1	-1	0	0	-1	-1	-1	0	0	-1	-1	-1	0	0	-1	-1	-1	0	0	-1	-1	1	-1	-1	-1	0	2	0	
irriu03	Осталиум	A30102	3	11111	17	1	0	1	0	0	0	0	10	1	1	1	1	2	1	0	0	0	0	-1	0	0	-1	-1	-1	0	0	-1	-1	-1	0	0	-1	-1	-1	0	0	-1	-1	-1	0	0	-1	-1	1	-1	-1	-1	0	3	0	
irriu04	Хаталиум	A30103	4	11111	17	1	0	1	0	0	0	0	10	1	1	1	1	3	1	0	0	0	0	-1	0	0	-1	-1	-1	0	0	-1	-1	-1	0	0	-1	-1	-1	0	0	-1	-1	-1	0	0	-1	-1	1	-1	-1	-1	0	4	0	
irriu05	Перлалиум	A30104	5	11111	17	1	0	1	0	0	0	0	10	1	1	1	1	4	1	0	0	0	0	-1	0	0	-1	-1	-1	0	0	-1	-1	-1	0	0	-1	-1	-1	0	0	-1	-1	-1	0	0	-1	-1	1	-1	-1	-1	0	5	0	
irrio01	Котарио	A30105	6	11111	17	1	0	3	0	0	0	0	10	1	1	1	1	5	1	0	0	0	0	-1	0	0	-1	-1	-1	0	0	-1	-1	-1	0	0	-1	-1	-1	0	0	-1	-1	-1	0	0	-1	-1	1	-1	-1	-1	0	6	0	
irrio02	Лотарио	A30106	7	11111	17	1	0	3	0	0	0	0	10	1	1	1	1	6	1	0	0	0	0	-1	0	0	-1	-1	-1	0	0	-1	-1	-1	0	0	-1	-1	-1	0	0	-1	-1	-1	0	0	-1	-1	1	-1	-1	-1	0	7	0	
irrio03	Иритарио	A30107	8	11111	17	1	0	3	0	0	0	0	10	1	1	1	1	7	1	0	0	0	0	-1	0	0	-1	-1	-1	0	0	-1	-1	-1	0	0	-1	-1	-1	0	0	-1	-1	-1	0	0	-1	-1	1	-1	-1	-1	0	8	0	
irrio04	Митарио	A30108	9	11111	17	1	0	3	0	0	0	0	10	1	1	1	1	8	1	0	0	0	0	-1	0	0	-1	-1	-1	0	0	-1	-1	-1	0	0	-1	-1	-1	0	0	-1	-1	-1	0	0	-1	-1	1	-1	-1	-1	0	9	0	
irrio05	Утарио	A30109	10	11111	17	1	0	3	0	0	0	0	10	1	1	1	1	9	1	0	0	0	0	-1	0	0	-1	-1	-1	0	0	-1	-1	-1	0	0	-1	-1	-1	0	0	-1	-1	-1	0	0	-1	-1	1	-1	-1	-1	0	10	0	
irrus01	Байталит	A3010A	11	11111	17	1	0	3	0	0	0	0	10	1	1	1	1	10	1	0	0	0	0	-1	0	0	-1	-1	-1	0	0	-1	-1	-1	0	0	-1	-1	-1	0	0	-1	-1	-1	0	0	-1	-1	1	-1	-1	-1	0	11	0	
irrus02	Ниоталит	A3010B	12	11111	17	1	0	3	0	0	0	0	10	1	1	1	1	11	1	0	0	0	0	-1	0	0	-1	-1	-1	0	0	-1	-1	-1	0	0	-1	-1	-1	0	0	-1	-1	-1	0	0	-1	-1	1	-1	-1	-1	0	12	0	
irrus03	Теиталит	A3010C	13	11111	17	1	0	3	0	0	0	0	10	1	1	1	1	12	1	0	0	0	0	-1	0	0	-1	-1	-1	0	0	-1	-1	-1	0	0	-1	-1	-1	0	0	-1	-1	-1	0	0	-1	-1	1	-1	-1	-1	0	13	0	
irrus04	Деиталит	A3010D	14	11111	17	1	0	3	0	0	0	0	10	1	1	1	1	13	1	0	0	0	0	-1	0	0	-1	-1	-1	0	0	-1	-1	-1	0	0	-1	-1	-1	0	0	-1	-1	-1	0	0	-1	-1	1	-1	-1	-1	0	14	0	
irrus05	Проталит	A3010E	15	11111	17	1	0	3	0	0	0	0	10	1	1	1	1	14	1	0	0	0	0	-1	0	0	-1	-1	-1	0	0	-1	-1	-1	0	0	-1	-1	-1	0	0	-1	-1	-1	0	0	-1	-1	1	-1	-1	-1	0	15	0	
irria01	Слоталан	A3010F	16	11111	17	1	0	3	0	0	0	0	10	1	1	1	1	15	1	0	0	0	0	-1	0	0	-1	-1	-1	0	0	-1	-1	-1	0	0	-1	-1	-1	0	0	-1	-1	-1	0	0	-1	-1	1	-1	-1	-1	0	16	0	
irria02	Моталан	A30110	17	11111	17	1	0	3	0	0	0	0	10	1	1	1	1	16	1	0	0	0	0	-1	0	0	-1	-1	-1	0	0	-1	-1	-1	0	0	-1	-1	-1	0	0	-1	-1	-1	0	0	-1	-1	1	-1	-1	-1	0	17	0	
irria03	Титалан	A30111	18	11111	17	1	0	3	0	0	0	0	10	1	1	1	1	17	1	0	0	0	0	-1	0	0	-1	-1	-1	0	0	-1	-1	-1	0	0	-1	-1	-1	0	0	-1	-1	-1	0	0	-1	-1	1	-1	-1	-1	0	18	0	
irria04	Сеталан	A30112	19	11111	17	1	0	3	0	0	0	0	10	1	1	1	1	18	1	0	0	0	0	-1	0	0	-1	-1	-1	0	0	-1	-1	-1	0	0	-1	-1	-1	0	0	-1	-1	-1	0	0	-1	-1	1	-1	-1	-1	0	19	0	
irria05	Новотолан	A30113	20	11111	17	1	0	3	0	0	0	0	10	1	1	1	1	19	1	0	0	0	0	-1	0	0	-1	-1	-1	0	0	-1	-1	-1	0	0	-1	-1	-1	0	0	-1	-1	-1	0	0	-1	-1	1	-1	-1	-1	0	20	0	
irtal01	Талика Невежества	A30114	21	11111	17	1	0	24	0	0	0	0	100	1	1	1	1	20	1	0	0	0	0	-1	0	0	-1	-1	-1	0	0	-1	-1	-1	0	0	-1	-1	-1	0	0	-1	-1	-1	0	0	-1	-1	1	-1	-1	-1	0	21	0	
irtal02	Талика Разрушения	A30115	22	11111	17	1	0	34	0	0	0	0	100	1	1	1	1	21	1	0	0	0	0	-1	0	0	-1	-1	-1	0	0	-1	-1	-1	0	0	-1	-1	-1	0	0	-1	-1	-1	0	0	-1	-1	1	-1	-1	-1	0	22	0	
irtal03	Талика Тьмы	A30116	23	11111	17	1	0	24	0	0	0	0	100	1	1	1	1	22	1	0	0	0	0	-1	0	0	-1	-1	-1	0	0	-1	-1	-1	0	0	-1	-1	-1	0	0	-1	-1	-1	0	0	-1	-1	1	-1	-1	-1	0	23	0	
irtal04	Талика Хаоса	A30117	24	11111	17	1	0	24	0	0	0	0	100	1	1	1	1	23	1	0	0	0	0	-1	0	0	-1	-1	-1	0	0	-1	-1	-1	0	0	-1	-1	-1	0	0	-1	-1	-1	0	0	-1	-1	1	-1	-1	-1	0	24	0	
irtal05	Талика Ненависти	A30118	25	11111	17	1	0	34	0	0	0	0	100	1	1	1	1	24	1	0	0	0	0	-1	0	0	-1	-1	-1	0	0	-1	-1	-1	0	0	-1	-1	-1	0	0	-1	-1	-1	0	0	-1	-1	1	-1	-1	-1	0	25	0	
irtal06	Талика Покровительства	A30119	26	11111	17	1	0	24	0	0	0	0	100	1	1	1	1	25	1	0	0	0	0	-1	0	0	-1	-1	-1	0	0	-1	-1	-1	0	0	-1	-1	-1	0	0	-1	-1	-1	0	0	-1	-1	1	-1	-1	-1	0	26	0	
irtal07	Талика Мудрости	A3011A	27	11111	17	1	0	34	0	0	0	0	100	1	1	1	1	26	1	0	0	0	0	-1	0	0	-1	-1	-1	0	0	-1	-1	-1	0	0	-1	-1	-1	0	0	-1	-1	-1	0	0	-1	-1	1	-1	-1	-1	0	27	0	
irtal08	Талика Святого Пламени	A3011B	28	11111	17	1	0	34	0	0	0	0	100	1	1	1	1	27	1	0	0	0	0	-1	0	0	-1	-1	-1	0	0	-1	-1	-1	0	0	-1	-1	-1	0	0	-1	-1	-1	0	0	-1	-1	1	-1	-1	-1	0	28	0	
irtal09	Талика Веры	A3011C	29	11111	17	1	0	34	0	0	0	0	100	1	1	1	1	28	1	0	0	0	0	-1	0	0	-1	-1	-1	0	0	-1	-1	-1	0	0	-1	-1	-1	0	0	-1	-1	-1	0	0	-1	-1	1	-1	-1	-1	0	29	0	
irtal10	Талика Святого Алтаря	A3011D	30	11111	17	1	0	34	0	0	0	0	100	1	1	1	1	29	1	0	0	0	0	-1	0	0	-1	-1	-1	0	0	-1	-1	-1	0	0	-1	-1	-1	0	0	-1	-1	-1	0	0	-1	-1	1	-1	-1	-1	0	30	0	
irtal11	Талика Славы	A3011E	31	11111	17	1	0	34	0	0	0	0	100	1	1	1	1	30	1	0	0	0	0	-1	0	0	-1	-1	-1	0	0	-1	-1	-1	0	0	-1	-1	-1	0	0	-1	-1	-1	0	0	-1	-1	1	-1	-1	-1	0	31	0	
irtal12	Талика Милосердия	A3011F	32	11111	17	1	0	24	0	0	0	0	100	1	1	1	1	31	1	0	0	0	0	-1	0	0	-1	-1	-1	0	0	-1	-1	-1	0	0	-1	-1	-1	0	0	-1	-1	-1	0	0	-1	-1	1	-1	-1	-1	0	32	0	
irtal13	Талика Грации	A30120	33	11111	17	1	0	24	0	0	0	0	100	1	1	1	1	32	1	0	0	0	0	-1	0	0	-1	-1	-1	0	0	-1	-1	-1	0	0	-1	-1	-1	0	0	-1	-1	-1	0	0	-1	-1	1	-1	-1	-1	0	33	0	
irtal14	Талика Забвения	A30121	34	11111	17	0	0	3	0	0	0	0	100	1	1	1	1	33	1	0	0	0	0	-1	0	0	-1	-1	-1	0	0	-1	-1	-1	0	0	-1	-1	-1	0	0	-1	-1	-1	0	0	-1	-1	1	-1	-1	-1	0	34	0	
irgef01	Рубин	A30122	35	11111	17	1	0	6	0	0	0	0	50	1	1	1	1	34	1	0	0	0	0	-1	0	0	-1	-1	-1	0	0	-1	-1	-1	0	0	-1	-1	-1	0	0	-1	-1	-1	0	0	-1	-1	1	-1	-1	-1	0	35	0	
irgef02	Потухший Рубин	A30123	36	11111	17	1	0	6	0	0	0	0	50	1	1	1	1	35	1	0	0	0	0	-1	0	0	-1	-1	-1	0	0	-1	-1	-1	0	0	-1	-1	-1	0	0	-1	-1	-1	0	0	-1	-1	1	-1	-1	-1	0	36	0	
irgef03	Пламенный Рубин	A30124	37	11111	17	1	0	10	0	0	0	0	50	1	1	1	1	36	1	0	0	0	0	-1	0	0	-1	-1	-1	0	0	-1	-1	-1	0	0	-1	-1	-1	0	0	-1	-1	-1	0	0	-1	-1	1	-1	-1	-1	0	37	0	
irgea01	Алмаз	A30125	38	11111	17	1	0	6	0	0	0	0	50	1	1	1	1	37	1	0	0	0	0	-1	0	0	-1	-1	-1	0	0	-1	-1	-1	0	0	-1	-1	-1	0	0	-1	-1	-1	0	0	-1	-1	1	-1	-1	-1	0	38	0	
irgea02	Аквамарин	A30126	39	11111	17	1	0	6	0	0	0	0	50	1	1	1	1	38	1	0	0	0	0	-1	0	0	-1	-1	-1	0	0	-1	-1	-1	0	0	-1	-1	-1	0	0	-1	-1	-1	0	0	-1	-1	1	-1	-1	-1	0	39	0	
irgea03	Матовый Бриллиант	A30127	40	11111	17	1	0	10	0	0	0	0	50	1	1	1	1	39	1	0	0	0	0	-1	0	0	-1	-1	-1	0	0	-1	-1	-1	0	0	-1	-1	-1	0	0	-1	-1	-1	0	0	-1	-1	1	-1	-1	-1	0	40	0	
irget01	Топаз	A30128	41	11111	17	1	0	6	0	0	0	0	50	1	1	1	1	40	1	0	0	0	0	-1	0	0	-1	-1	-1	0	0	-1	-1	-1	0	0	-1	-1	-1	0	0	-1	-1	-1	0	0	-1	-1	1	-1	-1	-1	0	41	0	
irget02	Обожженый Топаз	A30129	42	11111	17	1	0	6	0	0	0	0	50	1	1	1	1	41	1	0	0	0	0	-1	0	0	-1	-1	-1	0	0	-1	-1	-1	0	0	-1	-1	-1	0	0	-1	-1	-1	0	0	-1	-1	1	-1	-1	-1	0	42	0	
irget03	Токсичный Топаз	A3012A	43	11111	17	1	0	10	0	0	0	0	50	1	1	1	1	42	1	0	0	0	0	-1	0	0	-1	-1	-1	0	0	-1	-1	-1	0	0	-1	-1	-1	0	0	-1	-1	-1	0	0	-1	-1	1	-1	-1	-1	0	43	0	
irgew01	Обсидиан	A3012B	44	11111	17	1	0	6	0	0	0	0	50	1	1	1	1	43	1	0	0	0	0	-1	0	0	-1	-1	-1	0	0	-1	-1	-1	0	0	-1	-1	-1	0	0	-1	-1	-1	0	0	-1	-1	1	-1	-1	-1	0	44	0	
irgew02	Освященный Обсидиан	A3012C	45	11111	17	1	0	6	0	0	0	0	50	1	1	1	1	44	1	0	0	0	0	-1	0	0	-1	-1	-1	0	0	-1	-1	-1	0	0	-1	-1	-1	0	0	-1	-1	-1	0	0	-1	-1	1	-1	-1	-1	0	45	0	
irgew03	Духовный Обсидиан	A3012D	46	11111	17	1	0	10	0	0	0	0	50	1	1	1	1	45	1	0	0	0	0	-1	0	0	-1	-1	-1	0	0	-1	-1	-1	0	0	-1	-1	-1	0	0	-1	-1	-1	0	0	-1	-1	1	-1	-1	-1	0	46	0	
irjad01	Изумруд Удачи	A3012E	47	11111	17	1	0	1	0	0	0	0	500	1	1	1	1	46	1	0	0	0	1	0	0	0	0,100000001	0,100000001	-1	0	0	-1	-1	-1	0	0	-1	-1	-1	0	0	-1	-1	-1	0	0	-1	-1	1	0	3	3699	0	47	0	
irjad02	Изумруд Сделки	A3012F	48	11111	17	1	0	1	0	0	0	0	500	1	1	1	1	47	1	0	0	0	1	1	0	0	0,100000001	0,5	-1	0	0	-1	-1	-1	0	0	-1	-1	-1	0	0	-1	-1	-1	0	0	-1	-1	1	0	3	3674	0	48	0	
irjad03	Изумруд Боевого Опыта	A30130	49	11111	17	1	0	1	0	0	0	0	500	1	1	1	1	48	1	0	0	0	1	2	0	0	0,200000003	1	-1	0	0	-1	-1	-1	0	0	-1	-1	-1	0	0	-1	-1	-1	0	0	-1	-1	1	0	3	3667	0	49	0	
irjad04	Поющий Изумруд	A30131	50	11111	17	1	0	1	0	0	0	0	500	1	1	1	1	49	1	0	0	0	1	3	0	0	1	1	-1	0	0	-1	-1	-1	0	0	-1	-1	-1	0	0	-1	-1	-1	0	0	-1	-1	1	0	3	3700	0	50	0	
irjad05	Изумруд Поддержки	A30132	51	11111	17	1	0	1	0	0	0	0	500	1	1	1	1	50	1	0	0	0	1	4	0	0	5	25	-1	0	0	-1	-1	-1	0	0	-1	-1	-1	0	0	-1	-1	-1	0	0	-1	-1	1	0	3	3668	0	51	0	
irebl01	Кусок Черной Стружки	A30133	52	11111	17	1	0	1	0	0	0	0	500	1	1	1	1	51	1	0	0	0	0	-1	0	0	-1	-1	-1	0	0	-1	-1	-1	0	0	-1	-1	-1	0	0	-1	-1	-1	0	0	-1	-1	1	-1	-1	-1	0	52	0	
irere01	Кусок Красной Стружки	A30134	53	11111	17	1	0	1	0	0	0	0	500	1	1	1	1	52	1	0	0	0	0	-1	0	0	-1	-1	-1	0	0	-1	-1	-1	0	0	-1	-1	-1	0	0	-1	-1	-1	0	0	-1	-1	1	-1	-1	-1	0	53	0	
irebu01	Кусок Синей Стружки	A30135	54	11111	17	1	0	1	0	0	0	0	500	1	1	1	1	53	1	0	0	0	0	-1	0	0	-1	-1	-1	0	0	-1	-1	-1	0	0	-1	-1	-1	0	0	-1	-1	-1	0	0	-1	-1	1	-1	-1	-1	0	54	0	
iregr01	Кусок Зеленой Стружки	A30136	55	11111	17	1	0	1	0	0	0	0	500	1	1	1	1	54	1	0	0	0	0	-1	0	0	-1	-1	-1	0	0	-1	-1	-1	0	0	-1	-1	-1	0	0	-1	-1	-1	0	0	-1	-1	1	-1	-1	-1	0	55	0	
ireyl01	Кусок Желтой Стружки	A30137	56	11111	17	1	0	1	0	0	0	0	500	1	1	1	1	55	1	0	0	0	0	-1	0	0	-1	-1	-1	0	0	-1	-1	-1	0	0	-1	-1	-1	0	0	-1	-1	-1	0	0	-1	-1	1	-1	-1	-1	0	56	0	
irepu01	Кусок Лиловой Стружки	A30138	57	11111	17	1	0	1	0	0	0	0	500	1	1	1	1	56	1	0	0	0	0	-1	0	0	-1	-1	-1	0	0	-1	-1	-1	0	0	-1	-1	-1	0	0	-1	-1	-1	0	0	-1	-1	1	-1	-1	-1	0	57	0	
irewh01	Кусок Белой Стружки	A30139	58	11111	17	1	0	1	0	0	0	0	500	1	1	1	1	57	1	0	0	0	0	-1	0	0	-1	-1	-1	0	0	-1	-1	-1	0	0	-1	-1	-1	0	0	-1	-1	-1	0	0	-1	-1	1	-1	-1	-1	0	58	0	
irebw01	Кусок Бархатной Стружки	A3013A	59	11111	17	1	0	1	0	0	0	0	500	1	1	1	1	58	1	0	0	0	0	-1	0	0	-1	-1	-1	0	0	-1	-1	-1	0	0	-1	-1	-1	0	0	-1	-1	-1	0	0	-1	-1	1	-1	-1	-1	0	59	0	
ireol01	Кусок Оливковой Стружки	A3013B	60	11111	17	1	0	1	0	0	0	0	500	1	1	1	1	59	1	0	0	0	0	-1	0	0	-1	-1	-1	0	0	-1	-1	-1	0	0	-1	-1	-1	0	0	-1	-1	-1	0	0	-1	-1	1	-1	-1	-1	0	60	0	
irena01	Кусок Морской Стружки	A3013C	61	11111	17	1	0	1	0	0	0	0	500	1	1	1	1	60	1	0	0	0	0	-1	0	0	-1	-1	-1	0	0	-1	-1	-1	0	0	-1	-1	-1	0	0	-1	-1	-1	0	0	-1	-1	1	-1	-1	-1	0	61	0	
irchr01	Праздничный Изумруд Изобилия	A3013D	62	11111	17	1	0	1	0	0	0	0	1000	0	1	0	0	61	1	0	0	0	1	2	0	0	0,200000003	1	-1	0	0	-1	-1	-1	0	0	-1	-1	-1	0	0	-1	-1	-1	0	0	-1	-1	1	0	3	3667	0	62	0	
irchr02	Праздничный Изумруд Утешения	A3013E	63	11111	17	1	0	1	0	0	0	0	1000	0	1	0	0	62	1	0	0	0	1	4	0	0	5	25	-1	0	0	-1	-1	-1	0	0	-1	-1	-1	0	0	-1	-1	-1	0	0	-1	-1	1	0	3	3668	0	63	0	
irval01	Цветы	A3013F	64	11111	17	1	0	1	0	0	0	0	1000	0	1	0	0	63	1	0	1	0	1	5	0	0	0,100000001	0,100000001	-1	0	0	-1	-1	-1	0	0	-1	-1	-1	0	0	-1	-1	-1	0	0	-1	-1	1	0	3	3667	0	64	0	
irgef04	Искрящийся Рубин	A30140	65	11111	17	1	0	22	0	0	0	0	1000	1	1	1	1	64	1	0	0	0	0	-1	0	0	-1	-1	-1	0	0	-1	-1	-1	0	0	-1	-1	-1	0	0	-1	-1	-1	0	0	-1	-1	1	-1	-1	-1	0	65	0	
irgea04	Кристальный Алмаз	A30141	66	11111	17	1	0	22	0	0	0	0	1000	1	1	1	1	65	1	0	0	0	0	-1	0	0	-1	-1	-1	0	0	-1	-1	-1	0	0	-1	-1	-1	0	0	-1	-1	-1	0	0	-1	-1	1	-1	-1	-1	0	66	0	
irget04	Чайный Топаз	A30142	67	11111	17	1	0	22	0	0	0	0	1000	1	1	1	1	66	1	0	0	0	0	-1	0	0	-1	-1	-1	0	0	-1	-1	-1	0	0	-1	-1	-1	0	0	-1	-1	-1	0	0	-1	-1	1	-1	-1	-1	0	67	0	
irgew04	Черный Обсидиан	A30143	68	11111	17	1	0	22	0	0	0	0	1000	1	1	1	1	67	1	0	0	0	0	-1	0	0	-1	-1	-1	0	0	-1	-1	-1	0	0	-1	-1	-1	0	0	-1	-1	-1	0	0	-1	-1	1	-1	-1	-1	0	68	0	
ircsa01	Рубин Удачи	A30144	69	11111	17	0	0	1	0	0	0	0	1000	0	1	0	1	68	0	1	0	0	0	-1	0	0	-1	-1	-1	0	0	-1	-1	-1	0	0	-1	-1	-1	0	0	-1	-1	-1	0	0	-1	-1	1	-1	-1	-1	0	69	0	
ircsa02	Алмаз Удачи	A30145	70	11111	17	0	0	1	0	0	0	0	1000	0	1	0	1	69	0	1	0	0	0	-1	0	0	-1	-1	-1	0	0	-1	-1	-1	0	0	-1	-1	-1	0	0	-1	-1	-1	0	0	-1	-1	1	-1	-1	-1	0	70	0	
ircsa03	Топаз Удачи	A30146	71	11111	17	0	0	1	0	0	0	0	1000	0	1	0	1	70	0	1	0	0	0	-1	0	0	-1	-1	-1	0	0	-1	-1	-1	0	0	-1	-1	-1	0	0	-1	-1	-1	0	0	-1	-1	1	-1	-1	-1	0	71	0	
ircsa04	Обсидиан Удачи	A30147	72	11111	17	0	0	1	0	0	0	0	1000	0	1	0	1	71	0	1	0	0	0	-1	0	0	-1	-1	-1	0	0	-1	-1	-1	0	0	-1	-1	-1	0	0	-1	-1	-1	0	0	-1	-1	1	-1	-1	-1	0	72	0	
irres01	Алый Камень	A30148	75	11111	17	0	0	1	0	0	0	0	1000	0	1	0	1	72	0	0	0	0	0	-1	0	0	-1	-1	-1	0	0	-1	-1	-1	0	0	-1	-1	-1	0	0	-1	-1	-1	0	0	-1	-1	1	-1	-1	-1	0	75	0	
ircsa05	Изумруд_Изобилия_[1_день	A30149	73	11111	17	0	0	1	0	0	0	0	1000	0	1	0	1	74	0	1	1	0	1	2	0	0	0,200000003	1	-1	0	0	-1	-1	-1	0	0	-1	-1	-1	0	0	-1	-1	-1	0	0	-1	-1	1	0	3	3667	0	73	0	
ircsa06	Изумруд_Изобилия_[6_дней	A3014A	73	11111	17	0	0	1	0	0	0	0	1000	0	1	0	1	75	0	1	1	0	1	2	0	0	0,200000003	1	-1	0	0	-1	-1	-1	0	0	-1	-1	-1	0	0	-1	-1	-1	0	0	-1	-1	1	0	3	3667	0	73	0	
ircsa07	Изумруд_Изобилия_[14_дней	A3014B	73	11111	17	0	0	1	0	0	0	0	1000	0	1	0	1	76	0	1	1	0	1	2	0	0	0,200000003	1	-1	0	0	-1	-1	-1	0	0	-1	-1	-1	0	0	-1	-1	-1	0	0	-1	-1	1	0	3	3667	0	73	0	
ircsa08	Изумруд_Изобилия_[30_дней	A3014C	73	11111	17	0	0	1	0	0	0	0	1000	0	1	0	1	77	0	1	1	0	1	2	0	0	0,200000003	1	-1	0	0	-1	-1	-1	0	0	-1	-1	-1	0	0	-1	-1	-1	0	0	-1	-1	1	0	3	3667	0	73	0	
ircsa09	Изумруд_Утешения_[1_день	A3014D	74	11111	17	0	0	1	0	0	0	0	1000	0	1	0	1	78	0	1	1	0	1	4	0	0	1	5	-1	0	0	-1	-1	-1	0	0	-1	-1	-1	0	0	-1	-1	-1	0	0	-1	-1	1	0	3	3668	0	74	0	
ircsa10	Изумруд_Утешения_[6_дней	A3014E	74	11111	17	0	0	1	0	0	0	0	1000	0	1	0	1	79	0	1	1	0	1	4	0	0	1	5	-1	0	0	-1	-1	-1	0	0	-1	-1	-1	0	0	-1	-1	-1	0	0	-1	-1	1	0	3	3668	0	74	0	
ircsa11	Изумруд_Утешения_[14_дней	A3014F	74	11111	17	0	0	1	0	0	0	0	1000	0	1	0	1	80	0	1	1	0	1	4	0	0	1	5	-1	0	0	-1	-1	-1	0	0	-1	-1	-1	0	0	-1	-1	-1	0	0	-1	-1	1	0	3	3668	0	74	0	
ircsa12	Изумруд_Утешения_[30_дней	A30150	74	11111	17	0	0	1	0	0	0	0	1000	0	1	0	1	81	0	1	1	0	1	4	0	0	1	5	-1	0	0	-1	-1	-1	0	0	-1	-1	-1	0	0	-1	-1	-1	0	0	-1	-1	1	0	3	3668	0	74	0	
ircht01	Синяя пудра	A30151	77	11111	17	1	0	2	0	0	0	0	1	1	1	1	1	90	0	0	0	0	0	-1	0	0	-1	-1	-1	0	0	-1	-1	-1	0	0	-1	-1	-1	0	0	-1	-1	-1	0	0	-1	-1	1	-1	-1	-1	0	77	0	
irbls01	Голубой камень	A30152	76	11111	17	0	0	1	0	0	0	0	1	0	1	0	1	73	0	0	0	0	0	-1	0	0	-1	-1	-1	0	0	-1	-1	-1	0	0	-1	-1	-1	0	0	-1	-1	-1	0	0	-1	-1	1	-1	-1	-1	0	76	0	
irskl01	Камень Ард-Руны	A30153	79	11111	17	1	0	10	0	0	0	0	100	0	1	0	1	91	0	0	0	0	0	-1	0	0	-1	-1	-1	0	0	-1	-1	-1	0	0	-1	-1	-1	0	0	-1	-1	-1	0	0	-1	-1	1	-1	-1	-1	0	79	0	
irevn01	Нефритовый осколок	A30154	78	11111	17	1	0	1	0	0	0	0	500	0	1	0	1	-1	0	0	0	0	1	4	0	0	5	25	-1	0	0	-1	-1	-1	0	0	-1	-1	-1	0	0	-1	-1	-1	0	0	-1	-1	1	0	-1	3668	0	78	0	
irmap01	Осколок Огненной Души	A30155	80	11111	17	1	0	1	0	0	0	0	1	1	1	1	1	92	1	0	0	0	0	-1	0	0	-1	-1	-1	0	0	-1	-1	-1	0	0	-1	-1	-1	0	0	-1	-1	-1	0	0	-1	-1	1	-1	-1	-1	0	80	0	
irmap03	Осколок Ледяной Души	A30156	81	11111	17	1	0	1	0	0	0	0	1	1	1	1	1	93	1	0	0	0	0	-1	0	0	-1	-1	-1	0	0	-1	-1	-1	0	0	-1	-1	-1	0	0	-1	-1	-1	0	0	-1	-1	1	-1	-1	-1	0	81	0	
irbud01	Счастливая бусина 1Ч	A30157	82	11111	17	0	0	5	0	0	0	0	1	0	1	0	1	95	1	1	1	0	1	8	0	0	1	1	-1	0	0	-1	-1	-1	0	0	-1	-1	-1	0	0	-1	-1	-1	0	0	-1	-1	1	0	-1	-1	0	82	0	
irbud02	Благословенная Бусина 10 мин	A30158	83	11111	17	0	0	5	0	0	0	0	1	0	1	0	1	96	1	1	1	0	1	5	0	0	0,100000001	1	-1	0	0	-1	-1	-1	0	0	-1	-1	-1	0	0	-1	-1	-1	0	0	-1	-1	1	0	-1	-1	0	83	0	
irbud03	Благословенная Бусина 30 мин	A30159	83	11111	17	0	0	5	0	0	0	0	1	0	1	0	1	97	1	1	1	0	1	5	0	0	0,100000001	1	-1	0	0	-1	-1	-1	0	0	-1	-1	-1	0	0	-1	-1	-1	0	0	-1	-1	1	0	-1	-1	0	83	0	
irbud04	Благословенная Бусина 1 час	A3015A	83	11111	17	0	0	5	0	0	0	0	1	0	1	0	1	98	1	1	1	0	1	5	0	0	0,100000001	1	-1	0	0	-1	-1	-1	0	0	-1	-1	-1	0	0	-1	-1	-1	0	0	-1	-1	1	0	-1	-1	0	83	0	
irbud05	Бусина Интелекта 10 мин	A3015B	84	11111	17	0	0	5	0	0	0	0	1	0	1	0	1	99	1	1	1	0	1	6	0	0	0,100000001	1	-1	0	0	-1	-1	-1	0	0	-1	-1	-1	0	0	-1	-1	-1	0	0	-1	-1	1	0	-1	-1	0	84	0	
irbud06	Бусина Интелекта 30 мин	A3015C	84	11111	17	0	0	5	0	0	0	0	1	0	1	0	1	100	1	1	1	0	1	6	0	0	0,100000001	1	-1	0	0	-1	-1	-1	0	0	-1	-1	-1	0	0	-1	-1	-1	0	0	-1	-1	1	0	-1	-1	0	84	0	
irbud07	Бусина Интелекта 1ч	A3015D	84	11111	17	0	0	5	0	0	0	0	1	0	1	0	1	101	1	1	1	0	1	6	0	0	0,100000001	1	-1	0	0	-1	-1	-1	0	0	-1	-1	-1	0	0	-1	-1	-1	0	0	-1	-1	1	0	-1	-1	0	84	0	
irbud08	Статуя Буддиста	A3015E	85	11111	17	0	0	5	0	0	0	0	1	0	0	0	0	102	1	1	1	0	3	6	0	0	0,5	0,5	7	0	0	0,5	0,5	9	0	0	0,5	0,5	11	0	0	0,050000001	0,050000001	-1	0	0	-1	-1	1	0	-1	-1	0	85	0	
irpre01	Карта Премиума	A3015F	86	11111	17	0	0	5	0	0	0	0	1	0	0	0	0	94	1	1	0	0	4	5	0	0	1,5	1,5	6	0	0	1,600000024	1,600000024	18	0	0	0,050000001	0,050000001	24	0	0	0,050000001	0,050000001	-1	0	0	-1	-1	1	0	-1	-1	0	86	0	
ircsa13	Изумруд_Изобилия_[6_часов	A30160	73	11111	17	0	0	1	0	0	0	0	1000	0	1	0	1	82	1	1	1	0	1	2	0	0	0,200000003	1	-1	0	0	-1	-1	-1	0	0	-1	-1	-1	0	0	-1	-1	-1	0	0	-1	-1	1	0	3	3667	0	73	0	
ircsa14	Изумруд_Изобилия_[12_часов	A30161	73	11111	17	0	0	1	0	0	0	0	1000	0	1	0	1	83	1	1	1	0	1	2	0	0	0,200000003	1	-1	0	0	-1	-1	-1	0	0	-1	-1	-1	0	0	-1	-1	-1	0	0	-1	-1	1	0	3	3667	0	73	0	
ircsa15	Изумруд_Изобилия_[20_часов	A30162	73	11111	17	0	0	1	0	0	0	0	1000	0	1	0	1	84	1	1	1	0	1	2	0	0	0,200000003	1	-1	0	0	-1	-1	-1	0	0	-1	-1	-1	0	0	-1	-1	-1	0	0	-1	-1	1	0	3	3667	0	73	0	
ircsa16	Изумруд_Изобилия_[30_часов	A30163	73	11111	17	0	0	1	0	0	0	0	1000	0	1	0	1	85	1	1	1	0	1	2	0	0	0,200000003	1	-1	0	0	-1	-1	-1	0	0	-1	-1	-1	0	0	-1	-1	-1	0	0	-1	-1	1	0	3	3667	0	73	0	
ircsa17	Изумруд_Утешения_[6_часов	A30164	74	11111	17	0	0	1	0	0	0	0	1000	0	1	0	1	86	1	1	1	0	1	4	0	0	1	5	-1	0	0	-1	-1	-1	0	0	-1	-1	-1	0	0	-1	-1	-1	0	0	-1	-1	1	0	3	3668	0	74	0	
ircsa18	Изумруд_Утешения_[12_часов	A30165	74	11111	17	0	0	1	0	0	0	0	1000	0	1	0	1	87	1	1	1	0	1	4	0	0	1	5	-1	0	0	-1	-1	-1	0	0	-1	-1	-1	0	0	-1	-1	-1	0	0	-1	-1	1	0	3	3668	0	74	0	
ircsa19	Изумруд_Утешения_[20_часов	A30166	74	11111	17	0	0	1	0	0	0	0	1000	0	1	0	1	88	1	1	1	0	1	4	0	0	1	5	-1	0	0	-1	-1	-1	0	0	-1	-1	-1	0	0	-1	-1	-1	0	0	-1	-1	1	0	3	3668	0	74	0	
ircsa20	Изумруд_Утешения_[30_часов	A30167	74	11111	17	0	0	1	0	0	0	0	1000	0	1	0	1	89	1	1	1	0	1	4	0	0	1	5	-1	0	0	-1	-1	-1	0	0	-1	-1	-1	0	0	-1	-1	-1	0	0	-1	-1	1	0	3	3668	0	74	0	
irhst01	Часть Алтаря	A30168	87	11111	17	0	0	1	0	0	0	0	1000	1	1	1	1	103	1	0	0	0	0	-1	0	0	-1	-1	-1	0	0	-1	-1	-1	0	0	-1	-1	-1	0	0	-1	-1	-1	0	0	-1	-1	1	-1	-1	-1	0	87	0	
ircry01	Кристальная Талика	A30169	88	11111	17	0	0	1	0	0	0	0	1000	0	1	0	1	104	1	0	0	0	0	-1	0	0	-1	-1	-1	0	0	-1	-1	-1	0	0	-1	-1	-1	0	0	-1	-1	-1	0	0	-1	-1	1	-1	-1	-1	0	88	0	
ircsa21	Изумруд_Изобилия_[18.00-01.00	A3016A	73	11111	17	0	0	1	0	0	0	0	1000	0	1	0	1	105	1	1	1	0	1	71	0	0	1	1	-1	0	0	-1	-1	-1	0	0	-1	-1	-1	0	0	-1	-1	-1	0	0	-1	-1	1	0	3	3667	0	73	0	
ircsa22	Изумруд_Изобилия_[06.00-13.00	A3016B	73	11111	17	0	0	1	0	0	0	0	1000	0	1	0	1	106	1	1	1	0	1	71	0	0	1	1	-1	0	0	-1	-1	-1	0	0	-1	-1	-1	0	0	-1	-1	-1	0	0	-1	-1	1	0	3	3667	0	73	0	
ircsa23	Награда_Картелы	A3016C	89	11111	17	0	0	1	0	0	0	0	1000	0	1	0	1	107	1	1	1	0	2	71	0	0	0,200000003	1	74	0	0	0,100000001	0,5	-1	0	0	-1	-1	-1	0	0	-1	-1	-1	0	0	-1	-1	1	0	3	3666	0	89	0	
ircry02	Кристал Пексиона	A3016D	90	11111	17	0	0	1	0	0	0	0	1000	1	1	1	1	108	1	0	0	0	0	-1	0	0	-1	-1	-1	0	0	-1	-1	-1	0	0	-1	-1	-1	0	0	-1	-1	-1	0	0	-1	-1	1	-1	-1	-1	0	90	0	
irsry01	Отражающий свиток Разработчика	A3016E	91	11111	17	0	0	1	0	0	0	0	1000	0	0	0	1	109	1	1	1	0	1	72	0	0	0,100000001	0,100000001	-1	0	0	-1	-1	-1	0	0	-1	-1	-1	0	0	-1	-1	-1	0	0	-1	-1	1	0	-1	-1	0	91	0	
irhst02	Отполированный осколок Алтаря	A3016F	111	11111	17	0	0	1	0	0	0	0	1000	1	1	1	1	110	1	0	0	0	0	-1	0	0	-1	-1	-1	0	0	-1	-1	-1	0	0	-1	-1	-1	0	0	-1	-1	-1	0	0	-1	-1	1	-1	-1	-1	0	111	0	
irhst03	Сверкающий осколок Алтаря	A30170	112	11111	17	0	0	1	0	0	0	0	1000	1	1	1	1	111	1	0	0	0	0	-1	0	0	-1	-1	-1	0	0	-1	-1	-1	0	0	-1	-1	-1	0	0	-1	-1	-1	0	0	-1	-1	1	-1	-1	-1	0	112	0	
irhst04	Прозрачный осколок Алтаря	A30171	113	11111	17	0	0	1	0	0	0	0	1000	1	1	1	1	112	1	0	0	0	0	-1	0	0	-1	-1	-1	0	0	-1	-1	-1	0	0	-1	-1	-1	0	0	-1	-1	-1	0	0	-1	-1	1	-1	-1	-1	0	113	0	
irhst05	Говорящий осколок Алтаря	A30172	114	11111	17	0	0	1	0	0	0	0	1000	1	1	1	1	113	1	0	0	0	0	-1	0	0	-1	-1	-1	0	0	-1	-1	-1	0	0	-1	-1	-1	0	0	-1	-1	-1	0	0	-1	-1	1	-1	-1	-1	0	114	0	
irhst06	Иллюзорный осколок Алтаря	A30173	115	11111	17	0	0	1	0	0	0	0	1000	1	1	1	1	114	1	0	0	0	0	-1	0	0	-1	-1	-1	0	0	-1	-1	-1	0	0	-1	-1	-1	0	0	-1	-1	-1	0	0	-1	-1	1	-1	-1	-1	0	115	0	
irhst07	Немой осколок Алтаря	A30174	116	11111	17	0	0	1	0	0	0	0	1000	1	1	1	1	115	1	0	0	0	0	-1	0	0	-1	-1	-1	0	0	-1	-1	-1	0	0	-1	-1	-1	0	0	-1	-1	-1	0	0	-1	-1	1	-1	-1	-1	0	116	0	
irhst08	Стальной осколок Алтаря	A30175	117	11111	17	0	0	1	0	0	0	0	1000	1	1	1	1	116	1	0	0	0	0	-1	0	0	-1	-1	-1	0	0	-1	-1	-1	0	0	-1	-1	-1	0	0	-1	-1	-1	0	0	-1	-1	1	-1	-1	-1	0	117	0	
irhsm02	Отполированный Алтарь	A30176	118	11111	17	0	0	1	0	0	0	0	1000	1	1	1	1	117	1	0	0	0	0	-1	0	0	-1	-1	-1	0	0	-1	-1	-1	0	0	-1	-1	-1	0	0	-1	-1	-1	0	0	-1	-1	1	-1	-1	-1	0	118	0	
irhsm03	Сверкающий Алтарь	A30177	119	11111	17	0	0	1	0	0	0	0	1000	1	1	1	1	118	1	0	0	0	0	-1	0	0	-1	-1	-1	0	0	-1	-1	-1	0	0	-1	-1	-1	0	0	-1	-1	-1	0	0	-1	-1	1	-1	-1	-1	0	119	0	
irhsm04	Прозрачный Алтарь	A30178	120	11111	17	0	0	1	0	0	0	0	1000	1	1	1	1	119	1	0	0	0	0	-1	0	0	-1	-1	-1	0	0	-1	-1	-1	0	0	-1	-1	-1	0	0	-1	-1	-1	0	0	-1	-1	1	-1	-1	-1	0	120	0	
irhsm05	Говорящий Алтарь	A30179	121	11111	17	0	0	1	0	0	0	0	1000	1	1	1	1	120	1	0	0	0	0	-1	0	0	-1	-1	-1	0	0	-1	-1	-1	0	0	-1	-1	-1	0	0	-1	-1	-1	0	0	-1	-1	1	-1	-1	-1	0	121	0	
irhsm06	Иллюзорный Алтарь	A3017A	122	11111	17	0	0	1	0	0	0	0	1000	1	1	1	1	121	1	0	0	0	0	-1	0	0	-1	-1	-1	0	0	-1	-1	-1	0	0	-1	-1	-1	0	0	-1	-1	-1	0	0	-1	-1	1	-1	-1	-1	0	122	0	
irhsm07	Немой Алтарь	A3017B	123	11111	17	0	0	1	0	0	0	0	1000	1	1	1	1	122	1	0	0	0	0	-1	0	0	-1	-1	-1	0	0	-1	-1	-1	0	0	-1	-1	-1	0	0	-1	-1	-1	0	0	-1	-1	1	-1	-1	-1	0	123	0	
irhsm08	Стальной Алтарь	A3017C	124	11111	17	0	0	1	0	0	0	0	1000	1	1	1	1	123	1	0	0	0	0	-1	0	0	-1	-1	-1	0	0	-1	-1	-1	0	0	-1	-1	-1	0	0	-1	-1	-1	0	0	-1	-1	1	-1	-1	-1	0	124	0	
irwav01	Священный Металл	A3017D	134	11111	17	0	0	1	0	0	0	0	1000	1	1	1	1	124	1	1	1	0	0	-1	0	0	-1	-1	-1	0	0	-1	-1	-1	0	0	-1	-1	-1	0	0	-1	-1	-1	0	0	-1	-1	1	-1	-1	-1	0	134	0	
ircsa24	Медальон Торговли	A3017E	92	11111	17	0	0	140000	0	0	0	0	10	0	0	0	1	125	1	0	1	0	1	10	0	0	0,02	0,100000001	-1	0	0	-1	-1	-1	0	0	-1	-1	-1	0	0	-1	-1	-1	0	0	-1	-1	1	0	2	3670	0	92	0	
ircsa25	Медальон Общения	A3017F	93	11111	17	0	0	140000	0	0	0	0	10	0	0	0	1	126	1	0	1	0	1	11	0	0	0,02	0,100000001	-1	0	0	-1	-1	-1	0	0	-1	-1	-1	0	0	-1	-1	-1	0	0	-1	-1	1	0	2	3671	0	93	0	
ircsa26	Медальон Прозрения	A30180	94	11111	17	0	0	140000	0	0	0	0	10	0	0	0	1	127	1	0	1	0	1	76	0	0	1	1	-1	0	0	-1	-1	-1	0	0	-1	-1	-1	0	0	-1	-1	-1	0	0	-1	-1	1	0	2	3672	0	94	0	
ircsa27	Медальон Скорости	A30181	95	11111	17	0	0	140000	0	0	0	0	10	0	0	0	1	128	1	0	1	0	1	41	0	0	1	1	-1	0	0	-1	-1	-1	0	0	-1	-1	-1	0	0	-1	-1	-1	0	0	-1	-1	1	0	2	3673	0	95	0	
ircsa28	Медальон Сделки	A30182	96	11111	17	0	0	140000	0	0	0	0	10	0	0	0	1	129	1	0	1	0	2	10	0	0	0,050000001	0,050000001	11	0	0	0,050000001	0,050000001	-1	0	0	-1	-1	-1	0	0	-1	-1	-1	0	0	-1	-1	1	0	2	3674	0	96	0	
ircsa29	Медальон Успеха	A30183	97	11111	17	0	0	140000	0	0	0	0	10	0	0	0	1	130	1	0	1	0	1	52	0	0	1	3	-1	0	0	-1	-1	-1	0	0	-1	-1	-1	0	0	-1	-1	-1	0	0	-1	-1	1	0	2	3675	0	97	0	
ircsa30	Медальон Лидера	A30184	98	11111	17	0	0	140000	0	0	0	0	10	0	0	0	1	131	1	0	1	0	1	53	0	0	1	5	-1	0	0	-1	-1	-1	0	0	-1	-1	-1	0	0	-1	-1	-1	0	0	-1	-1	1	0	2	3676	0	98	0	
ircsa31	Медальон Невежества	A30185	99	11111	17	0	0	140000	0	0	0	0	10	0	0	0	1	132	1	0	1	0	1	79	0	0	1	5	-1	0	0	-1	-1	-1	0	0	-1	-1	-1	0	0	-1	-1	-1	0	0	-1	-1	1	0	0	3677	0	99	0	
ircsa32	Медальон Покровительства	A30186	100	11111	17	0	0	140000	0	0	0	0	10	0	0	0	1	133	1	0	1	0	1	80	0	0	1	4	-1	0	0	-1	-1	-1	0	0	-1	-1	-1	0	0	-1	-1	-1	0	0	-1	-1	1	0	1	3678	0	100	0	
ircsa33	Священный Медальон	A30187	101	11111	17	0	0	140000	0	0	0	0	10	0	0	0	1	134	1	0	1	0	1	77	0	0	0,300000012	0,300000012	-1	0	0	-1	-1	-1	0	0	-1	-1	-1	0	0	-1	-1	-1	0	0	-1	-1	1	0	2	3679	0	101	0	
ircsa34	Медальон Регенерации	A30188	102	11111	17	0	0	140000	0	0	0	0	10	0	0	0	1	135	1	0	1	0	1	12	0	0	0,01	0,050000001	-1	0	0	-1	-1	-1	0	0	-1	-1	-1	0	0	-1	-1	-1	0	0	-1	-1	1	0	2	3680	0	102	0	
ircsa35	Медальон Согласия	830189	103	00110	17	0	0	140000	0	0	0	0	10	0	0	0	1	136	1	0	1	0	1	33	0	0	0,100000001	0,5	-1	0	0	-1	-1	-1	0	0	-1	-1	-1	0	0	-1	-1	-1	0	0	-1	-1	1	0	2	3681	0	103	0	
ircsa36	Генератор Атаки	A3018A	104	11111	17	0	0	140000	0	0	0	0	10	0	0	0	1	137	1	0	1	0	1	18	0	0	0,039999999	0,200000003	-1	0	0	-1	-1	-1	0	0	-1	-1	-1	0	0	-1	-1	-1	0	0	-1	-1	1	0	0	3682	0	104	0	
ircsa37	Генератор Защиты	A3018B	105	11111	17	0	0	140000	0	0	0	0	10	0	0	0	1	138	1	0	1	0	1	24	0	0	0,039999999	0,200000003	-1	0	0	-1	-1	-1	0	0	-1	-1	-1	0	0	-1	-1	-1	0	0	-1	-1	1	0	1	3683	0	105	0	
ircsa38	Генератор Раздражения	A3018C	106	11111	17	0	0	140000	0	0	0	0	10	0	0	0	1	139	1	0	1	0	1	54	0	0	0,039999999	0,200000003	-1	0	0	-1	-1	-1	0	0	-1	-1	-1	0	0	-1	-1	-1	0	0	-1	-1	1	0	2	3684	0	106	0	
ircsa39	Генератор Совершенства	A3018D	107	11111	17	0	0	140000	0	0	0	0	10	0	0	0	1	140	1	0	1	0	2	48	0	0	7	21	78	0	0	10	30	-1	0	0	-1	-1	-1	0	0	-1	-1	-1	0	0	-1	-1	1	0	2	3685	0	107	0	
ircsa40	Генератор MAU	73018E	108	11000	17	0	0	140000	0	0	0	0	10	0	0	0	1	141	1	0	1	0	2	29	0	0	0,100000001	0,5	-1	0	0	-1	-1	-1	0	0	-1	-1	-1	0	0	-1	-1	-1	0	0	-1	-1	1	0	2	3686	0	108	0	
ircsa41	Генератор Агрессии	A3018F	109	11111	17	0	0	140000	0	0	0	0	10	0	0	0	1	142	1	0	1	0	1	28	0	0	5	5	-1	0	0	-1	-1	-1	0	0	-1	-1	-1	0	0	-1	-1	-1	0	0	-1	-1	1	0	2	3687	0	109	0	
ircsa42	Генератор Спокойствия	A30190	110	11111	17	0	0	140000	0	0	0	0	10	0	0	0	1	143	1	0	1	0	1	28	0	0	-5	-5	-1	0	0	-1	-1	-1	0	0	-1	-1	-1	0	0	-1	-1	-1	0	0	-1	-1	1	0	2	3688	0	110	0	
irstl01	1% утомления во время захвата	A30191	134	11111	17	0	0	1	0	0	0	0	0	0	0	0	1	177	1	0	1	0	1	81	0	0	0,100000001	0,5	-1	0	0	-1	-1	-1	0	0	-1	-1	-1	0	0	-1	-1	-1	0	0	-1	-1	1	0	3	3669	0	134	0	
irstl02	3% утомления во время захвата	A30192	134	11111	17	0	0	1	0	0	0	0	0	0	0	0	1	-1	0	0	1	0	1	-1	0	0	-1	-1	-1	0	0	-1	-1	-1	0	0	-1	-1	-1	0	0	-1	-1	-1	0	0	-1	-1	1	0	3	3669	0	134	0	
irstl03	5% утомления во время захвата	A30193	134	11111	17	0	0	1	0	0	0	0	0	0	0	0	1	-1	0	0	1	0	1	-1	0	0	-1	-1	-1	0	0	-1	-1	-1	0	0	-1	-1	-1	0	0	-1	-1	-1	0	0	-1	-1	1	0	3	3669	0	134	0	
irstl04	7% утомления во время захвата	A30194	134	11111	17	0	0	1	0	0	0	0	0	0	0	0	1	-1	0	0	1	0	1	-1	0	0	-1	-1	-1	0	0	-1	-1	-1	0	0	-1	-1	-1	0	0	-1	-1	-1	0	0	-1	-1	1	0	3	3669	0	134	0	
irstl05	9% утомления во время захвата	A30195	134	11111	17	0	0	1	0	0	0	0	0	0	0	0	1	-1	0	0	1	0	1	-1	0	0	-1	-1	-1	0	0	-1	-1	-1	0	0	-1	-1	-1	0	0	-1	-1	-1	0	0	-1	-1	1	0	3	3669	0	134	0	
irchm01	Медальон Торговли 	A30196	92	11111	17	0	0	1	0	0	0	0	0	0	0	0	1	144	1	0	1	0	1	10	0	0	0,005	0,025	-1	0	0	-1	-1	-1	0	0	-1	-1	-1	0	0	-1	-1	-1	0	0	-1	-1	1	0	2	3670	0	92	0	
irchm02	Медальон Общения 	A30197	93	11111	17	0	0	1	0	0	0	0	0	0	0	0	1	145	1	0	1	0	1	11	0	0	0,005	0,025	-1	0	0	-1	-1	-1	0	0	-1	-1	-1	0	0	-1	-1	-1	0	0	-1	-1	1	0	2	3671	0	93	0	
irchm03	Медальон Прозрения 	A30198	94	11111	17	0	0	1	0	0	0	0	0	0	0	0	1	146	1	0	1	0	1	76	0	0	1	1	-1	0	0	-1	-1	-1	0	0	-1	-1	-1	0	0	-1	-1	-1	0	0	-1	-1	1	0	2	3672	0	94	0	
irchm04	Медальон Скорости 	A30199	95	11111	17	0	0	1	0	0	0	0	0	0	0	0	1	147	1	0	1	0	1	41	0	0	1	1	-1	0	0	-1	-1	-1	0	0	-1	-1	-1	0	0	-1	-1	-1	0	0	-1	-1	1	0	2	3673	0	95	0	
irchm05	Медальон Успеха 	A3019A	97	11111	17	0	0	1	0	0	0	0	0	0	0	0	1	148	1	0	1	0	1	52	0	0	1	3	-1	0	0	-1	-1	-1	0	0	-1	-1	-1	0	0	-1	-1	-1	0	0	-1	-1	1	0	2	3675	0	97	0	
irchm06	Медальон Лидера 	A3019B	98	11111	17	0	0	1	0	0	0	0	0	0	0	0	1	149	1	0	1	0	1	53	0	0	1	5	-1	0	0	-1	-1	-1	0	0	-1	-1	-1	0	0	-1	-1	-1	0	0	-1	-1	1	0	2	3676	0	98	0	
irchm07	Медальон Регенерации 	A3019C	102	11111	17	0	0	1	0	0	0	0	0	0	0	0	1	150	1	0	1	0	1	12	0	0	0,003	0,015	-1	0	0	-1	-1	-1	0	0	-1	-1	-1	0	0	-1	-1	-1	0	0	-1	-1	1	0	2	3680	0	102	0	
irchm08	Генератор Атаки 	A3019D	104	11111	17	0	0	1	0	0	0	0	0	0	0	0	1	151	1	0	1	0	1	18	0	0	0,02	0,100000001	-1	0	0	-1	-1	-1	0	0	-1	-1	-1	0	0	-1	-1	-1	0	0	-1	-1	1	0	0	3682	0	104	0	
irchm09	Генератор Защиты 	A3019E	105	11111	17	0	0	1	0	0	0	0	0	0	0	0	1	152	1	0	1	0	1	24	0	0	0,02	0,100000001	-1	0	0	-1	-1	-1	0	0	-1	-1	-1	0	0	-1	-1	-1	0	0	-1	-1	1	0	1	3683	0	105	0	
irchm10	Генератор Раздражения 	A3019F	106	11111	17	0	0	1	0	0	0	0	0	0	0	0	1	153	1	0	1	0	1	54	0	0	0,01	0,050000001	-1	0	0	-1	-1	-1	0	0	-1	-1	-1	0	0	-1	-1	-1	0	0	-1	-1	1	0	2	3684	0	106	0	
irchm11	Генератор Агрессии 	A301A0	109	11111	17	0	0	1	0	0	0	0	0	0	0	0	1	154	1	0	1	0	1	28	0	0	1	5	-1	0	0	-1	-1	-1	0	0	-1	-1	-1	0	0	-1	-1	-1	0	0	-1	-1	1	0	2	3687	0	109	0	
irchm12	Медальон Торговли 	A301A1	92	11111	17	0	0	1	0	0	0	0	0	0	0	0	1	155	1	0	1	0	1	10	0	0	0,01	0,050000001	-1	0	0	-1	-1	-1	0	0	-1	-1	-1	0	0	-1	-1	-1	0	0	-1	-1	1	0	2	3670	0	92	0	
irchm13	Медальон Общения 	A301A2	93	11111	17	0	0	1	0	0	0	0	0	0	0	0	1	156	1	0	1	0	1	11	0	0	0,01	0,050000001	-1	0	0	-1	-1	-1	0	0	-1	-1	-1	0	0	-1	-1	-1	0	0	-1	-1	1	0	2	3671	0	93	0	
irchm14	Медальон Прозрения 	A301A3	94	11111	17	0	0	1	0	0	0	0	0	0	0	0	1	157	1	0	1	0	1	76	0	0	1	1	-1	0	0	-1	-1	-1	0	0	-1	-1	-1	0	0	-1	-1	-1	0	0	-1	-1	1	0	2	3672	0	94	0	
irchm15	Медальон Скорости 	A301A4	95	11111	17	0	0	1	0	0	0	0	0	0	0	0	1	158	1	0	1	0	1	41	0	0	1	1	-1	0	0	-1	-1	-1	0	0	-1	-1	-1	0	0	-1	-1	-1	0	0	-1	-1	1	0	2	3673	0	95	0	
irchm16	Медальон Успеха 	A301A5	97	11111	17	0	0	1	0	0	0	0	0	0	0	0	1	159	1	0	1	0	1	52	0	0	1	3	-1	0	0	-1	-1	-1	0	0	-1	-1	-1	0	0	-1	-1	-1	0	0	-1	-1	1	0	2	3675	0	97	0	
irchm17	Медальон Лидера 	A301A6	98	11111	17	0	0	1	0	0	0	0	0	0	0	0	1	160	1	0	1	0	1	53	0	0	1	5	-1	0	0	-1	-1	-1	0	0	-1	-1	-1	0	0	-1	-1	-1	0	0	-1	-1	1	0	2	3676	0	98	0	
irchm18	Медальон Регенерации 	A301A7	102	11111	17	0	0	1	0	0	0	0	0	0	0	0	1	161	1	0	1	0	1	12	0	0	0,007	0,021	-1	0	0	-1	-1	-1	0	0	-1	-1	-1	0	0	-1	-1	-1	0	0	-1	-1	1	0	2	3680	0	102	0	
irchm19	Генератор Атаки 	A301A8	104	11111	17	0	0	1	0	0	0	0	0	0	0	0	1	162	1	0	1	0	1	18	0	0	0,029999999	0,150000006	-1	0	0	-1	-1	-1	0	0	-1	-1	-1	0	0	-1	-1	-1	0	0	-1	-1	1	0	0	3682	0	104	0	
irchm20	Генератор Защиты 	A301A9	105	11111	17	0	0	1	0	0	0	0	0	0	0	0	1	163	1	0	1	0	1	24	0	0	0,029999999	0,150000006	-1	0	0	-1	-1	-1	0	0	-1	-1	-1	0	0	-1	-1	-1	0	0	-1	-1	1	0	1	3683	0	105	0	
irchm21	Генератор Раздражения 	A301AA	106	11111	17	0	0	1	0	0	0	0	0	0	0	0	1	164	1	0	1	0	1	54	0	0	0,02	0,100000001	-1	0	0	-1	-1	-1	0	0	-1	-1	-1	0	0	-1	-1	-1	0	0	-1	-1	1	0	2	3684	0	106	0	
irchm22	Генератор Агрессии 	A301AB	109	11111	17	0	0	1	0	0	0	0	0	0	0	0	1	165	1	0	1	0	1	28	0	0	1	5	-1	0	0	-1	-1	-1	0	0	-1	-1	-1	0	0	-1	-1	-1	0	0	-1	-1	1	0	2	3687	0	109	0	
irchm23	Медальон Торговли 	A301AC	92	11111	17	0	0	1	0	0	0	0	0	0	0	0	1	166	1	0	1	0	1	10	0	0	0,02	0,100000001	-1	0	0	-1	-1	-1	0	0	-1	-1	-1	0	0	-1	-1	-1	0	0	-1	-1	1	0	2	3670	0	92	0	
irchm24	Медальон Общения 	A301AD	93	11111	17	0	0	1	0	0	0	0	0	0	0	0	1	167	1	0	1	0	1	11	0	0	0,02	0,100000001	-1	0	0	-1	-1	-1	0	0	-1	-1	-1	0	0	-1	-1	-1	0	0	-1	-1	1	0	2	3671	0	93	0	
irchm25	Медальон Прозрения 	A301AE	94	11111	17	0	0	1	0	0	0	0	0	0	0	0	1	168	1	0	1	0	1	76	0	0	1	1	-1	0	0	-1	-1	-1	0	0	-1	-1	-1	0	0	-1	-1	-1	0	0	-1	-1	1	0	2	3672	0	94	0	
irchm26	Медальон Скорости 	A301AF	95	11111	17	0	0	1	0	0	0	0	0	0	0	0	1	169	1	0	1	0	1	41	0	0	1	1	-1	0	0	-1	-1	-1	0	0	-1	-1	-1	0	0	-1	-1	-1	0	0	-1	-1	1	0	2	3673	0	95	0	
irchm27	Медальон Успеха 	A301B0	97	11111	17	0	0	1	0	0	0	0	0	0	0	0	1	170	1	0	1	0	1	52	0	0	1	3	-1	0	0	-1	-1	-1	0	0	-1	-1	-1	0	0	-1	-1	-1	0	0	-1	-1	1	0	2	3675	0	97	0	
irchm28	Медальон Лидера 	A301B1	98	11111	17	0	0	1	0	0	0	0	0	0	0	0	1	171	1	0	1	0	1	53	0	0	1	5	-1	0	0	-1	-1	-1	0	0	-1	-1	-1	0	0	-1	-1	-1	0	0	-1	-1	1	0	2	3676	0	98	0	
irchm29	Медальон Регенерации 	A301B2	102	11111	17	0	0	1	0	0	0	0	0	0	0	0	1	172	1	0	1	0	1	12	0	0	0,01	0,050000001	-1	0	0	-1	-1	-1	0	0	-1	-1	-1	0	0	-1	-1	-1	0	0	-1	-1	1	0	2	3680	0	102	0	
irchm30	Генератор Атаки 	A301B3	104	11111	17	0	0	1	0	0	0	0	0	0	0	0	1	173	1	0	1	0	1	18	0	0	0,039999999	0,200000003	-1	0	0	-1	-1	-1	0	0	-1	-1	-1	0	0	-1	-1	-1	0	0	-1	-1	1	0	0	3682	0	104	0	
irchm31	Генератор Защиты 	A301B4	105	11111	17	0	0	1	0	0	0	0	0	0	0	0	1	174	1	0	1	0	1	24	0	0	0,039999999	0,200000003	-1	0	0	-1	-1	-1	0	0	-1	-1	-1	0	0	-1	-1	-1	0	0	-1	-1	1	0	1	3683	0	105	0	
irchm32	Генератор Раздражения 	A301B5	106	11111	17	0	0	1	0	0	0	0	0	0	0	0	1	175	1	0	1	0	1	54	0	0	0,039999999	0,200000003	-1	0	0	-1	-1	-1	0	0	-1	-1	-1	0	0	-1	-1	-1	0	0	-1	-1	1	0	2	3684	0	106	0	
irchm33	Генератор Агрессии 	A301B6	109	11111	17	0	0	1	0	0	0	0	0	0	0	0	1	176	1	0	1	0	1	28	0	0	1	5	-1	0	0	-1	-1	-1	0	0	-1	-1	-1	0	0	-1	-1	-1	0	0	-1	-1	1	0	2	3687	0	109	0	
irqsa01	Печать Картеллы	A301B7	125	11111	17	1	0	1	0	0	0	0	-1	0	1	0	0	178	1	0	1	0	1	2	0	0	0,150000006	0,150000006	-1	0	0	-1	-1	-1	0	0	-1	-1	-1	0	0	-1	-1	-1	0	0	-1	-1	1	0	2	-1	0	125	0	
irqsa03	Пропуск в Лабораторию Картеллы	A301B8	128	11111	17	1	0	1	0	0	0	0	-1	0	0	0	0	179	1	0	1	0	1	2	0	0	0,5	0,5	-1	0	0	-1	-1	-1	0	0	-1	-1	-1	0	0	-1	-1	-1	0	0	-1	-1	1	0	2	-1	0	128	0	
irqsa04	Блокнот Путешественника	A301B9	129	11111	17	0	0	1	0	0	0	0	1	1	1	1	1	180	1	0	0	0	1	-1	0	0	-1	-1	-1	0	0	-1	-1	-1	0	0	-1	-1	-1	0	0	-1	-1	-1	0	0	-1	-1	1	0	2	-1	0	129	0	
irqsa05	Орден Военной Доблести	A301BA	128	11111	17	1	0	1	0	0	0	0	-1	0	1	0	0	181	1	0	1	0	1	2	0	0	0,050000001	0,050000001	8	0	0	0,050000001	0,050000001	-1	0	0	-1	-1	-1	0	0	-1	-1	-1	0	0	-1	-1	1	0	2	-1	0	128	0	
irqsa07	Изумрод Урона	A301BB	130	11111	17	1	0	1	0	0	0	0	-1	0	0	0	0	182	1	0	0	0	1	15	0	0	-0,300000012	-0,300000012	16	0	0	-0,300000012	-0,300000012	17	0	0	-0,300000012	-0,300000012	18	0	0	-0,300000012	-0,300000012	24	0	0	-0,300000012	-0,300000012	1	0	3	-1	0	130	0	
irqsa08	Изумруд Здоровья	A301BC	131	11111	17	1	0	1	0	0	0	0	-1	0	0	0	0	183	1	0	1	0	1	18	0	0	0,200000003	0,200000003	24	0	0	0,200000003	0,200000003	-1	0	0	-1	-1	-1	0	0	-1	-1	-1	0	0	-1	-1	1	0	3	-1	0	131	0	
irqsa09	Изумруд 100% опыта	A301BB	130	11111	17	1	0	1	0	0	0	0	-1	0	0	0	0	184	1	0	1	0	1	2	0	0	1	1	-1	0	0	-1	-1	-1	0	0	-1	-1	-1	0	0	-1	-1	-1	0	0	-1	-1	1	0	3	-1	0	130	0	
irqsa10	Изумруд 100% шанса выпадения предметов	A301BC	131	11111	17	1	0	1	0	0	0	0	-1	0	0	0	0	185	1	0	1	0	1	74	0	0	1	1	-1	0	0	-1	-1	-1	0	0	-1	-1	-1	0	0	-1	-1	-1	0	0	-1	-1	1	0	3	-1	0	131	0	
ircpc01	Премиум Генератор Агрессии	A3018F	136	11111	17	0	0	1	0	0	0	0	0	0	1	0	0	186	1	0	0	0	1	28	0	0	5	5	-1	0	0	-1	-1	-1	0	0	-1	-1	-1	0	0	-1	-1	-1	0	0	-1	-1	1	0	2	3687	0	136	0	
ircpc02	Премиум Генератор Спокойствия	A30190	137	11111	17	0	0	1	0	0	0	0	0	0	1	0	0	187	1	0	0	0	1	28	0	0	-5	-5	-1	0	0	-1	-1	-1	0	0	-1	-1	-1	0	0	-1	-1	-1	0	0	-1	-1	1	0	2	3688	0	137	0	
ircpc03	Премиум Карта	A3015F	86	11111	17	0	0	5	0	0	0	0	1	0	0	0	0	188	1	1	0	0	2	5	0	0	0,699999988	0,699999988	6	0	0	0,699999988	0,699999988	-1	0	0	-1	-1	-1	0	0	-1	-1	-1	0	0	-1	-1	1	0	-1	-1	0	86	0	
irchm34	Семечко_[2_часа	A30133	138	11111	17	0	0	5	0	0	0	0	1	0	0	0	0	189	1	1	1	0	1	82	0	0	1	1	-1	0	0	-1	-1	-1	0	0	-1	-1	-1	0	0	-1	-1	-1	0	0	-1	-1	1	0	-1	-1	0	138	0	
irchm35	Семечко_[4_часа	A30133	138	11111	17	0	0	5	0	0	0	0	1	0	0	0	0	190	1	1	1	0	1	82	0	0	1	1	-1	0	0	-1	-1	-1	0	0	-1	-1	-1	0	0	-1	-1	-1	0	0	-1	-1	1	0	-1	-1	0	138	0	
irchm36	Семечко_[6_часов	A30133	138	11111	17	0	0	5	0	0	0	0	1	0	0	0	0	191	1	1	1	0	1	82	0	0	1	1	-1	0	0	-1	-1	-1	0	0	-1	-1	-1	0	0	-1	-1	-1	0	0	-1	-1	1	0	-1	-1	0	138	0	
irchm37	Семечко_[12_часов	A30133	138	11111	17	0	0	5	0	0	0	0	1	0	0	0	0	192	1	1	1	0	1	82	0	0	1	1	-1	0	0	-1	-1	-1	0	0	-1	-1	-1	0	0	-1	-1	-1	0	0	-1	-1	1	0	-1	-1	0	138	0	
irchm38	Медальон Прозрения Почета	A301A3	94	11111	17	0	0	1	0	0	0	0	0	0	0	0	1	193	1	0	1	0	1	76	0	0	1	1	-1	0	0	-1	-1	-1	0	0	-1	-1	-1	0	0	-1	-1	-1	0	0	-1	-1	1	0	2	3672	0	94	0	
irchm39	Медальон Скорости Почета	A301A4	95	11111	17	0	0	1	0	0	0	0	0	0	0	0	1	194	1	0	1	0	1	41	0	0	1	1	-1	0	0	-1	-1	-1	0	0	-1	-1	-1	0	0	-1	-1	-1	0	0	-1	-1	1	0	2	3673	0	95	0	
irchm40	Медальон Лидера Почета	A301A6	98	11111	17	0	0	1	0	0	0	0	0	0	0	0	1	195	1	0	1	0	1	53	0	0	1	5	-1	0	0	-1	-1	-1	0	0	-1	-1	-1	0	0	-1	-1	-1	0	0	-1	-1	1	0	2	3676	0	98	0	
irchm41	Медальон Регенерации Почета	A301A7	102	11111	17	0	0	1	0	0	0	0	0	0	0	0	1	196	1	0	1	0	1	12	0	0	0,007	0,021	-1	0	0	-1	-1	-1	0	0	-1	-1	-1	0	0	-1	-1	-1	0	0	-1	-1	1	0	2	3680	0	102	0	
irchm42	Генератор атаки Почета	A301A8	104	11111	17	0	0	1	0	0	0	0	0	0	0	0	1	197	1	0	1	0	1	18	0	0	0,029999999	0,150000006	-1	0	0	-1	-1	-1	0	0	-1	-1	-1	0	0	-1	-1	-1	0	0	-1	-1	1	0	0	3682	0	104	0	
irchm43	Генератор Защиты Почета	A301A9	105	11111	17	0	0	1	0	0	0	0	0	0	0	0	1	198	1	0	1	0	1	24	0	0	0,029999999	0,150000006	-1	0	0	-1	-1	-1	0	0	-1	-1	-1	0	0	-1	-1	-1	0	0	-1	-1	1	0	1	3683	0	105	0	
irchm44	Генератор Агрессии Почета	A3018F	109	11111	17	0	0	1	0	0	0	0	0	0	0	0	1	199	1	0	1	0	1	28	0	0	1	1	-1	0	0	-1	-1	-1	0	0	-1	-1	-1	0	0	-1	-1	-1	0	0	-1	-1	1	0	2	3687	0	109	0	
irchm45	Генератор Спокойствия Почета	A30190	110	11111	17	0	0	1	0	0	0	0	0	0	0	0	1	200	1	0	1	0	1	28	0	0	-1	-1	-1	0	0	-1	-1	-1	0	0	-1	-1	-1	0	0	-1	-1	-1	0	0	-1	-1	1	0	2	3688	0	110	0	
irmap04	Часть Гривы	A30156	139	11111	17	0	0	150000	0	0	0	0	100	0	1	0	1	201	1	0	1	0	0	-1	0	0	-1	-1	-1	0	0	-1	-1	-1	0	0	-1	-1	-1	0	0	-1	-1	-1	0	0	-1	-1	1	-1	-1	-1	0	139	0	
irmap05	Часть Жара	A30156	140	11111	17	0	0	150000	0	0	0	0	100	0	1	0	1	202	1	0	1	0	0	-1	0	0	-1	-1	-1	0	0	-1	-1	-1	0	0	-1	-1	-1	0	0	-1	-1	-1	0	0	-1	-1	1	-1	-1	-1	0	140	0	
irmap06	Часть Песка	A30156	141	11111	17	0	0	100000	0	0	0	0	100	0	1	0	1	203	1	0	1	0	0	-1	0	0	-1	-1	-1	0	0	-1	-1	-1	0	0	-1	-1	-1	0	0	-1	-1	-1	0	0	-1	-1	1	-1	-1	-1	0	141	0	
irmap07	Часть Хаоса	A30156	142	11111	17	0	0	150000	0	0	0	0	100	0	1	0	1	204	1	0	1	0	0	-1	0	0	-1	-1	-1	0	0	-1	-1	-1	0	0	-1	-1	-1	0	0	-1	-1	-1	0	0	-1	-1	1	-1	-1	-1	0	142	0	
irmap08	Часть Дыма	A30156	143	11111	17	0	0	150000	0	0	0	0	100	0	1	0	1	205	1	0	1	0	0	-1	0	0	-1	-1	-1	0	0	-1	-1	-1	0	0	-1	-1	-1	0	0	-1	-1	-1	0	0	-1	-1	1	-1	-1	-1	0	143	0	
irmap09	Часть Тайны	A30156	144	11111	17	0	0	150000	0	0	0	0	100	0	1	0	1	206	1	0	1	0	0	-1	0	0	-1	-1	-1	0	0	-1	-1	-1	0	0	-1	-1	-1	0	0	-1	-1	-1	0	0	-1	-1	1	-1	-1	-1	0	144	0	
irmap10	Часть Мести	A30156	145	11111	17	0	0	100000	0	0	0	0	100	0	1	0	1	207	1	0	1	0	0	-1	0	0	-1	-1	-1	0	0	-1	-1	-1	0	0	-1	-1	-1	0	0	-1	-1	-1	0	0	-1	-1	1	-1	-1	-1	0	145	0	
irmap11	Часть Куклы	A30156	146	11111	17	0	0	100000	0	0	0	0	100	0	1	0	1	208	1	0	1	0	0	-1	0	0	-1	-1	-1	0	0	-1	-1	-1	0	0	-1	-1	-1	0	0	-1	-1	-1	0	0	-1	-1	1	-1	-1	-1	0	146	0	
irmap12	Часть Ночного Кошмара	A30156	147	11111	17	0	0	100000	0	0	0	0	100	0	1	0	1	209	1	0	1	0	0	-1	0	0	-1	-1	-1	0	0	-1	-1	-1	0	0	-1	-1	-1	0	0	-1	-1	-1	0	0	-1	-1	1	-1	-1	-1	0	147	0	
irmap13	Часть Иллюзии	A30156	148	11111	17	0	0	150000	0	0	0	0	100	0	1	0	1	210	1	0	1	0	0	-1	0	0	-1	-1	-1	0	0	-1	-1	-1	0	0	-1	-1	-1	0	0	-1	-1	-1	0	0	-1	-1	1	-1	-1	-1	0	148	0	
irmap14	Кристальный Артифакт	A301D8	132	11111	17	0	0	150000	0	0	0	0	100	0	1	0	1	211	1	0	1	0	0	-1	0	0	-1	-1	-1	0	0	-1	-1	-1	0	0	-1	-1	-1	0	0	-1	-1	-1	0	0	-1	-1	1	-1	-1	-1	0	132	0	
irres02	Часть Красного Камня	A301D9	75	11111	17	0	0	3	0	0	0	0	3	1	1	1	1	212	1	0	0	0	0	-1	0	0	-1	-1	-1	0	0	-1	-1	-1	0	0	-1	-1	-1	0	0	-1	-1	-1	0	0	-1	-1	1	-1	-1	-1	0	75	0	
irchm46	Медальон Прозрения	A30180	94	11111	17	3	0	3000	3000	0	0	0	3	0	0	0	1	213	1	0	1	0	1	76	0	0	1	1	-1	0	0	-1	-1	-1	0	0	-1	-1	-1	0	0	-1	-1	-1	0	0	-1	-1	1	0	2	3672	0	94	0	
irchm47	Очарование Спринта	A30181	95	11111	17	3	0	3000	3000	0	0	0	3	0	0	0	1	214	1	0	1	0	1	41	0	0	1	1	-1	0	0	-1	-1	-1	0	0	-1	-1	-1	0	0	-1	-1	-1	0	0	-1	-1	1	0	2	3673	0	95	0	
irchm48	Медальон Лидера	A30184	98	11111	17	3	0	3000	3000	0	0	0	3	0	0	0	1	215	1	0	1	0	1	53	0	0	1	5	-1	0	0	-1	-1	-1	0	0	-1	-1	-1	0	0	-1	-1	-1	0	0	-1	-1	1	0	2	3676	0	98	0	
irchm49	Священный Медальон	A30187	101	11111	17	3	0	3000	3000	0	0	0	3	0	0	0	1	216	1	0	1	0	1	77	0	0	0,300000012	0,300000012	-1	0	0	-1	-1	-1	0	0	-1	-1	-1	0	0	-1	-1	-1	0	0	-1	-1	1	0	2	3679	0	101	0	
irchm50	Медальон Регенерации	A30188	102	11111	17	3	0	3000	3000	0	0	0	3	0	0	0	1	217	1	0	1	0	1	12	0	0	0,01	0,050000001	-1	0	0	-1	-1	-1	0	0	-1	-1	-1	0	0	-1	-1	-1	0	0	-1	-1	1	0	2	3680	0	102	0	
irchm51	Генератор Атаки	A3018A	104	11111	17	3	0	3000	3000	0	0	0	3	0	0	0	1	218	1	0	1	0	1	18	0	0	0,039999999	0,200000003	-1	0	0	-1	-1	-1	0	0	-1	-1	-1	0	0	-1	-1	-1	0	0	-1	-1	1	0	0	3682	0	104	0	
irchm52	Генератор Защиты	A3018B	105	11111	17	3	0	3000	3000	0	0	0	3	0	0	0	1	219	1	0	1	0	1	24	0	0	0,039999999	0,200000003	-1	0	0	-1	-1	-1	0	0	-1	-1	-1	0	0	-1	-1	-1	0	0	-1	-1	1	0	1	3683	0	105	0	
irchm53	Генератор Совершенства	A3018D	107	11111	17	3	0	3000	3000	0	0	0	3	0	0	0	1	220	1	0	1	0	2	48	0	0	7	21	78	0	0	10	30	-1	0	0	-1	-1	-1	0	0	-1	-1	-1	0	0	-1	-1	1	0	2	3685	0	107	0	
irchm54	Генератор MAU	73018E	108	11000	17	3	0	3000	3000	0	0	0	3	0	0	0	1	221	1	0	1	0	2	29	0	0	0,100000001	0,5	-1	0	0	-1	-1	-1	0	0	-1	-1	-1	0	0	-1	-1	-1	0	0	-1	-1	1	0	2	3686	0	108	0	
irchm55	Генератор Агрессии	A3018F	109	11111	17	3	0	3000	3000	0	0	0	3	0	0	0	1	222	1	0	1	0	1	28	0	0	5	5	-1	0	0	-1	-1	-1	0	0	-1	-1	-1	0	0	-1	-1	-1	0	0	-1	-1	1	0	2	3687	0	109	0	
irchm56	Генератор Спокойствия	A30190	110	11111	17	3	0	3000	3000	0	0	0	3	0	0	0	1	223	1	0	1	0	1	28	0	0	-5	-5	-1	0	0	-1	-1	-1	0	0	-1	-1	-1	0	0	-1	-1	-1	0	0	-1	-1	1	0	2	3688	0	110	0	
irchm57	Медальон Согласия	830189	103	00110	17	3	0	3000	3000	0	0	0	3	0	0	0	1	224	1	0	1	0	1	33	0	0	0,100000001	0,5	-1	0	0	-1	-1	-1	0	0	-1	-1	-1	0	0	-1	-1	-1	0	0	-1	-1	1	0	2	3681	0	103	0	
ircry03	Коробочка Талик	A301FF	89	11111	17	0	0	1	0	0	0	0	0	1	1	1	0	225	1	0	0	0	1	-1	0	0	-1	-1	-1	0	0	-1	-1	-1	0	0	-1	-1	-1	0	0	-1	-1	-1	0	0	-1	-1	1	0	-1	-1	0	89	0	
ircme55	Благословление MAU	A3018F	108	11111	17	3	0	3000	0	0	0	0	3	0	0	0	0	226	1	0	1	0	2	29	0	0	4	4	-1	0	0	-1	-1	-1	0	0	-1	-1	-1	0	0	-1	-1	-1	0	0	-1	-1	1	0	2	3686	0	108	0	
irpre02	Премиум-карточка 1	A3015F	167	11111	17	0	0	5	0	0	0	0	1	0	0	0	0	227	1	1	0	0	4	5	0	0	1,5	1,5	6	0	0	1,5	1,5	18	0	0	0,050000001	0,050000001	24	0	0	0,050000001	0,050000001	-1	0	0	-1	-1	1	0	-1	-1	0	167	0	
irpre03	Премиум-карточка 2	A3015F	167	11111	17	0	0	5	0	0	0	0	1	0	0	0	0	228	1	1	0	0	4	5	0	0	2	2	6	0	0	2	2	18	0	0	0,050000001	0,050000001	24	0	0	0,050000001	0,050000001	-1	0	0	-1	-1	1	0	-1	-1	0	167	0	
irpre04	Премиум-карточка 3	A3015F	167	11111	17	0	0	5	0	0	0	0	1	0	0	0	0	229	1	1	0	0	4	5	0	0	2,5	2,5	6	0	0	2,5	2,5	18	0	0	0,050000001	0,050000001	24	0	0	0,050000001	0,050000001	-1	0	0	-1	-1	1	0	-1	-1	0	167	0	
irpre05	Премиум-карточка 4	A3015F	167	11111	17	0	0	5	0	0	0	0	1	0	0	0	0	230	1	1	0	0	4	5	0	0	3	3	6	0	0	3	3	18	0	0	0,050000001	0,050000001	24	0	0	0,050000001	0,050000001	-1	0	0	-1	-1	1	0	-1	-1	0	167	0	
irpre06	Премиум-карточка 5	A3015F	167	11111	17	0	0	5	0	0	0	0	1	0	0	0	0	231	1	1	0	0	4	5	0	0	3,5	3,5	6	0	0	3,5	3,5	18	0	0	0,050000001	0,050000001	24	0	0	0,050000001	0,050000001	-1	0	0	-1	-1	1	0	-1	-1	0	167	0	
irpre07	Премиум-карточка 6	A3015F	167	11111	17	0	0	5	0	0	0	0	1	0	0	0	0	232	1	1	0	0	4	5	0	0	4	4	6	0	0	4	4	18	0	0	0,050000001	0,050000001	24	0	0	0,050000001	0,050000001	-1	0	0	-1	-1	1	0	-1	-1	0	167	0	
irpre08	Премиум-карточка 7	A3015F	167	11111	17	0	0	5	0	0	0	0	1	0	0	0	0	233	1	1	0	0	4	5	0	0	4,5	4,5	6	0	0	4,5	4,5	18	0	0	0,050000001	0,050000001	24	0	0	0,050000001	0,050000001	-1	0	0	-1	-1	1	0	-1	-1	0	167	0	
irpre09	Премиум-карточка 8	A3015F	167	11111	17	0	0	5	0	0	0	0	1	0	0	0	0	234	1	1	0	0	4	5	0	0	5	5	6	0	0	5	5	18	0	0	0,050000001	0,050000001	24	0	0	0,050000001	0,050000001	-1	0	0	-1	-1	1	0	-1	-1	0	167	0	
irpre10	Премиум-карточка 9	A3015F	167	11111	17	0	0	5	0	0	0	0	1	0	0	0	0	235	1	1	0	0	4	5	0	0	5,5	5,5	6	0	0	5,5	5,5	18	0	0	0,050000001	0,050000001	24	0	0	0,050000001	0,050000001	-1	0	0	-1	-1	1	0	-1	-1	0	167	0	
irpre11	Премиум-карточка 10	A3015F	167	11111	17	0	0	5	0	0	0	0	1	0	0	0	0	236	1	1	0	0	4	5	0	0	6	6	6	0	0	6	6	18	0	0	0,050000001	0,050000001	24	0	0	0,050000001	0,050000001	-1	0	0	-1	-1	1	0	-1	-1	0	167	0	
irpre12	Премиум-карточка 11	A3015F	167	11111	17	0	0	5	0	0	0	0	1	0	0	0	0	237	1	1	0	0	4	5	0	0	6,5	6,5	6	0	0	6,5	6,5	18	0	0	0,050000001	0,050000001	24	0	0	0,050000001	0,050000001	-1	0	0	-1	-1	1	0	-1	-1	0	167	0	
irpre13	Премиум-карточка 12	A3015F	167	11111	17	0	0	5	0	0	0	0	1	0	0	0	0	238	1	1	0	0	4	5	0	0	7	7	6	0	0	7	7	18	0	0	0,050000001	0,050000001	24	0	0	0,050000001	0,050000001	-1	0	0	-1	-1	1	0	-1	-1	0	167	0	
irpre14	Премиум-карточка 13	A3015F	167	11111	17	0	0	5	0	0	0	0	1	0	0	0	0	239	1	1	0	0	4	5	0	0	7,5	7,5	6	0	0	7,5	7,5	18	0	0	0,050000001	0,050000001	24	0	0	0,050000001	0,050000001	-1	0	0	-1	-1	1	0	-1	-1	0	167	0	
irpre15	Премиум-карточка 14	A3015F	167	11111	17	0	0	5	0	0	0	0	1	0	0	0	0	240	1	1	0	0	4	5	0	0	8	8	6	0	0	8	8	18	0	0	0,050000001	0,050000001	24	0	0	0,050000001	0,050000001	-1	0	0	-1	-1	1	0	-1	-1	0	167	0	
irpre16	Премиум-карточка 15	A3015F	167	11111	17	0	0	5	0	0	0	0	1	0	0	0	0	241	1	1	0	0	4	5	0	0	8,5	8,5	6	0	0	8,5	8,5	18	0	0	0,050000001	0,050000001	24	0	0	0,050000001	0,050000001	-1	0	0	-1	-1	1	0	-1	-1	0	167	0	
irpre17	Премиум-карточка 16	A3015F	167	11111	17	0	0	5	0	0	0	0	1	0	0	0	0	242	1	1	0	0	4	5	0	0	9	9	6	0	0	9	9	18	0	0	0,050000001	0,050000001	24	0	0	0,050000001	0,050000001	-1	0	0	-1	-1	1	0	-1	-1	0	167	0	
irpre18	Премиум-карточка 17	A3015F	167	11111	17	0	0	5	0	0	0	0	1	0	0	0	0	243	1	1	0	0	4	5	0	0	9,5	9,5	6	0	0	9,5	9,5	18	0	0	0,050000001	0,050000001	24	0	0	0,050000001	0,050000001	-1	0	0	-1	-1	1	0	-1	-1	0	167	0	
irpre19	Премиум-карточка 18	A3015F	167	11111	17	0	0	5	0	0	0	0	1	0	0	0	0	244	1	1	0	0	4	5	0	0	10	10	6	0	0	10	10	18	0	0	0,050000001	0,050000001	24	0	0	0,050000001	0,050000001	-1	0	0	-1	-1	1	0	-1	-1	0	167	0	
irrtn01	Благословленное Снаряжение MAU Восставшего	A3018F	108	11000	17	0	0	1	0	0	0	0	1	0	0	0	0	245	1	0	1	0	2	29	0	0	4	4	-1	0	0	-1	-1	-1	0	0	-1	-1	-1	0	0	-1	-1	-1	0	0	-1	-1	1	0	2	3686	0	108	0	
iruge01	Сверкающий Рубин Удачи	A30144	162	11111	17	0	0	1	0	0	0	0	1000	0	0	0	1	246	1	1	0	0	0	-1	0	0	-1	-1	-1	0	0	-1	-1	-1	0	0	-1	-1	-1	0	0	-1	-1	-1	0	0	-1	-1	1	-1	-1	-1	0	162	0	
iruge02	Сверкающий Алмаз Удачи	A30145	163	11111	17	0	0	1	0	0	0	0	1000	0	0	0	1	247	1	1	0	0	0	-1	0	0	-1	-1	-1	0	0	-1	-1	-1	0	0	-1	-1	-1	0	0	-1	-1	-1	0	0	-1	-1	1	-1	-1	-1	0	163	0	
iruge03	Сверкающий Топаз Удачи	A30146	164	11111	17	0	0	1	0	0	0	0	1000	0	0	0	1	248	1	1	0	0	0	-1	0	0	-1	-1	-1	0	0	-1	-1	-1	0	0	-1	-1	-1	0	0	-1	-1	-1	0	0	-1	-1	1	-1	-1	-1	0	164	0	
iruge04	Сверкающий Обсидиан Удачи	A30147	165	11111	17	0	0	1	0	0	0	0	1000	0	0	0	1	249	1	1	0	0	0	-1	0	0	-1	-1	-1	0	0	-1	-1	-1	0	0	-1	-1	-1	0	0	-1	-1	-1	0	0	-1	-1	1	-1	-1	-1	0	165	0	
ircha01	Медальон_Прозрения_30_дней	A30180	150	11111	17	0	0	1	1	0	0	0	0	0	1	0	1	250	1	1	1	0	1	76	0	0	1	1	-1	0	0	-1	-1	-1	0	0	-1	-1	-1	0	0	-1	-1	-1	0	0	-1	-1	1	0	2	3672	0	94	0	
ircha02	Медальон_Скорости_30_дней	A30181	151	11111	17	0	0	1	1	0	0	0	0	0	1	0	1	251	1	1	1	0	1	41	0	0	1	1	-1	0	0	-1	-1	-1	0	0	-1	-1	-1	0	0	-1	-1	-1	0	0	-1	-1	1	0	2	3673	0	95	0	
ircha03	Медальон_Лидера_30_дней	A30184	152	11111	17	0	0	1	1	0	0	0	0	0	1	0	1	252	1	1	1	0	1	53	0	0	1	5	-1	0	0	-1	-1	-1	0	0	-1	-1	-1	0	0	-1	-1	-1	0	0	-1	-1	1	0	2	3676	0	98	0	
ircha04	Священный_Медальон_30_дней	A30187	153	11111	17	0	0	1	1	0	0	0	0	0	1	0	1	253	1	1	1	0	1	77	0	0	0,300000012	0,300000012	-1	0	0	-1	-1	-1	0	0	-1	-1	-1	0	0	-1	-1	-1	0	0	-1	-1	1	0	2	3679	0	101	0	
ircha05	Медальон_Регенерации_30_дней	A30188	154	11111	17	0	0	1	1	0	0	0	0	0	1	0	1	254	1	1	1	0	1	12	0	0	0,01	0,050000001	-1	0	0	-1	-1	-1	0	0	-1	-1	-1	0	0	-1	-1	-1	0	0	-1	-1	1	0	2	3680	0	102	0	
ircha06	Медальон_Согласия_30_дней	830189	155	00110	17	0	0	1	1	0	0	0	0	0	1	0	1	255	1	1	1	0	1	33	0	0	0,100000001	0,5	-1	0	0	-1	-1	-1	0	0	-1	-1	-1	0	0	-1	-1	-1	0	0	-1	-1	1	0	2	3681	0	103	0	
ircha07	Генератор_Атаки_30_дней	A3018A	156	11111	17	0	0	1	1	0	0	0	0	0	1	0	1	256	1	1	1	0	1	18	0	0	0,039999999	0,200000003	-1	0	0	-1	-1	-1	0	0	-1	-1	-1	0	0	-1	-1	-1	0	0	-1	-1	1	0	0	3682	0	104	0	
ircha08	Генератор_Защиты_30_дней	A3018B	157	11111	17	0	0	1	1	0	0	0	0	0	1	0	1	257	1	1	1	0	1	24	0	0	0,039999999	0,200000003	-1	0	0	-1	-1	-1	0	0	-1	-1	-1	0	0	-1	-1	-1	0	0	-1	-1	1	0	1	3683	0	105	0	
ircha09	Генератор_Совершенства_30_дней	A3018D	158	11111	17	0	0	1	1	0	0	0	0	0	1	0	1	258	1	1	1	0	2	48	0	0	7	21	78	0	0	10	30	-1	0	0	-1	-1	-1	0	0	-1	-1	-1	0	0	-1	-1	1	0	2	3685	0	107	0	
ircha10	Генератор_MAU_30_дней	73018E	159	11000	17	0	0	1	1	0	0	0	0	0	1	0	1	259	1	1	1	0	1	29	0	0	0,100000001	0,5	-1	0	0	-1	-1	-1	0	0	-1	-1	-1	0	0	-1	-1	-1	0	0	-1	-1	1	0	2	3686	0	108	0	
ircha11	Генератор_Агрессии_30_дней	A3018F	160	11111	17	0	0	1	1	0	0	0	0	0	1	0	1	260	1	1	1	0	1	28	0	0	5	5	-1	0	0	-1	-1	-1	0	0	-1	-1	-1	0	0	-1	-1	-1	0	0	-1	-1	1	0	2	3687	0	109	0	
ircha12	Генератор_Спокойствия_30_дней	A30190	161	11111	17	0	0	1	1	0	0	0	0	0	1	0	1	261	1	1	1	0	1	28	0	0	-5	-5	-1	0	0	-1	-1	-1	0	0	-1	-1	-1	0	0	-1	-1	-1	0	0	-1	-1	1	0	2	3688	0	110	0	
ircha13	Медальон Прозрения 14 дней	A30180	150	11111	17	0	0	1	1	0	0	0	0	0	1	0	1	262	1	1	1	0	1	76	0	0	1	1	-1	0	0	-1	-1	-1	0	0	-1	-1	-1	0	0	-1	-1	-1	0	0	-1	-1	1	0	2	3672	0	94	0	
ircha14	Медальон Скорости 14 дней	A30181	151	11111	17	0	0	1	1	0	0	0	0	0	1	0	1	263	1	1	1	0	1	41	0	0	1	1	-1	0	0	-1	-1	-1	0	0	-1	-1	-1	0	0	-1	-1	-1	0	0	-1	-1	1	0	2	3673	0	95	0	
ircha15	Медальон Лидера 14 дней	A30184	152	11111	17	0	0	1	1	0	0	0	0	0	1	0	1	264	1	1	1	0	1	53	0	0	1	5	-1	0	0	-1	-1	-1	0	0	-1	-1	-1	0	0	-1	-1	-1	0	0	-1	-1	1	0	2	3676	0	98	0	
ircha16	Священный Медальон 14 дней	A30187	153	11111	17	0	0	1	1	0	0	0	0	0	1	0	1	265	1	1	1	0	1	77	0	0	0,300000012	0,300000012	-1	0	0	-1	-1	-1	0	0	-1	-1	-1	0	0	-1	-1	-1	0	0	-1	-1	1	0	2	3679	0	101	0	
ircha17	Медальон Регенерации 14 дней	A30188	154	11111	17	0	0	1	1	0	0	0	0	0	1	0	1	266	1	1	1	0	1	12	0	0	0,01	0,050000001	-1	0	0	-1	-1	-1	0	0	-1	-1	-1	0	0	-1	-1	-1	0	0	-1	-1	1	0	2	3680	0	102	0	
ircha18	Медальон Согласия 14 дней	830189	155	00110	17	0	0	1	1	0	0	0	0	0	1	0	1	267	1	1	1	0	1	33	0	0	0,100000001	0,5	-1	0	0	-1	-1	-1	0	0	-1	-1	-1	0	0	-1	-1	-1	0	0	-1	-1	1	0	2	3681	0	103	0	
ircha19	Генератор атаки 14 дней	A3018A	156	11111	17	0	0	1	1	0	0	0	0	0	1	0	1	268	1	1	1	0	1	18	0	0	0,039999999	0,200000003	-1	0	0	-1	-1	-1	0	0	-1	-1	-1	0	0	-1	-1	-1	0	0	-1	-1	1	0	0	3682	0	104	0	
ircha20	Генератор защиты 14 дней	A3018B	157	11111	17	0	0	1	1	0	0	0	0	0	1	0	1	269	1	1	1	0	1	24	0	0	0,039999999	0,200000003	-1	0	0	-1	-1	-1	0	0	-1	-1	-1	0	0	-1	-1	-1	0	0	-1	-1	1	0	1	3683	0	105	0	
ircha21	Генератор совершенства 14 дней 	A3018D	158	11111	17	0	0	1	1	0	0	0	0	0	1	0	1	270	1	1	1	0	2	48	0	0	7	21	78	0	0	10	30	-1	0	0	-1	-1	-1	0	0	-1	-1	-1	0	0	-1	-1	1	0	2	3685	0	107	0	
ircha22	Генератор MAU 14 дней	73018E	159	11000	17	0	0	1	1	0	0	0	0	0	1	0	1	271	1	1	1	0	1	29	0	0	0,100000001	0,5	-1	0	0	-1	-1	-1	0	0	-1	-1	-1	0	0	-1	-1	-1	0	0	-1	-1	1	0	2	3686	0	108	0	
ircha23	Генератор Агрессии 14 дней	A3018F	160	11111	17	0	0	1	1	0	0	0	0	0	1	0	1	272	1	1	1	0	1	28	0	0	5	5	-1	0	0	-1	-1	-1	0	0	-1	-1	-1	0	0	-1	-1	-1	0	0	-1	-1	1	0	2	3687	0	109	0	
ircha24	Генератор Спокойствия 14 дней	A30190	161	11111	17	0	0	1	1	0	0	0	0	0	1	0	1	273	1	1	1	0	1	28	0	0	-5	-5	-1	0	0	-1	-1	-1	0	0	-1	-1	-1	0	0	-1	-1	-1	0	0	-1	-1	1	0	2	3688	0	110	0	
ircha25	Медальон Скорости [Высокого Качества  14 дней	A30181	151	11111	17	0	0	1	1	0	0	0	0	0	1	0	1	274	1	1	1	0	1	41	0	0	3	3	-1	0	0	-1	-1	-1	0	0	-1	-1	-1	0	0	-1	-1	-1	0	0	-1	-1	1	0	2	3673	0	95	0	
ircha26	Медальон Лидера [Высокого Качества  14 дней	A30184	152	11111	17	0	0	1	1	0	0	0	0	0	1	0	1	275	1	1	1	0	1	53	0	0	5	5	-1	0	0	-1	-1	-1	0	0	-1	-1	-1	0	0	-1	-1	-1	0	0	-1	-1	1	0	2	3676	0	98	0	
ircha27	Священный Медальон [Высокого Качества  14 дней 	A30187	153	11111	17	0	0	1	1	0	0	0	0	0	1	0	1	276	1	1	1	0	1	77	0	0	0,5	0,5	-1	0	0	-1	-1	-1	0	0	-1	-1	-1	0	0	-1	-1	-1	0	0	-1	-1	1	0	2	3679	0	101	0	
ircha28	Медальон Регенерации [Высокого Качества  14 дней 	A30188	154	11111	17	0	0	1	1	0	0	0	0	0	1	0	1	277	1	1	1	0	1	12	0	0	0,050000001	0,050000001	-1	0	0	-1	-1	-1	0	0	-1	-1	-1	0	0	-1	-1	-1	0	0	-1	-1	1	0	2	3680	0	102	0	
ircha29	Медальон Согласия [Высокого Качества  14 дней 	830189	155	00110	17	0	0	1	1	0	0	0	0	0	1	0	1	278	1	1	1	0	1	33	0	0	0,5	0,5	-1	0	0	-1	-1	-1	0	0	-1	-1	-1	0	0	-1	-1	-1	0	0	-1	-1	1	0	2	3681	0	103	0	
ircha30	Генератор атаки [Высокого Качества  14 дней	A3018A	156	11111	17	0	0	1	1	0	0	0	0	0	1	0	1	279	1	1	1	0	1	18	0	0	0,200000003	0,200000003	-1	0	0	-1	-1	-1	0	0	-1	-1	-1	0	0	-1	-1	-1	0	0	-1	-1	1	0	0	3682	0	104	0	
ircha31	Генератор защиты [Высокого Качества  14 дней	A3018B	157	11111	17	0	0	1	1	0	0	0	0	0	1	0	1	280	1	1	1	0	1	24	0	0	0,200000003	0,200000003	-1	0	0	-1	-1	-1	0	0	-1	-1	-1	0	0	-1	-1	-1	0	0	-1	-1	1	0	1	3683	0	105	0	
ircha32	Генератор совершенства [Высокого Качества  14 дней	A3018D	158	11111	17	0	0	1	1	0	0	0	0	0	1	0	1	281	1	1	1	0	2	48	0	0	21	21	78	0	0	30	30	-1	0	0	-1	-1	-1	0	0	-1	-1	-1	0	0	-1	-1	1	0	2	3685	0	107	0	
ircha33	Генератор MAU [Высокого Качества  14 дней	73018E	159	11000	17	0	0	1	1	0	0	0	0	0	1	0	1	282	1	1	1	0	1	29	0	0	0,5	0,5	-1	0	0	-1	-1	-1	0	0	-1	-1	-1	0	0	-1	-1	-1	0	0	-1	-1	1	0	2	3686	0	108	0	
ircha34	Генератор Агрессии [Высокого Качества  14 дней	A3018F	160	11111	17	0	0	1	1	0	0	0	0	0	1	0	1	283	1	1	1	0	1	28	0	0	15	15	-1	0	0	-1	-1	-1	0	0	-1	-1	-1	0	0	-1	-1	-1	0	0	-1	-1	1	0	2	3687	0	109	0	
ircha35	Генератор Спокойствия [Высокого Качества  14 дней	A30190	161	11111	17	0	0	1	1	0	0	0	0	0	1	0	1	284	1	1	1	0	1	28	0	0	-15	-15	-1	0	0	-1	-1	-1	0	0	-1	-1	-1	0	0	-1	-1	-1	0	0	-1	-1	1	0	2	3688	0	110	0	
ircha36	Медальон Скорости [Среднего Качества  14 дней	A30181	151	11111	17	0	0	1	1	0	0	0	0	0	1	0	1	285	1	1	1	0	1	41	0	0	2	2	-1	0	0	-1	-1	-1	0	0	-1	-1	-1	0	0	-1	-1	-1	0	0	-1	-1	1	0	2	3673	0	95	0	
ircha37	Медальон Лидера [Среднего Качества  14 дней 	A30184	152	11111	17	0	0	1	1	0	0	0	0	0	1	0	1	286	1	1	1	0	1	53	0	0	3	5	-1	0	0	-1	-1	-1	0	0	-1	-1	-1	0	0	-1	-1	-1	0	0	-1	-1	1	0	2	3676	0	98	0	
ircha38	Священный Медальон [Среднего Качества  14 дней	A30187	153	11111	17	0	0	1	1	0	0	0	0	0	1	0	1	287	1	1	1	0	1	77	0	0	0,400000006	0,400000006	-1	0	0	-1	-1	-1	0	0	-1	-1	-1	0	0	-1	-1	-1	0	0	-1	-1	1	0	2	3679	0	101	0	
ircha39	Медальон Регенерации [Среднего Качества  14 дней 	A30188	154	11111	17	0	0	1	1	0	0	0	0	0	1	0	1	288	1	1	1	0	1	12	0	0	0,029999999	0,050000001	-1	0	0	-1	-1	-1	0	0	-1	-1	-1	0	0	-1	-1	-1	0	0	-1	-1	1	0	2	3680	0	102	0	
ircha40	Медальон Согласия [Среднего Качества  14 дней	830189	155	00110	17	0	0	1	1	0	0	0	0	0	1	0	1	289	1	1	1	0	1	33	0	0	0,300000012	0,5	-1	0	0	-1	-1	-1	0	0	-1	-1	-1	0	0	-1	-1	-1	0	0	-1	-1	1	0	2	3681	0	103	0	
ircha41	Генератор атаки [Среднего Качества  14 дней	A3018A	156	11111	17	0	0	1	1	0	0	0	0	0	1	0	1	290	1	1	1	0	1	18	0	0	0,100000001	0,200000003	-1	0	0	-1	-1	-1	0	0	-1	-1	-1	0	0	-1	-1	-1	0	0	-1	-1	1	0	0	3682	0	104	0	
ircha42	Генератор защиты [Среднего Качества  14 дней	A3018B	157	11111	17	0	0	1	1	0	0	0	0	0	1	0	1	291	1	1	1	0	1	24	0	0	0,100000001	0,200000003	-1	0	0	-1	-1	-1	0	0	-1	-1	-1	0	0	-1	-1	-1	0	0	-1	-1	1	0	1	3683	0	105	0	
ircha43	Генератор совершенства [Среднего Качества  14 дней	A3018D	158	11111	17	0	0	1	1	0	0	0	0	0	1	0	1	292	1	1	1	0	2	48	0	0	14	21	78	0	0	20	30	-1	0	0	-1	-1	-1	0	0	-1	-1	-1	0	0	-1	-1	1	0	2	3685	0	107	0	
ircha44	Генератор MAU [Среднего Качества  14 дней	73018E	159	11000	17	0	0	1	1	0	0	0	0	0	1	0	1	293	1	1	1	0	1	29	0	0	0,300000012	0,5	-1	0	0	-1	-1	-1	0	0	-1	-1	-1	0	0	-1	-1	-1	0	0	-1	-1	1	0	2	3686	0	108	0	
ircha45	Генератор Агрессии [Среднего Качества  14 дней 	A3018F	160	11111	17	0	0	1	1	0	0	0	0	0	1	0	1	294	1	1	1	0	1	28	0	0	10	10	-1	0	0	-1	-1	-1	0	0	-1	-1	-1	0	0	-1	-1	-1	0	0	-1	-1	1	0	2	3687	0	109	0	
ircha46	Генератор Спокойствия [Среднего Качества  14 дней	A30190	161	11111	17	0	0	1	1	0	0	0	0	0	1	0	1	295	1	1	1	0	1	28	0	0	-10	-10	-1	0	0	-1	-1	-1	0	0	-1	-1	-1	0	0	-1	-1	-1	0	0	-1	-1	1	0	2	3688	0	110	0	
ircja01	Изумруд Боевого Опыта [Среднего Качества  	A30163	73	11111	17	0	0	1	0	0	0	0	1000	0	1	0	1	296	1	1	1	0	1	2	0	0	0,5	1	-1	0	0	-1	-1	-1	0	0	-1	-1	-1	0	0	-1	-1	-1	0	0	-1	-1	1	0	3	3667	0	73	0	
ircja02	Изумруд Поддержки [Среднего Качества  	A30164	74	11111	17	0	0	1	0	0	0	0	1000	0	1	0	1	297	1	1	1	0	1	4	0	0	2	5	-1	0	0	-1	-1	-1	0	0	-1	-1	-1	0	0	-1	-1	-1	0	0	-1	-1	1	0	3	3668	0	74	0	
ircja03	Изумруд Боевого Опыта [Среднего Качества  	A30163	73	11111	17	0	0	1	0	0	0	0	1000	0	1	0	1	298	1	1	1	0	1	2	0	0	0,5	1	-1	0	0	-1	-1	-1	0	0	-1	-1	-1	0	0	-1	-1	-1	0	0	-1	-1	1	0	3	3667	0	73	0	
ircja04	Изумруд Поддержки [Среднего Качества  	A30164	74	11111	17	0	0	1	0	0	0	0	1000	0	1	0	1	299	1	1	1	0	1	4	0	0	2	5	-1	0	0	-1	-1	-1	0	0	-1	-1	-1	0	0	-1	-1	-1	0	0	-1	-1	1	0	3	3668	0	74	0	
ircja05	Изумруд Боевого Опыта [Высокого Качества  	A30163	73	11111	17	0	0	1	0	0	0	0	1000	0	1	0	1	300	1	1	1	0	1	2	0	0	1	1	-1	0	0	-1	-1	-1	0	0	-1	-1	-1	0	0	-1	-1	-1	0	0	-1	-1	1	0	3	3667	0	73	0	
ircja06	Изумруд Поддержки [Высокого Качества  	A30164	74	11111	17	0	0	1	0	0	0	0	1000	0	1	0	1	301	1	1	1	0	1	4	0	0	3	5	-1	0	0	-1	-1	-1	0	0	-1	-1	-1	0	0	-1	-1	-1	0	0	-1	-1	1	0	3	3668	0	74	0	
ircja07	Изумруд Боевого Опыта [Высокого Качества  	A30163	73	11111	17	0	0	1	0	0	0	0	1000	0	1	0	1	302	1	1	1	0	1	2	0	0	1	1	-1	0	0	-1	-1	-1	0	0	-1	-1	-1	0	0	-1	-1	-1	0	0	-1	-1	1	0	3	3667	0	73	0	
ircja08	Изумруд Поддержки [Высокого Качества  	A30164	74	11111	17	0	0	1	0	0	0	0	1000	0	1	0	1	303	1	1	1	0	1	4	0	0	3	5	-1	0	0	-1	-1	-1	0	0	-1	-1	-1	0	0	-1	-1	-1	0	0	-1	-1	1	0	3	3668	0	74	0	
irpre20	Премиум Карта Новичка	A301FF	86	11111	17	0	0	5	0	0	0	0	1	0	0	0	0	304	1	0	1	0	2	5	0	0	1	1	6	0	0	1	1	-1	0	0	-1	-1	-1	0	0	-1	-1	-1	0	0	-1	-1	1	0	-1	-1	0	86	0	
irpch01	Заклинание скорости	A30190	95	11111	17	0	0	1	1	0	0	0	0	0	1	0	0	305	1	1	0	0	1	41	0	0	1	1	-1	0	0	-1	-1	-1	0	0	-1	-1	-1	0	0	-1	-1	-1	0	0	-1	-1	1	0	2	3673	0	95	0	
irpch02	Заклинание лидера	A30190	98	11111	17	0	0	1	1	0	0	0	0	0	1	0	0	306	1	1	0	0	1	53	0	0	1	5	-1	0	0	-1	-1	-1	0	0	-1	-1	-1	0	0	-1	-1	-1	0	0	-1	-1	1	0	2	3676	0	98	0	
irpch03	Священное заклинание	A30190	101	11111	17	0	0	1	1	0	0	0	0	0	1	0	0	307	1	1	0	0	1	77	0	0	0,300000012	0,300000012	-1	0	0	-1	-1	-1	0	0	-1	-1	-1	0	0	-1	-1	-1	0	0	-1	-1	1	0	2	3679	0	101	0	
irpch04	Заклинание воскрешения	A30190	102	11111	17	0	0	1	1	0	0	0	0	0	1	0	0	308	1	1	0	0	1	12	0	0	0,01	0,050000001	-1	0	0	-1	-1	-1	0	0	-1	-1	-1	0	0	-1	-1	-1	0	0	-1	-1	1	0	2	3680	0	102	0	
ircys01	Кристальная Таллика Невежества	A30190	21	11111	17	0	0	1	0	0	0	0	0	0	1	0	1	309	1	1	0	0	0	-1	0	0	-1	-1	-1	0	0	-1	-1	-1	0	0	-1	-1	-1	0	0	-1	-1	-1	0	0	-1	-1	1	0	-1	-1	0	21	0	
ircys02	Кристальная Таллика Покровительства	A30190	26	11111	17	0	0	1	0	0	0	0	0	0	1	0	1	310	1	1	0	0	0	-1	0	0	-1	-1	-1	0	0	-1	-1	-1	0	0	-1	-1	-1	0	0	-1	-1	-1	0	0	-1	-1	1	0	-1	-1	0	26	0	
ircys03	Кристальная Таллика Невежества [Тип B]	A30190	21	11111	17	0	0	1	0	0	0	0	0	0	1	0	1	311	1	1	0	0	0	-1	0	0	-1	-1	-1	0	0	-1	-1	-1	0	0	-1	-1	-1	0	0	-1	-1	-1	0	0	-1	-1	1	0	-1	-1	0	21	0	
ircys04	Кристальная Таллика Покровительства [Тип B]	A30190	26	11111	17	0	0	1	0	0	0	0	0	0	1	0	1	312	1	1	0	0	0	-1	0	0	-1	-1	-1	0	0	-1	-1	-1	0	0	-1	-1	-1	0	0	-1	-1	-1	0	0	-1	-1	1	0	-1	-1	0	26	0	
ircys05	Кристальная Таллика Невежества [Тип C]	A30190	21	11111	17	0	0	1	0	0	0	0	0	0	1	0	1	313	1	1	0	0	0	-1	0	0	-1	-1	-1	0	0	-1	-1	-1	0	0	-1	-1	-1	0	0	-1	-1	-1	0	0	-1	-1	1	0	-1	-1	0	21	0	
ircys06	Кристальная Таллика Покровительства [Тип C]	A30190	26	11111	17	0	0	1	0	0	0	0	0	0	1	0	1	314	1	1	0	0	0	-1	0	0	-1	-1	-1	0	0	-1	-1	-1	0	0	-1	-1	-1	0	0	-1	-1	-1	0	0	-1	-1	1	0	-1	-1	0	26	0	
ircja09	Изумруд_Общения_[2_часа	A30131	50	11111	17	1	0	1	0	0	0	0	500	0	1	0	1	315	1	1	1	0	1	3	0	0	1	1	-1	0	0	-1	-1	-1	0	0	-1	-1	-1	0	0	-1	-1	-1	0	0	-1	-1	1	0	3	3700	0	50	0	
ircja10	Изумруд_Общения_[6_часов	A30131	50	11111	17	1	0	1	0	0	0	0	500	0	1	0	1	316	1	1	1	0	1	3	0	0	1	1	-1	0	0	-1	-1	-1	0	0	-1	-1	-1	0	0	-1	-1	-1	0	0	-1	-1	1	0	3	3700	0	50	0	
ircja11	Изумруд_Общения_[24_часа	A30131	50	11111	17	1	0	1	0	0	0	0	500	0	1	0	1	317	1	1	1	0	1	3	0	0	1	1	-1	0	0	-1	-1	-1	0	0	-1	-1	-1	0	0	-1	-1	-1	0	0	-1	-1	1	0	3	3700	0	50	0	
