string[64]	dword	string[64]	dword	string[64]	dword	dword	dword	string[64]	dword	float	string[64]	dword	dword	dword	dword	dword	dword	dword	dword	dword	dword	dword	dword	dword	dword	dword	dword	float	float	dword	float	float	dword	float	float	dword	float	float	dword	float	float	dword	dword	dword	dword	dword	string[64]	dword	dword	dword	END
Code	IsExist	Model	Icon	Name	KindClt	FixPart	ItemSerise	Civil	MixNum	NeedNum	LastItem	Money	AncStdPrice	ExStdPrice	MecaStdPrice	StdPoint	GoldPoint	KillPoint	ProcPoint	StorePrice	StartTime	EffContTime	Efftype1	UIPrint	ItemUiTip	EffNum	Eff1	Val1	ValMax1	Eff2	Val2	ValMax2	Eff3	Val3	ValMax3	Eff4	Val4	ValMax4	Eff5	Val5	ValMax5	IsSell	IsExchange	IsGround	IsStore	IsNormAcc	ToolTip	IsCash	UsePCCash	IsTime	
irriu01	1	A30100	1	Феталиум	301	300	1	11111	-1	-1	-1	1	1	1	1	0	0	0	0	10	-1	-1	-1	-1	-1	0	-1	-1	-1	-1	-1	-1	-1	-1	-1	-1	-1	-1	-1	-1	-1	1	1	1	1	1	tirriu01	0	0	0	
irriu02	1	A30101	2	Литалиум	301	300	2	11111	-1	-1	-1	1	1	1	1	0	0	0	0	10	-1	-1	-1	-1	-1	0	-1	-1	-1	-1	-1	-1	-1	-1	-1	-1	-1	-1	-1	-1	-1	1	1	1	1	1	tirriu02	0	0	0	
irriu03	1	A30102	3	Осталиум	301	300	3	11111	-1	-1	-1	1	1	1	1	0	0	0	0	10	-1	-1	-1	-1	-1	0	-1	-1	-1	-1	-1	-1	-1	-1	-1	-1	-1	-1	-1	-1	-1	1	1	1	1	1	tirriu03	0	0	0	
irriu04	1	A30103	4	Хаталиум	301	300	4	11111	-1	-1	-1	1	1	1	1	0	0	0	0	10	-1	-1	-1	-1	-1	0	-1	-1	-1	-1	-1	-1	-1	-1	-1	-1	-1	-1	-1	-1	-1	1	1	1	1	1	tirriu04	0	0	0	
irriu05	1	A30104	5	Перлалиум	301	300	5	11111	-1	-1	-1	1	1	1	1	0	0	0	0	10	-1	-1	-1	-1	-1	0	-1	-1	-1	-1	-1	-1	-1	-1	-1	-1	-1	-1	-1	-1	-1	1	1	1	1	1	tirriu05	0	0	0	
irrio01	1	A30105	6	Котарио	301	300	6	11111	-1	-1	-1	1	3	3	3	0	0	0	0	10	-1	-1	-1	-1	-1	0	-1	-1	-1	-1	-1	-1	-1	-1	-1	-1	-1	-1	-1	-1	-1	1	1	1	1	1	tirrio01	0	0	0	
irrio02	1	A30106	7	Лотарио	301	300	7	11111	-1	-1	-1	1	3	3	3	0	0	0	0	10	-1	-1	-1	-1	-1	0	-1	-1	-1	-1	-1	-1	-1	-1	-1	-1	-1	-1	-1	-1	-1	1	1	1	1	1	tirrio02	0	0	0	
irrio03	1	A30107	8	Иритарио	301	300	8	11111	-1	-1	-1	1	3	3	3	0	0	0	0	10	-1	-1	-1	-1	-1	0	-1	-1	-1	-1	-1	-1	-1	-1	-1	-1	-1	-1	-1	-1	-1	1	1	1	1	1	tirrio03	0	0	0	
irrio04	1	A30108	9	Митарио	301	300	9	11111	-1	-1	-1	1	3	3	3	0	0	0	0	10	-1	-1	-1	-1	-1	0	-1	-1	-1	-1	-1	-1	-1	-1	-1	-1	-1	-1	-1	-1	-1	1	1	1	1	1	tirrio04	0	0	0	
irrio05	1	A30109	10	Утарио	301	300	10	11111	-1	-1	-1	1	3	3	3	0	0	0	0	10	-1	-1	-1	-1	-1	0	-1	-1	-1	-1	-1	-1	-1	-1	-1	-1	-1	-1	-1	-1	-1	1	1	1	1	1	tirrio05	0	0	0	
irrus01	1	A3010A	11	Байталит	301	300	11	11111	-1	-1	-1	1	3	3	3	0	0	0	0	10	-1	-1	-1	-1	-1	0	-1	-1	-1	-1	-1	-1	-1	-1	-1	-1	-1	-1	-1	-1	-1	1	1	1	1	1	tirrus01	0	0	0	
irrus02	1	A3010B	12	Ниоталит	301	300	12	11111	-1	-1	-1	1	3	3	3	0	0	0	0	10	-1	-1	-1	-1	-1	0	-1	-1	-1	-1	-1	-1	-1	-1	-1	-1	-1	-1	-1	-1	-1	1	1	1	1	1	tirrus02	0	0	0	
irrus03	1	A3010C	13	Теиталит	301	300	13	11111	-1	-1	-1	1	3	3	3	0	0	0	0	10	-1	-1	-1	-1	-1	0	-1	-1	-1	-1	-1	-1	-1	-1	-1	-1	-1	-1	-1	-1	-1	1	1	1	1	1	tirrus03	0	0	0	
irrus04	1	A3010D	14	Деиталит	301	300	14	11111	-1	-1	-1	1	3	3	3	0	0	0	0	10	-1	-1	-1	-1	-1	0	-1	-1	-1	-1	-1	-1	-1	-1	-1	-1	-1	-1	-1	-1	-1	1	1	1	1	1	tirrus04	0	0	0	
irrus05	1	A3010E	15	Проталит	301	300	15	11111	-1	-1	-1	1	3	3	3	0	0	0	0	10	-1	-1	-1	-1	-1	0	-1	-1	-1	-1	-1	-1	-1	-1	-1	-1	-1	-1	-1	-1	-1	1	1	1	1	1	tirrus05	0	0	0	
irria01	1	A3010F	16	Слоталан	301	300	16	11111	-1	-1	-1	1	3	3	3	0	0	0	0	10	-1	-1	-1	-1	-1	0	-1	-1	-1	-1	-1	-1	-1	-1	-1	-1	-1	-1	-1	-1	-1	1	1	1	1	1	tirria01	0	0	0	
irria02	1	A30110	17	Моталан	301	300	17	11111	-1	-1	-1	1	3	3	3	0	0	0	0	10	-1	-1	-1	-1	-1	0	-1	-1	-1	-1	-1	-1	-1	-1	-1	-1	-1	-1	-1	-1	-1	1	1	1	1	1	tirria02	0	0	0	
irria03	1	A30111	18	Титалан	301	300	18	11111	-1	-1	-1	1	3	3	3	0	0	0	0	10	-1	-1	-1	-1	-1	0	-1	-1	-1	-1	-1	-1	-1	-1	-1	-1	-1	-1	-1	-1	-1	1	1	1	1	1	tirria03	0	0	0	
irria04	1	A30112	19	Сеталан	301	300	19	11111	-1	-1	-1	1	3	3	3	0	0	0	0	10	-1	-1	-1	-1	-1	0	-1	-1	-1	-1	-1	-1	-1	-1	-1	-1	-1	-1	-1	-1	-1	1	1	1	1	1	tirria04	0	0	0	
irria05	1	A30113	20	Новотолан	301	300	20	11111	-1	-1	-1	1	3	3	3	0	0	0	0	10	-1	-1	-1	-1	-1	0	-1	-1	-1	-1	-1	-1	-1	-1	-1	-1	-1	-1	-1	-1	-1	1	1	1	1	1	tirria05	0	0	0	
irtal01	1	A30114	21	Талика Невежества	301	300	21	11111	1	20	ircry01	1	24	24	24	0	0	0	0	100	-1	-1	-1	-1	-1	0	-1	-1	-1	-1	-1	-1	-1	-1	-1	-1	-1	-1	-1	-1	-1	1	1	1	1	1	tirtal01	0	0	0	
irtal02	1	A30115	22	Талика Разрушения	301	300	22	11111	1	20	ircry01	1	34	34	34	0	0	0	0	100	-1	-1	-1	-1	-1	0	-1	-1	-1	-1	-1	-1	-1	-1	-1	-1	-1	-1	-1	-1	-1	1	1	1	1	1	tirtal02	0	0	0	
irtal03	1	A30116	23	Талика Тьмы	301	300	23	11111	1	20	ircry01	1	24	24	24	0	0	0	0	100	-1	-1	-1	-1	-1	0	-1	-1	-1	-1	-1	-1	-1	-1	-1	-1	-1	-1	-1	-1	-1	1	1	1	1	1	tirtal03	0	0	0	
irtal04	1	A30117	24	Талика Хаоса	301	300	24	11111	1	20	ircry01	1	24	24	24	0	0	0	0	100	-1	-1	-1	-1	-1	0	-1	-1	-1	-1	-1	-1	-1	-1	-1	-1	-1	-1	-1	-1	-1	1	1	1	1	1	tirtal04	0	0	0	
irtal05	1	A30118	25	Талика Ненависти	301	300	25	11111	1	20	ircry01	1	34	34	34	0	0	0	0	100	-1	-1	-1	-1	-1	0	-1	-1	-1	-1	-1	-1	-1	-1	-1	-1	-1	-1	-1	-1	-1	1	1	1	1	1	tirtal05	0	0	0	
irtal06	1	A30119	26	Талика Покровительства	301	300	26	11111	1	20	ircry01	1	24	24	24	0	0	0	0	100	-1	-1	-1	-1	-1	0	-1	-1	-1	-1	-1	-1	-1	-1	-1	-1	-1	-1	-1	-1	-1	1	1	1	1	1	tirtal06	0	0	0	
irtal07	1	A3011A	27	Талика Мудрости	301	300	27	11111	1	20	ircry01	1	34	34	34	0	0	0	0	100	-1	-1	-1	-1	-1	0	-1	-1	-1	-1	-1	-1	-1	-1	-1	-1	-1	-1	-1	-1	-1	1	1	1	1	1	tirtal07	0	0	0	
irtal08	1	A3011B	28	Талика Святого Пламени	301	300	28	11111	1	20	ircry01	1	34	34	34	0	0	0	0	100	-1	-1	-1	-1	-1	0	-1	-1	-1	-1	-1	-1	-1	-1	-1	-1	-1	-1	-1	-1	-1	1	1	1	1	1	tirtal08	0	0	0	
irtal09	1	A3011C	29	Талика Веры	301	300	29	11111	1	20	ircry01	1	34	34	34	0	0	0	0	100	-1	-1	-1	-1	-1	0	-1	-1	-1	-1	-1	-1	-1	-1	-1	-1	-1	-1	-1	-1	-1	1	1	1	1	1	tirtal09	0	0	0	
irtal10	1	A3011D	30	Талика Святого Алтаря	301	300	30	11111	1	20	ircry01	1	34	34	34	0	0	0	0	100	-1	-1	-1	-1	-1	0	-1	-1	-1	-1	-1	-1	-1	-1	-1	-1	-1	-1	-1	-1	-1	1	1	1	1	1	tirtal10	0	0	0	
irtal11	1	A3011E	31	Талика Славы	301	300	31	11111	1	20	ircry01	1	34	34	34	0	0	0	0	100	-1	-1	-1	-1	-1	0	-1	-1	-1	-1	-1	-1	-1	-1	-1	-1	-1	-1	-1	-1	-1	1	1	1	1	1	tirtal11	0	0	0	
irtal12	1	A3011F	32	Талика Милосердия	301	300	32	11111	1	20	ircry01	1	24	24	24	0	0	0	0	100	-1	-1	-1	-1	-1	0	-1	-1	-1	-1	-1	-1	-1	-1	-1	-1	-1	-1	-1	-1	-1	1	1	1	1	1	tirtal12	0	0	0	
irtal13	1	A30120	33	Талика Грации	301	300	33	11111	1	20	ircry01	1	24	24	24	0	0	0	0	100	-1	-1	-1	-1	-1	0	-1	-1	-1	-1	-1	-1	-1	-1	-1	-1	-1	-1	-1	-1	-1	1	1	1	1	1	tirtal13	0	0	0	
irtal14	1	A30121	34	Талика Забвения	301	300	34	11111	1	20	ircry01	0	3	3	3	0	0	0	0	100	-1	-1	-1	-1	-1	0	-1	-1	-1	-1	-1	-1	-1	-1	-1	-1	-1	-1	-1	-1	-1	1	1	1	1	1	tirtal14	0	0	0	
irgef01	1	A30122	35	Рубин	301	300	35	11111	-1	-1	-1	1	6	6	6	0	0	0	0	50	-1	-1	-1	-1	-1	0	-1	-1	-1	-1	-1	-1	-1	-1	-1	-1	-1	-1	-1	-1	-1	1	1	1	1	1	tirgef01	0	0	0	
irgef02	1	A30123	36	Потухший Рубин	301	300	36	11111	-1	-1	-1	1	6	6	6	0	0	0	0	50	-1	-1	-1	-1	-1	0	-1	-1	-1	-1	-1	-1	-1	-1	-1	-1	-1	-1	-1	-1	-1	1	1	1	1	1	tirgef02	0	0	0	
irgef03	1	A30124	37	Пламенный Рубин	301	300	37	11111	-1	-1	-1	1	10	10	10	0	0	0	0	50	-1	-1	-1	-1	-1	0	-1	-1	-1	-1	-1	-1	-1	-1	-1	-1	-1	-1	-1	-1	-1	1	1	1	1	1	tirgef03	0	0	0	
irgea01	1	A30125	38	Алмаз	301	300	38	11111	-1	-1	-1	1	6	6	6	0	0	0	0	50	-1	-1	-1	-1	-1	0	-1	-1	-1	-1	-1	-1	-1	-1	-1	-1	-1	-1	-1	-1	-1	1	1	1	1	1	tirgea01	0	0	0	
irgea02	1	A30126	39	Аквамарин	301	300	39	11111	-1	-1	-1	1	6	6	6	0	0	0	0	50	-1	-1	-1	-1	-1	0	-1	-1	-1	-1	-1	-1	-1	-1	-1	-1	-1	-1	-1	-1	-1	1	1	1	1	1	tirgea02	0	0	0	
irgea03	1	A30127	40	Матовый Бриллиант	301	300	40	11111	-1	-1	-1	1	10	10	10	0	0	0	0	50	-1	-1	-1	-1	-1	0	-1	-1	-1	-1	-1	-1	-1	-1	-1	-1	-1	-1	-1	-1	-1	1	1	1	1	1	tirgea03	0	0	0	
irget01	1	A30128	41	Топаз	301	300	41	11111	-1	-1	-1	1	6	6	6	0	0	0	0	50	-1	-1	-1	-1	-1	0	-1	-1	-1	-1	-1	-1	-1	-1	-1	-1	-1	-1	-1	-1	-1	1	1	1	1	1	tirget01	0	0	0	
irget02	1	A30129	42	Обожженый Топаз	301	300	42	11111	-1	-1	-1	1	6	6	6	0	0	0	0	50	-1	-1	-1	-1	-1	0	-1	-1	-1	-1	-1	-1	-1	-1	-1	-1	-1	-1	-1	-1	-1	1	1	1	1	1	tirget02	0	0	0	
irget03	1	A3012A	43	Токсичный Топаз	301	300	43	11111	-1	-1	-1	1	10	10	10	0	0	0	0	50	-1	-1	-1	-1	-1	0	-1	-1	-1	-1	-1	-1	-1	-1	-1	-1	-1	-1	-1	-1	-1	1	1	1	1	1	tirget03	0	0	0	
irgew01	1	A3012B	44	Обсидиан	301	300	44	11111	-1	-1	-1	1	6	6	6	0	0	0	0	50	-1	-1	-1	-1	-1	0	-1	-1	-1	-1	-1	-1	-1	-1	-1	-1	-1	-1	-1	-1	-1	1	1	1	1	1	tirgew01	0	0	0	
irgew02	1	A3012C	45	Освященный Обсидиан	301	300	45	11111	-1	-1	-1	1	6	6	6	0	0	0	0	50	-1	-1	-1	-1	-1	0	-1	-1	-1	-1	-1	-1	-1	-1	-1	-1	-1	-1	-1	-1	-1	1	1	1	1	1	tirgew02	0	0	0	
irgew03	1	A3012D	46	Духовный Обсидиан	301	300	46	11111	-1	-1	-1	1	10	10	10	0	0	0	0	50	-1	-1	-1	-1	-1	0	-1	-1	-1	-1	-1	-1	-1	-1	-1	-1	-1	-1	-1	-1	-1	1	1	1	1	1	tirgew03	0	0	0	
irjad01	1	A3012E	47	Изумруд Удачи	301	300	47	11111	-1	-1	-1	1	1	1	1	0	0	0	0	500	-1	-1	0	3	3699	1	0	0,100000001	0,100000001	-1	-1	-1	-1	-1	-1	-1	-1	-1	-1	-1	-1	1	1	1	1	1	tirjad01	0	0	0	
irjad02	1	A3012F	48	Изумруд Сделки	301	300	48	11111	-1	-1	-1	1	1	1	1	0	0	0	0	500	-1	-1	0	3	3674	1	1	0,100000001	0,5	-1	-1	-1	-1	-1	-1	-1	-1	-1	-1	-1	-1	1	1	1	1	1	tirjad02	0	0	0	
irjad03	1	A30130	49	Изумруд Боевого Опыта	301	300	49	11111	-1	-1	-1	1	1	1	1	0	0	0	0	500	-1	-1	0	3	3667	1	2	0,200000003	1	-1	-1	-1	-1	-1	-1	-1	-1	-1	-1	-1	-1	1	1	1	1	1	tirjad03	0	0	0	
irjad04	1	A30131	50	Поющий Изумруд	301	300	50	11111	-1	-1	-1	1	1	1	1	0	0	0	0	500	-1	-1	0	3	3700	1	3	1	1	-1	-1	-1	-1	-1	-1	-1	-1	-1	-1	-1	-1	1	1	1	1	1	tirjad04	0	0	0	
irjad05	1	A30132	51	Изумруд Поддержки	301	300	51	11111	-1	-1	-1	1	1	1	1	0	0	0	0	500	-1	-1	0	3	3668	1	4	5	25	-1	-1	-1	-1	-1	-1	-1	-1	-1	-1	-1	-1	1	1	1	1	1	tirjad05	0	0	0	
irebl01	1	A30133	52	Кусок Черной Стружки	301	300	52	11111	-1	-1	-1	1	1	1	1	0	0	0	0	500	-1	-1	-1	-1	-1	0	-1	-1	-1	-1	-1	-1	-1	-1	-1	-1	-1	-1	-1	-1	-1	1	1	1	1	1	tirebl01	0	0	0	
irere01	1	A30134	53	Кусок Красной Стружки	301	300	53	11111	-1	-1	-1	1	1	1	1	0	0	0	0	500	-1	-1	-1	-1	-1	0	-1	-1	-1	-1	-1	-1	-1	-1	-1	-1	-1	-1	-1	-1	-1	1	1	1	1	1	tirere01	0	0	0	
irebu01	1	A30135	54	Кусок Синей Стружки	301	300	54	11111	-1	-1	-1	1	1	1	1	0	0	0	0	500	-1	-1	-1	-1	-1	0	-1	-1	-1	-1	-1	-1	-1	-1	-1	-1	-1	-1	-1	-1	-1	1	1	1	1	1	tirebu01	0	0	0	
iregr01	1	A30136	55	Кусок Зеленой Стружки	301	300	55	11111	-1	-1	-1	1	1	1	1	0	0	0	0	500	-1	-1	-1	-1	-1	0	-1	-1	-1	-1	-1	-1	-1	-1	-1	-1	-1	-1	-1	-1	-1	1	1	1	1	1	tiregr01	0	0	0	
ireyl01	1	A30137	56	Кусок Желтой Стружки	301	300	56	11111	-1	-1	-1	1	1	1	1	0	0	0	0	500	-1	-1	-1	-1	-1	0	-1	-1	-1	-1	-1	-1	-1	-1	-1	-1	-1	-1	-1	-1	-1	1	1	1	1	1	tireyl01	0	0	0	
irepu01	1	A30138	57	Кусок Лиловой Стружки	301	300	57	11111	-1	-1	-1	1	1	1	1	0	0	0	0	500	-1	-1	-1	-1	-1	0	-1	-1	-1	-1	-1	-1	-1	-1	-1	-1	-1	-1	-1	-1	-1	1	1	1	1	1	tirepu01	0	0	0	
irewh01	1	A30139	58	Кусок Белой Стружки	301	300	58	11111	-1	-1	-1	1	1	1	1	0	0	0	0	500	-1	-1	-1	-1	-1	0	-1	-1	-1	-1	-1	-1	-1	-1	-1	-1	-1	-1	-1	-1	-1	1	1	1	1	1	tirewh01	0	0	0	
irebw01	1	A3013A	59	Кусок Бархатной Стружки	301	300	59	11111	-1	-1	-1	1	1	1	1	0	0	0	0	500	-1	-1	-1	-1	-1	0	-1	-1	-1	-1	-1	-1	-1	-1	-1	-1	-1	-1	-1	-1	-1	1	1	1	1	1	tirebw01	0	0	0	
ireol01	1	A3013B	60	Кусок Оливковой Стружки	301	300	60	11111	-1	-1	-1	1	1	1	1	0	0	0	0	500	-1	-1	-1	-1	-1	0	-1	-1	-1	-1	-1	-1	-1	-1	-1	-1	-1	-1	-1	-1	-1	1	1	1	1	1	tireol01	0	0	0	
irena01	1	A3013C	61	Кусок Морской Стружки	301	300	61	11111	-1	-1	-1	1	1	1	1	0	0	0	0	500	-1	-1	-1	-1	-1	0	-1	-1	-1	-1	-1	-1	-1	-1	-1	-1	-1	-1	-1	-1	-1	1	1	1	1	1	tirena01	0	0	0	
irchr01	1	A3013D	62	Праздничный Изумруд Изобилия	301	300	62	11111	-1	-1	-1	1	1	1	1	0	0	0	0	1000	-1	-1	0	3	3667	1	2	0,200000003	1	-1	-1	-1	-1	-1	-1	-1	-1	-1	-1	-1	-1	1	0	0	0	1	tirchr01	0	0	0	
irchr02	1	A3013E	63	Праздничный Изумруд Утешения	301	300	63	11111	-1	-1	-1	1	1	1	1	0	0	0	0	1000	-1	-1	0	3	3668	1	4	5	25	-1	-1	-1	-1	-1	-1	-1	-1	-1	-1	-1	-1	1	0	0	0	1	tirchr02	0	0	0	
irval01	1	A3013F	64	Цветы	301	300	64	11111	-1	-1	-1	1	1	1	1	0	0	0	0	1000	-1	-1	0	3	3667	1	5	0,100000001	0,100000001	-1	-1	-1	-1	-1	-1	-1	-1	-1	-1	-1	-1	1	0	0	0	1	tirval01	0	0	1	
irgef04	1	A30140	65	Искрящийся Рубин	301	300	65	11111	-1	-1	-1	1	22	22	22	0	0	0	0	1000	-1	-1	-1	-1	-1	0	-1	-1	-1	-1	-1	-1	-1	-1	-1	-1	-1	-1	-1	-1	-1	1	1	1	1	1	tirgef04	0	0	0	
irgea04	1	A30141	66	Кристальный Алмаз	301	300	66	11111	-1	-1	-1	1	22	22	22	0	0	0	0	1000	-1	-1	-1	-1	-1	0	-1	-1	-1	-1	-1	-1	-1	-1	-1	-1	-1	-1	-1	-1	-1	1	1	1	1	1	tirgea04	0	0	0	
irget04	1	A30142	67	Чайный Топаз	301	300	67	11111	-1	-1	-1	1	22	22	22	0	0	0	0	1000	-1	-1	-1	-1	-1	0	-1	-1	-1	-1	-1	-1	-1	-1	-1	-1	-1	-1	-1	-1	-1	1	1	1	1	1	tirget04	0	0	0	
irgew04	1	A30143	68	Черный Обсидиан	301	300	68	11111	-1	-1	-1	1	22	22	22	0	0	0	0	1000	-1	-1	-1	-1	-1	0	-1	-1	-1	-1	-1	-1	-1	-1	-1	-1	-1	-1	-1	-1	-1	1	1	1	1	1	tirgew04	0	0	0	
ircsa01	0	A30144	69	Рубин Удачи	301	300	69	11111	-1	-1	-1	0	1	1	1	0	0	0	0	1000	-1	-1	-1	-1	-1	0	-1	-1	-1	-1	-1	-1	-1	-1	-1	-1	-1	-1	-1	-1	-1	1	0	0	1	1	tircsa01	1	0	0	
ircsa02	0	A30145	70	Алмаз Удачи	301	300	70	11111	-1	-1	-1	0	1	1	1	0	0	0	0	1000	-1	-1	-1	-1	-1	0	-1	-1	-1	-1	-1	-1	-1	-1	-1	-1	-1	-1	-1	-1	-1	1	0	0	1	1	tircsa02	1	0	0	
ircsa03	0	A30146	71	Топаз Удачи	301	300	71	11111	-1	-1	-1	0	1	1	1	0	0	0	0	1000	-1	-1	-1	-1	-1	0	-1	-1	-1	-1	-1	-1	-1	-1	-1	-1	-1	-1	-1	-1	-1	1	0	0	1	1	tircsa03	1	0	0	
ircsa04	0	A30147	72	Обсидиан Удачи	301	300	72	11111	-1	-1	-1	0	1	1	1	0	0	0	0	1000	-1	-1	-1	-1	-1	0	-1	-1	-1	-1	-1	-1	-1	-1	-1	-1	-1	-1	-1	-1	-1	1	0	0	1	1	tircsa04	1	0	0	
irres01	0	A30148	75	Алый Камень	301	300	75	11111	-1	-1	-1	0	1	1	1	0	0	0	0	1000	-1	-1	-1	-1	-1	0	-1	-1	-1	-1	-1	-1	-1	-1	-1	-1	-1	-1	-1	-1	-1	1	0	0	1	1	tirres01	0	0	0	
ircsa05	0	A30149	73	Изумруд_Изобилия_[1_день	301	300	73	11111	-1	-1	-1	0	1	1	1	0	0	0	0	1000	-1	-1	0	3	3667	1	2	0,200000003	1	-1	-1	-1	-1	-1	-1	-1	-1	-1	-1	-1	-1	1	0	0	1	1	tircsa05	1	0	1	
ircsa06	0	A3014A	73	Изумруд_Изобилия_[6_дней	301	300	73	11111	-1	-1	-1	0	1	1	1	0	0	0	0	1000	-1	-1	0	3	3667	1	2	0,200000003	1	-1	-1	-1	-1	-1	-1	-1	-1	-1	-1	-1	-1	1	0	0	1	1	tircsa06	1	0	1	
ircsa07	0	A3014B	73	Изумруд_Изобилия_[14_дней	301	300	73	11111	-1	-1	-1	0	1	1	1	0	0	0	0	1000	-1	-1	0	3	3667	1	2	0,200000003	1	-1	-1	-1	-1	-1	-1	-1	-1	-1	-1	-1	-1	1	0	0	1	1	tircsa07	1	0	1	
ircsa08	0	A3014C	73	Изумруд_Изобилия_[30_дней	301	300	73	11111	-1	-1	-1	0	1	1	1	0	0	0	0	1000	-1	-1	0	3	3667	1	2	0,200000003	1	-1	-1	-1	-1	-1	-1	-1	-1	-1	-1	-1	-1	1	0	0	1	1	tircsa08	1	0	1	
ircsa09	0	A3014D	74	Изумруд_Утешения_[1_день	301	300	74	11111	-1	-1	-1	0	1	1	1	0	0	0	0	1000	-1	-1	0	3	3668	1	4	1	5	-1	-1	-1	-1	-1	-1	-1	-1	-1	-1	-1	-1	1	0	0	1	1	tircsa09	1	0	1	
ircsa10	0	A3014E	74	Изумруд_Утешения_[6_дней	301	300	74	11111	-1	-1	-1	0	1	1	1	0	0	0	0	1000	-1	-1	0	3	3668	1	4	1	5	-1	-1	-1	-1	-1	-1	-1	-1	-1	-1	-1	-1	1	0	0	1	1	tircsa10	1	0	1	
ircsa11	0	A3014F	74	Изумруд_Утешения_[14_дней	301	300	74	11111	-1	-1	-1	0	1	1	1	0	0	0	0	1000	-1	-1	0	3	3668	1	4	1	5	-1	-1	-1	-1	-1	-1	-1	-1	-1	-1	-1	-1	1	0	0	1	1	tircsa11	1	0	1	
ircsa12	0	A30150	74	Изумруд_Утешения_[30_дней	301	300	74	11111	-1	-1	-1	0	1	1	1	0	0	0	0	1000	-1	-1	0	3	3668	1	4	1	5	-1	-1	-1	-1	-1	-1	-1	-1	-1	-1	-1	-1	1	0	0	1	1	tircsa12	1	0	1	
ircht01	0	A30151	77	Синяя пудра	301	300	77	11111	-1	-1	-1	1	2	2	2	0	0	0	0	1	-1	-1	-1	-1	-1	0	-1	-1	-1	-1	-1	-1	-1	-1	-1	-1	-1	-1	-1	-1	-1	1	1	1	1	1	tircht01	0	0	0	
irbls01	0	A30152	76	Голубой камень	301	300	76	11111	-1	-1	-1	0	1	1	1	0	0	0	0	1	-1	-1	-1	-1	-1	0	-1	-1	-1	-1	-1	-1	-1	-1	-1	-1	-1	-1	-1	-1	-1	1	0	0	1	1	tirbls01	0	0	0	
irskl01	0	A30153	79	Камень Ард-Руны	301	300	79	11111	-1	-1	-1	1	10	10	10	0	0	0	0	100	-1	-1	-1	-1	-1	0	-1	-1	-1	-1	-1	-1	-1	-1	-1	-1	-1	-1	-1	-1	-1	1	0	0	1	1	tirskl01	0	0	0	
irevn01	0	A30154	78	Нефритовый осколок	301	300	78	11111	-1	-1	-1	1	1	1	1	0	0	0	0	500	-1	-1	0	-1	3668	1	4	5	25	-1	-1	-1	-1	-1	-1	-1	-1	-1	-1	-1	-1	1	0	0	1	1	tirevn01	0	0	0	
irmap01	1	A30155	80	Осколок Огненной Души	301	300	80	11111	-1	-1	-1	1	1	1	1	0	0	0	0	1	-1	-1	-1	-1	-1	0	-1	-1	-1	-1	-1	-1	-1	-1	-1	-1	-1	-1	-1	-1	-1	1	1	1	1	1	tirmap01	0	0	0	
irmap03	1	A30156	81	Осколок Ледяной Души	301	300	81	11111	-1	-1	-1	1	1	1	1	0	0	0	0	1	-1	-1	-1	-1	-1	0	-1	-1	-1	-1	-1	-1	-1	-1	-1	-1	-1	-1	-1	-1	-1	1	1	1	1	1	tirmap03	0	0	0	
irbud01	1	A30157	82	Счастливая бусина 1Ч	301	300	82	11111	-1	-1	-1	0	5	5	5	0	0	0	0	1	-1	-1	0	-1	-1	1	8	1	1	-1	-1	-1	-1	-1	-1	-1	-1	-1	-1	-1	-1	1	0	0	1	1	tirbud01	1	0	1	
irbud02	1	A30158	83	Благословенная Бусина 10 мин	301	300	83	11111	-1	-1	-1	0	5	5	5	0	0	0	0	1	-1	-1	0	-1	-1	1	5	0,100000001	1	-1	-1	-1	-1	-1	-1	-1	-1	-1	-1	-1	-1	1	0	0	1	1	tirbud02	1	0	1	
irbud03	1	A30159	83	Благословенная Бусина 30 мин	301	300	83	11111	-1	-1	-1	0	5	5	5	0	0	0	0	1	-1	-1	0	-1	-1	1	5	0,100000001	1	-1	-1	-1	-1	-1	-1	-1	-1	-1	-1	-1	-1	1	0	0	1	1	tirbud03	1	0	1	
irbud04	1	A3015A	83	Благословенная Бусина 1 час	301	300	83	11111	-1	-1	-1	0	5	5	5	0	0	0	0	1	-1	-1	0	-1	-1	1	5	0,100000001	1	-1	-1	-1	-1	-1	-1	-1	-1	-1	-1	-1	-1	1	0	0	1	1	tirbud04	1	0	1	
irbud05	1	A3015B	84	Бусина Интелекта 10 мин	301	300	84	11111	-1	-1	-1	0	5	5	5	0	0	0	0	1	-1	-1	0	-1	-1	1	6	0,100000001	1	-1	-1	-1	-1	-1	-1	-1	-1	-1	-1	-1	-1	1	0	0	1	1	tirbud05	1	0	1	
irbud06	1	A3015C	84	Бусина Интелекта 30 мин	301	300	84	11111	-1	-1	-1	0	5	5	5	0	0	0	0	1	-1	-1	0	-1	-1	1	6	0,100000001	1	-1	-1	-1	-1	-1	-1	-1	-1	-1	-1	-1	-1	1	0	0	1	1	tirbud06	1	0	1	
irbud07	1	A3015D	84	Бусина Интелекта 1ч	301	300	84	11111	-1	-1	-1	0	5	5	5	0	0	0	0	1	-1	-1	0	-1	-1	1	6	0,100000001	1	-1	-1	-1	-1	-1	-1	-1	-1	-1	-1	-1	-1	1	0	0	1	1	tirbud07	1	0	1	
irbud08	1	A3015E	85	Статуя Буддиста	301	300	85	11111	-1	-1	-1	0	5	5	5	0	0	0	0	1	-1	-1	0	-1	-1	3	6	0,5	0,5	7	0,5	0,5	9	0,5	0,5	11	0,050000001	0,050000001	-1	-1	-1	0	0	0	0	1	tirbud08	1	0	1	
irpre01	1	A3015F	86	Карта Премиума	301	300	86	11111	-1	-1	-1	0	5	5	5	0	0	0	0	1	-1	-1	0	-1	-1	4	5	1,5	1,5	6	1,600000024	1,600000024	18	0,050000001	0,050000001	24	0,050000001	0,050000001	-1	-1	-1	0	0	0	0	1	tirpre01	1	0	0	
ircsa13	1	A30160	73	Изумруд_Изобилия_[6_часов	301	300	73	11111	-1	-1	-1	0	1	1	1	0	0	0	0	1000	-1	-1	0	3	3667	1	2	0,200000003	1	-1	-1	-1	-1	-1	-1	-1	-1	-1	-1	-1	-1	1	0	0	1	1	tircsa13	1	0	1	
ircsa14	1	A30161	73	Изумруд_Изобилия_[12_часов	301	300	73	11111	-1	-1	-1	0	1	1	1	0	0	0	0	1000	-1	-1	0	3	3667	1	2	0,200000003	1	-1	-1	-1	-1	-1	-1	-1	-1	-1	-1	-1	-1	1	0	0	1	1	tircsa14	1	0	1	
ircsa15	1	A30162	73	Изумруд_Изобилия_[20_часов	301	300	73	11111	-1	-1	-1	0	1	1	1	0	0	0	0	1000	-1	-1	0	3	3667	1	2	0,200000003	1	-1	-1	-1	-1	-1	-1	-1	-1	-1	-1	-1	-1	1	0	0	1	1	tircsa15	1	0	1	
ircsa16	1	A30163	73	Изумруд_Изобилия_[30_часов	301	300	73	11111	-1	-1	-1	0	1	1	1	0	0	0	0	1000	-1	-1	0	3	3667	1	2	0,200000003	1	-1	-1	-1	-1	-1	-1	-1	-1	-1	-1	-1	-1	1	0	0	1	1	tircsa16	1	0	1	
ircsa17	1	A30164	74	Изумруд_Утешения_[6_часов	301	300	74	11111	-1	-1	-1	0	1	1	1	0	0	0	0	1000	-1	-1	0	3	3668	1	4	1	5	-1	-1	-1	-1	-1	-1	-1	-1	-1	-1	-1	-1	1	0	0	1	1	tircsa17	1	0	1	
ircsa18	1	A30165	74	Изумруд_Утешения_[12_часов	301	300	74	11111	-1	-1	-1	0	1	1	1	0	0	0	0	1000	-1	-1	0	3	3668	1	4	1	5	-1	-1	-1	-1	-1	-1	-1	-1	-1	-1	-1	-1	1	0	0	1	1	tircsa18	1	0	1	
ircsa19	1	A30166	74	Изумруд_Утешения_[20_часов	301	300	74	11111	-1	-1	-1	0	1	1	1	0	0	0	0	1000	-1	-1	0	3	3668	1	4	1	5	-1	-1	-1	-1	-1	-1	-1	-1	-1	-1	-1	-1	1	0	0	1	1	tircsa19	1	0	1	
ircsa20	1	A30167	74	Изумруд_Утешения_[30_часов	301	300	74	11111	-1	-1	-1	0	1	1	1	0	0	0	0	1000	-1	-1	0	3	3668	1	4	1	5	-1	-1	-1	-1	-1	-1	-1	-1	-1	-1	-1	-1	1	0	0	1	1	tircsa20	1	0	1	
irhst01	1	A30168	87	Часть Алтаря	301	300	87	11111	-1	-1	-1	0	1	1	1	0	0	0	0	1000	-1	-1	-1	-1	-1	0	-1	-1	-1	-1	-1	-1	-1	-1	-1	-1	-1	-1	-1	-1	-1	1	1	1	1	1	tirhst01	0	0	0	
ircry01	1	A30169	88	Кристальная Талика	301	300	88	11111	-1	-1	-1	0	1	1	1	0	0	0	0	1000	-1	-1	-1	-1	-1	0	-1	-1	-1	-1	-1	-1	-1	-1	-1	-1	-1	-1	-1	-1	-1	1	0	0	1	1	tircry01	0	0	0	
ircsa21	1	A3016A	73	Изумруд_Изобилия_[18.00-01.00	301	300	73	11111	-1	-1	-1	0	1	1	1	0	0	0	0	1000	18	420	0	3	3667	1	71	1	1	-1	-1	-1	-1	-1	-1	-1	-1	-1	-1	-1	-1	1	0	0	1	1	tircsa21	1	0	1	
ircsa22	1	A3016B	73	Изумруд_Изобилия_[06.00-13.00	301	300	73	11111	-1	-1	-1	0	1	1	1	0	0	0	0	1000	6	420	0	3	3667	1	71	1	1	-1	-1	-1	-1	-1	-1	-1	-1	-1	-1	-1	-1	1	0	0	1	1	tircsa22	1	0	1	
ircsa23	1	A3016C	89	Награда_Картелы	301	300	89	11111	-1	-1	-1	0	1	1	1	0	0	0	0	1000	-1	-1	0	3	3666	2	71	0,200000003	1	74	0,100000001	0,5	-1	-1	-1	-1	-1	-1	-1	-1	-1	1	0	0	1	1	tircsa23	1	0	1	
ircry02	1	A3016D	90	Кристал Пексиона	301	300	90	11111	-1	-1	-1	0	1	1	1	0	0	0	0	1000	-1	-1	-1	-1	-1	0	-1	-1	-1	-1	-1	-1	-1	-1	-1	-1	-1	-1	-1	-1	-1	1	1	1	1	1	tircry02	0	0	0	
irsry01	1	A3016E	91	Отражающий свиток Разработчика	301	300	91	11111	-1	-1	-1	0	1	1	1	0	0	0	0	1000	-1	-1	0	-1	-1	1	72	0,100000001	0,100000001	-1	-1	-1	-1	-1	-1	-1	-1	-1	-1	-1	-1	0	0	0	1	1	tirsry01	1	0	1	
irhst02	1	A3016F	111	Отполированный осколок Алтаря	301	300	111	11111	-1	-1	-1	0	1	1	1	0	0	0	0	1000	-1	-1	-1	-1	-1	0	-1	-1	-1	-1	-1	-1	-1	-1	-1	-1	-1	-1	-1	-1	-1	1	1	1	1	1	tirhst02	0	0	0	
irhst03	1	A30170	112	Сверкающий осколок Алтаря	301	300	112	11111	-1	-1	-1	0	1	1	1	0	0	0	0	1000	-1	-1	-1	-1	-1	0	-1	-1	-1	-1	-1	-1	-1	-1	-1	-1	-1	-1	-1	-1	-1	1	1	1	1	1	tirhst03	0	0	0	
irhst04	1	A30171	113	Прозрачный осколок Алтаря	301	300	113	11111	-1	-1	-1	0	1	1	1	0	0	0	0	1000	-1	-1	-1	-1	-1	0	-1	-1	-1	-1	-1	-1	-1	-1	-1	-1	-1	-1	-1	-1	-1	1	1	1	1	1	tirhst04	0	0	0	
irhst05	1	A30172	114	Говорящий осколок Алтаря	301	300	114	11111	-1	-1	-1	0	1	1	1	0	0	0	0	1000	-1	-1	-1	-1	-1	0	-1	-1	-1	-1	-1	-1	-1	-1	-1	-1	-1	-1	-1	-1	-1	1	1	1	1	1	tirhst05	0	0	0	
irhst06	1	A30173	115	Иллюзорный осколок Алтаря	301	300	115	11111	-1	-1	-1	0	1	1	1	0	0	0	0	1000	-1	-1	-1	-1	-1	0	-1	-1	-1	-1	-1	-1	-1	-1	-1	-1	-1	-1	-1	-1	-1	1	1	1	1	1	tirhst06	0	0	0	
irhst07	1	A30174	116	Немой осколок Алтаря	301	300	116	11111	-1	-1	-1	0	1	1	1	0	0	0	0	1000	-1	-1	-1	-1	-1	0	-1	-1	-1	-1	-1	-1	-1	-1	-1	-1	-1	-1	-1	-1	-1	1	1	1	1	1	tirhst07	0	0	0	
irhst08	1	A30175	117	Стальной осколок Алтаря	301	300	117	11111	-1	-1	-1	0	1	1	1	0	0	0	0	1000	-1	-1	-1	-1	-1	0	-1	-1	-1	-1	-1	-1	-1	-1	-1	-1	-1	-1	-1	-1	-1	1	1	1	1	1	tirhst08	0	0	0	
irhsm02	1	A30176	118	Отполированный Алтарь	301	300	118	11111	-1	-1	-1	0	1	1	1	0	0	0	0	1000	-1	-1	-1	-1	-1	0	-1	-1	-1	-1	-1	-1	-1	-1	-1	-1	-1	-1	-1	-1	-1	1	1	1	1	1	tirhsm02	0	0	0	
irhsm03	1	A30177	119	Сверкающий Алтарь	301	300	119	11111	-1	-1	-1	0	1	1	1	0	0	0	0	1000	-1	-1	-1	-1	-1	0	-1	-1	-1	-1	-1	-1	-1	-1	-1	-1	-1	-1	-1	-1	-1	1	1	1	1	1	tirhsm03	0	0	0	
irhsm04	1	A30178	120	Прозрачный Алтарь	301	300	120	11111	-1	-1	-1	0	1	1	1	0	0	0	0	1000	-1	-1	-1	-1	-1	0	-1	-1	-1	-1	-1	-1	-1	-1	-1	-1	-1	-1	-1	-1	-1	1	1	1	1	1	tirhsm04	0	0	0	
irhsm05	1	A30179	121	Говорящий Алтарь	301	300	121	11111	-1	-1	-1	0	1	1	1	0	0	0	0	1000	-1	-1	-1	-1	-1	0	-1	-1	-1	-1	-1	-1	-1	-1	-1	-1	-1	-1	-1	-1	-1	1	1	1	1	1	tirhsm05	0	0	0	
irhsm06	1	A3017A	122	Иллюзорный Алтарь	301	300	122	11111	-1	-1	-1	0	1	1	1	0	0	0	0	1000	-1	-1	-1	-1	-1	0	-1	-1	-1	-1	-1	-1	-1	-1	-1	-1	-1	-1	-1	-1	-1	1	1	1	1	1	tirhsm06	0	0	0	
irhsm07	1	A3017B	123	Немой Алтарь	301	300	123	11111	-1	-1	-1	0	1	1	1	0	0	0	0	1000	-1	-1	-1	-1	-1	0	-1	-1	-1	-1	-1	-1	-1	-1	-1	-1	-1	-1	-1	-1	-1	1	1	1	1	1	tirhsm07	0	0	0	
irhsm08	1	A3017C	124	Стальной Алтарь	301	300	124	11111	-1	-1	-1	0	1	1	1	0	0	0	0	1000	-1	-1	-1	-1	-1	0	-1	-1	-1	-1	-1	-1	-1	-1	-1	-1	-1	-1	-1	-1	-1	1	1	1	1	1	tirhsm08	0	0	0	
irwav01	1	A3017D	134	Священный Металл	301	300	134	11111	-1	-1	-1	0	1	1	1	0	0	0	0	1000	-1	-1	-1	-1	-1	0	-1	-1	-1	-1	-1	-1	-1	-1	-1	-1	-1	-1	-1	-1	-1	1	1	1	1	1	tirwav01	1	0	1	
ircsa24	1	A3017E	92	Медальон Торговли	301	300	92	11111	-1	-1	-1	0	140000	140000	140000	0	0	0	0	10	-1	-1	0	2	3670	1	10	0,02	0,100000001	-1	-1	-1	-1	-1	-1	-1	-1	-1	-1	-1	-1	0	0	0	1	1	tircsa24	0	0	1	
ircsa25	1	A3017F	93	Медальон Общения	301	300	93	11111	-1	-1	-1	0	140000	140000	140000	0	0	0	0	10	-1	-1	0	2	3671	1	11	0,02	0,100000001	-1	-1	-1	-1	-1	-1	-1	-1	-1	-1	-1	-1	0	0	0	1	1	tircsa25	0	0	1	
ircsa26	1	A30180	94	Медальон Прозрения	301	300	94	11111	-1	-1	-1	0	140000	140000	140000	0	0	0	0	10	-1	-1	0	2	3672	1	76	1	1	-1	-1	-1	-1	-1	-1	-1	-1	-1	-1	-1	-1	0	0	0	1	1	tircsa26	0	0	1	
ircsa27	1	A30181	95	Медальон Скорости	301	300	95	11111	-1	-1	-1	0	140000	140000	140000	0	0	0	0	10	-1	-1	0	2	3673	1	41	1	1	-1	-1	-1	-1	-1	-1	-1	-1	-1	-1	-1	-1	0	0	0	1	1	tircsa27	0	0	1	
ircsa28	1	A30182	96	Медальон Сделки	301	300	96	11111	-1	-1	-1	0	140000	140000	140000	0	0	0	0	10	-1	-1	0	2	3674	2	10	0,050000001	0,050000001	11	0,050000001	0,050000001	-1	-1	-1	-1	-1	-1	-1	-1	-1	0	0	0	1	1	tircsa28	0	0	1	
ircsa29	1	A30183	97	Медальон Успеха	301	300	97	11111	-1	-1	-1	0	140000	140000	140000	0	0	0	0	10	-1	-1	0	2	3675	1	52	1	3	-1	-1	-1	-1	-1	-1	-1	-1	-1	-1	-1	-1	0	0	0	1	1	tircsa29	0	0	1	
ircsa30	1	A30184	98	Медальон Лидера	301	300	98	11111	-1	-1	-1	0	140000	140000	140000	0	0	0	0	10	-1	-1	0	2	3676	1	53	1	5	-1	-1	-1	-1	-1	-1	-1	-1	-1	-1	-1	-1	0	0	0	1	1	tircsa30	0	0	1	
ircsa31	1	A30185	99	Медальон Невежества	301	300	99	11111	-1	-1	-1	0	140000	140000	140000	0	0	0	0	10	-1	-1	0	0	3677	1	79	1	5	-1	-1	-1	-1	-1	-1	-1	-1	-1	-1	-1	-1	0	0	0	1	1	tircsa31	0	0	1	
ircsa32	1	A30186	100	Медальон Покровительства	301	300	100	11111	-1	-1	-1	0	140000	140000	140000	0	0	0	0	10	-1	-1	0	1	3678	1	80	1	4	-1	-1	-1	-1	-1	-1	-1	-1	-1	-1	-1	-1	0	0	0	1	1	tircsa32	0	0	1	
ircsa33	1	A30187	101	Священный Медальон	301	300	101	11111	-1	-1	-1	0	140000	140000	140000	0	0	0	0	10	-1	-1	0	2	3679	1	77	0,300000012	0,300000012	-1	-1	-1	-1	-1	-1	-1	-1	-1	-1	-1	-1	0	0	0	1	1	tircsa33	0	0	1	
ircsa34	1	A30188	102	Медальон Регенерации	301	300	102	11111	-1	-1	-1	0	140000	140000	140000	0	0	0	0	10	-1	-1	0	2	3680	1	12	0,01	0,050000001	-1	-1	-1	-1	-1	-1	-1	-1	-1	-1	-1	-1	0	0	0	1	1	tircsa34	0	0	1	
ircsa35	1	830189	103	Медальон Согласия	301	300	103	00110	-1	-1	-1	0	140000	140000	140000	0	0	0	0	10	-1	-1	0	2	3681	1	33	0,100000001	0,5	-1	-1	-1	-1	-1	-1	-1	-1	-1	-1	-1	-1	0	0	0	1	1	tircsa35	0	0	1	
ircsa36	1	A3018A	104	Генератор Атаки	301	300	104	11111	-1	-1	-1	0	140000	140000	140000	0	0	0	0	10	-1	-1	0	0	3682	1	18	0,039999999	0,200000003	-1	-1	-1	-1	-1	-1	-1	-1	-1	-1	-1	-1	0	0	0	1	1	tircsa36	0	0	1	
ircsa37	1	A3018B	105	Генератор Защиты	301	300	105	11111	-1	-1	-1	0	140000	140000	140000	0	0	0	0	10	-1	-1	0	1	3683	1	24	0,039999999	0,200000003	-1	-1	-1	-1	-1	-1	-1	-1	-1	-1	-1	-1	0	0	0	1	1	tircsa37	0	0	1	
ircsa38	1	A3018C	106	Генератор Раздражения	301	300	106	11111	-1	-1	-1	0	140000	140000	140000	0	0	0	0	10	-1	-1	0	2	3684	1	54	0,039999999	0,200000003	-1	-1	-1	-1	-1	-1	-1	-1	-1	-1	-1	-1	0	0	0	1	1	tircsa38	0	0	1	
ircsa39	1	A3018D	107	Генератор Совершенства	301	300	107	11111	-1	-1	-1	0	140000	140000	140000	0	0	0	0	10	-1	-1	0	2	3685	2	48	7	21	78	10	30	-1	-1	-1	-1	-1	-1	-1	-1	-1	0	0	0	1	1	tircsa39	0	0	1	
ircsa40	1	73018E	108	Генератор MAU	301	300	108	11000	-1	-1	-1	0	140000	140000	140000	0	0	0	0	10	-1	-1	0	2	3686	2	29	0,100000001	0,5	-1	-1	-1	-1	-1	-1	-1	-1	-1	-1	-1	-1	0	0	0	1	1	tircsa40	0	0	1	
ircsa41	1	A3018F	109	Генератор Агрессии	301	300	109	11111	-1	-1	-1	0	140000	140000	140000	0	0	0	0	10	-1	-1	0	2	3687	1	28	5	5	-1	-1	-1	-1	-1	-1	-1	-1	-1	-1	-1	-1	0	0	0	1	1	tircsa41	0	0	1	
ircsa42	1	A30190	110	Генератор Спокойствия	301	300	110	11111	-1	-1	-1	0	140000	140000	140000	0	0	0	0	10	-1	-1	0	2	3688	1	28	-5	-5	-1	-1	-1	-1	-1	-1	-1	-1	-1	-1	-1	-1	0	0	0	1	1	tircsa42	0	0	1	
irstl01	1	A30191	134	1% утомления во время захвата	301	300	134	11111	-1	-1	-1	0	1	1	1	0	0	0	0	0	-1	-1	0	3	3669	1	81	0,100000001	0,5	-1	-1	-1	-1	-1	-1	-1	-1	-1	-1	-1	-1	0	0	0	1	1	tirstl01	0	0	1	
irstl02	0	A30192	134	3% утомления во время захвата	301	300	134	11111	-1	-1	-1	0	1	1	1	0	0	0	0	0	-1	-1	0	3	3669	1	-1	-1	-1	-1	-1	-1	-1	-1	-1	-1	-1	-1	-1	-1	-1	0	0	0	1	1	tirstl02	0	0	1	
irstl03	0	A30193	134	5% утомления во время захвата	301	300	134	11111	-1	-1	-1	0	1	1	1	0	0	0	0	0	-1	-1	0	3	3669	1	-1	-1	-1	-1	-1	-1	-1	-1	-1	-1	-1	-1	-1	-1	-1	0	0	0	1	1	tirstl03	0	0	1	
irstl04	0	A30194	134	7% утомления во время захвата	301	300	134	11111	-1	-1	-1	0	1	1	1	0	0	0	0	0	-1	-1	0	3	3669	1	-1	-1	-1	-1	-1	-1	-1	-1	-1	-1	-1	-1	-1	-1	-1	0	0	0	1	1	tirstl04	0	0	1	
irstl05	0	A30195	134	9% утомления во время захвата	301	300	134	11111	-1	-1	-1	0	1	1	1	0	0	0	0	0	-1	-1	0	3	3669	1	-1	-1	-1	-1	-1	-1	-1	-1	-1	-1	-1	-1	-1	-1	-1	0	0	0	1	1	tirstl05	0	0	1	
irchm01	1	A30196	92	Медальон Торговли 	301	300	92	11111	-1	-1	-1	0	1	1	1	0	0	0	0	0	-1	-1	0	2	3670	1	10	0,005	0,025	-1	-1	-1	-1	-1	-1	-1	-1	-1	-1	-1	-1	0	0	0	1	1	tirchm01	0	0	1	
irchm02	1	A30197	93	Медальон Общения 	301	300	93	11111	-1	-1	-1	0	1	1	1	0	0	0	0	0	-1	-1	0	2	3671	1	11	0,005	0,025	-1	-1	-1	-1	-1	-1	-1	-1	-1	-1	-1	-1	0	0	0	1	1	tirchm02	0	0	1	
irchm03	1	A30198	94	Медальон Прозрения 	301	300	94	11111	-1	-1	-1	0	1	1	1	0	0	0	0	0	-1	-1	0	2	3672	1	76	1	1	-1	-1	-1	-1	-1	-1	-1	-1	-1	-1	-1	-1	0	0	0	1	1	tirchm03	0	0	1	
irchm04	1	A30199	95	Медальон Скорости 	301	300	95	11111	-1	-1	-1	0	1	1	1	0	0	0	0	0	-1	-1	0	2	3673	1	41	1	1	-1	-1	-1	-1	-1	-1	-1	-1	-1	-1	-1	-1	0	0	0	1	1	tirchm04	0	0	1	
irchm05	1	A3019A	97	Медальон Успеха 	301	300	97	11111	-1	-1	-1	0	1	1	1	0	0	0	0	0	-1	-1	0	2	3675	1	52	1	3	-1	-1	-1	-1	-1	-1	-1	-1	-1	-1	-1	-1	0	0	0	1	1	tirchm05	0	0	1	
irchm06	1	A3019B	98	Медальон Лидера 	301	300	98	11111	-1	-1	-1	0	1	1	1	0	0	0	0	0	-1	-1	0	2	3676	1	53	1	5	-1	-1	-1	-1	-1	-1	-1	-1	-1	-1	-1	-1	0	0	0	1	1	tirchm06	0	0	1	
irchm07	1	A3019C	102	Медальон Регенерации 	301	300	102	11111	-1	-1	-1	0	1	1	1	0	0	0	0	0	-1	-1	0	2	3680	1	12	0,003	0,015	-1	-1	-1	-1	-1	-1	-1	-1	-1	-1	-1	-1	0	0	0	1	1	tirchm07	0	0	1	
irchm08	1	A3019D	104	Генератор Атаки 	301	300	104	11111	-1	-1	-1	0	1	1	1	0	0	0	0	0	-1	-1	0	0	3682	1	18	0,02	0,100000001	-1	-1	-1	-1	-1	-1	-1	-1	-1	-1	-1	-1	0	0	0	1	1	tirchm08	0	0	1	
irchm09	1	A3019E	105	Генератор Защиты 	301	300	105	11111	-1	-1	-1	0	1	1	1	0	0	0	0	0	-1	-1	0	1	3683	1	24	0,02	0,100000001	-1	-1	-1	-1	-1	-1	-1	-1	-1	-1	-1	-1	0	0	0	1	1	tirchm09	0	0	1	
irchm10	1	A3019F	106	Генератор Раздражения 	301	300	106	11111	-1	-1	-1	0	1	1	1	0	0	0	0	0	-1	-1	0	2	3684	1	54	0,01	0,050000001	-1	-1	-1	-1	-1	-1	-1	-1	-1	-1	-1	-1	0	0	0	1	1	tirchm10	0	0	1	
irchm11	1	A301A0	109	Генератор Агрессии 	301	300	109	11111	-1	-1	-1	0	1	1	1	0	0	0	0	0	-1	-1	0	2	3687	1	28	1	5	-1	-1	-1	-1	-1	-1	-1	-1	-1	-1	-1	-1	0	0	0	1	1	tirchm11	0	0	1	
irchm12	1	A301A1	92	Медальон Торговли 	301	300	92	11111	-1	-1	-1	0	1	1	1	0	0	0	0	0	-1	-1	0	2	3670	1	10	0,01	0,050000001	-1	-1	-1	-1	-1	-1	-1	-1	-1	-1	-1	-1	0	0	0	1	1	tirchm12	0	0	1	
irchm13	1	A301A2	93	Медальон Общения 	301	300	93	11111	-1	-1	-1	0	1	1	1	0	0	0	0	0	-1	-1	0	2	3671	1	11	0,01	0,050000001	-1	-1	-1	-1	-1	-1	-1	-1	-1	-1	-1	-1	0	0	0	1	1	tirchm13	0	0	1	
irchm14	1	A301A3	94	Медальон Прозрения 	301	300	94	11111	-1	-1	-1	0	1	1	1	0	0	0	0	0	-1	-1	0	2	3672	1	76	1	1	-1	-1	-1	-1	-1	-1	-1	-1	-1	-1	-1	-1	0	0	0	1	1	tirchm14	0	0	1	
irchm15	1	A301A4	95	Медальон Скорости 	301	300	95	11111	-1	-1	-1	0	1	1	1	0	0	0	0	0	-1	-1	0	2	3673	1	41	1	1	-1	-1	-1	-1	-1	-1	-1	-1	-1	-1	-1	-1	0	0	0	1	1	tirchm15	0	0	1	
irchm16	1	A301A5	97	Медальон Успеха 	301	300	97	11111	-1	-1	-1	0	1	1	1	0	0	0	0	0	-1	-1	0	2	3675	1	52	1	3	-1	-1	-1	-1	-1	-1	-1	-1	-1	-1	-1	-1	0	0	0	1	1	tirchm16	0	0	1	
irchm17	1	A301A6	98	Медальон Лидера 	301	300	98	11111	-1	-1	-1	0	1	1	1	0	0	0	0	0	-1	-1	0	2	3676	1	53	1	5	-1	-1	-1	-1	-1	-1	-1	-1	-1	-1	-1	-1	0	0	0	1	1	tirchm17	0	0	1	
irchm18	1	A301A7	102	Медальон Регенерации 	301	300	102	11111	-1	-1	-1	0	1	1	1	0	0	0	0	0	-1	-1	0	2	3680	1	12	0,007	0,021	-1	-1	-1	-1	-1	-1	-1	-1	-1	-1	-1	-1	0	0	0	1	1	tirchm18	0	0	1	
irchm19	1	A301A8	104	Генератор Атаки 	301	300	104	11111	-1	-1	-1	0	1	1	1	0	0	0	0	0	-1	-1	0	0	3682	1	18	0,029999999	0,150000006	-1	-1	-1	-1	-1	-1	-1	-1	-1	-1	-1	-1	0	0	0	1	1	tirchm19	0	0	1	
irchm20	1	A301A9	105	Генератор Защиты 	301	300	105	11111	-1	-1	-1	0	1	1	1	0	0	0	0	0	-1	-1	0	1	3683	1	24	0,029999999	0,150000006	-1	-1	-1	-1	-1	-1	-1	-1	-1	-1	-1	-1	0	0	0	1	1	tirchm20	0	0	1	
irchm21	1	A301AA	106	Генератор Раздражения 	301	300	106	11111	-1	-1	-1	0	1	1	1	0	0	0	0	0	-1	-1	0	2	3684	1	54	0,02	0,100000001	-1	-1	-1	-1	-1	-1	-1	-1	-1	-1	-1	-1	0	0	0	1	1	tirchm21	0	0	1	
irchm22	1	A301AB	109	Генератор Агрессии 	301	300	109	11111	-1	-1	-1	0	1	1	1	0	0	0	0	0	-1	-1	0	2	3687	1	28	1	5	-1	-1	-1	-1	-1	-1	-1	-1	-1	-1	-1	-1	0	0	0	1	1	tirchm22	0	0	1	
irchm23	1	A301AC	92	Медальон Торговли 	301	300	92	11111	-1	-1	-1	0	1	1	1	0	0	0	0	0	-1	-1	0	2	3670	1	10	0,02	0,100000001	-1	-1	-1	-1	-1	-1	-1	-1	-1	-1	-1	-1	0	0	0	1	1	tirchm23	0	0	1	
irchm24	1	A301AD	93	Медальон Общения 	301	300	93	11111	-1	-1	-1	0	1	1	1	0	0	0	0	0	-1	-1	0	2	3671	1	11	0,02	0,100000001	-1	-1	-1	-1	-1	-1	-1	-1	-1	-1	-1	-1	0	0	0	1	1	tirchm24	0	0	1	
irchm25	1	A301AE	94	Медальон Прозрения 	301	300	94	11111	-1	-1	-1	0	1	1	1	0	0	0	0	0	-1	-1	0	2	3672	1	76	1	1	-1	-1	-1	-1	-1	-1	-1	-1	-1	-1	-1	-1	0	0	0	1	1	tirchm25	0	0	1	
irchm26	1	A301AF	95	Медальон Скорости 	301	300	95	11111	-1	-1	-1	0	1	1	1	0	0	0	0	0	-1	-1	0	2	3673	1	41	1	1	-1	-1	-1	-1	-1	-1	-1	-1	-1	-1	-1	-1	0	0	0	1	1	tirchm26	0	0	1	
irchm27	1	A301B0	97	Медальон Успеха 	301	300	97	11111	-1	-1	-1	0	1	1	1	0	0	0	0	0	-1	-1	0	2	3675	1	52	1	3	-1	-1	-1	-1	-1	-1	-1	-1	-1	-1	-1	-1	0	0	0	1	1	tirchm27	0	0	1	
irchm28	1	A301B1	98	Медальон Лидера 	301	300	98	11111	-1	-1	-1	0	1	1	1	0	0	0	0	0	-1	-1	0	2	3676	1	53	1	5	-1	-1	-1	-1	-1	-1	-1	-1	-1	-1	-1	-1	0	0	0	1	1	tirchm28	0	0	1	
irchm29	1	A301B2	102	Медальон Регенерации 	301	300	102	11111	-1	-1	-1	0	1	1	1	0	0	0	0	0	-1	-1	0	2	3680	1	12	0,01	0,050000001	-1	-1	-1	-1	-1	-1	-1	-1	-1	-1	-1	-1	0	0	0	1	1	tirchm29	0	0	1	
irchm30	1	A301B3	104	Генератор Атаки 	301	300	104	11111	-1	-1	-1	0	1	1	1	0	0	0	0	0	-1	-1	0	0	3682	1	18	0,039999999	0,200000003	-1	-1	-1	-1	-1	-1	-1	-1	-1	-1	-1	-1	0	0	0	1	1	tirchm30	0	0	1	
irchm31	1	A301B4	105	Генератор Защиты 	301	300	105	11111	-1	-1	-1	0	1	1	1	0	0	0	0	0	-1	-1	0	1	3683	1	24	0,039999999	0,200000003	-1	-1	-1	-1	-1	-1	-1	-1	-1	-1	-1	-1	0	0	0	1	1	tirchm31	0	0	1	
irchm32	1	A301B5	106	Генератор Раздражения 	301	300	106	11111	-1	-1	-1	0	1	1	1	0	0	0	0	0	-1	-1	0	2	3684	1	54	0,039999999	0,200000003	-1	-1	-1	-1	-1	-1	-1	-1	-1	-1	-1	-1	0	0	0	1	1	tirchm32	0	0	1	
irchm33	1	A301B6	109	Генератор Агрессии 	301	300	109	11111	-1	-1	-1	0	1	1	1	0	0	0	0	0	-1	-1	0	2	3687	1	28	1	5	-1	-1	-1	-1	-1	-1	-1	-1	-1	-1	-1	-1	0	0	0	1	1	tirchm33	0	0	1	
irqsa01	1	A301B7	125	Печать Картеллы	301	300	125	11111	-1	-1	-1	1	1	1	1	0	0	0	0	-1	-1	-1	0	2	-1	1	2	0,150000006	0,150000006	-1	-1	-1	-1	-1	-1	-1	-1	-1	-1	-1	-1	1	0	0	0	1	tirqsa01	0	0	1	
irqsa03	1	A301B8	128	Пропуск в Лабораторию Картеллы	301	300	128	11111	-1	-1	-1	1	1	1	1	0	0	0	0	-1	-1	-1	0	2	-1	1	2	0,5	0,5	-1	-1	-1	-1	-1	-1	-1	-1	-1	-1	-1	-1	0	0	0	0	1	tirqsa03	0	0	1	
irqsa04	1	A301B9	129	Блокнот Путешественника	301	300	129	11111	-1	-1	-1	0	1	1	1	0	0	0	0	1	-1	-1	0	2	-1	1	-1	-1	-1	-1	-1	-1	-1	-1	-1	-1	-1	-1	-1	-1	-1	1	1	1	1	1	tirqsa04	0	0	0	
irqsa05	1	A301BA	128	Орден Военной Доблести	301	300	128	11111	-1	-1	-1	1	1	1	1	0	0	0	0	-1	-1	-1	0	2	-1	1	2	0,050000001	0,050000001	8	0,050000001	0,050000001	-1	-1	-1	-1	-1	-1	-1	-1	-1	1	0	0	0	1	tirqsa05	0	0	1	
irqsa07	1	A301BB	130	Изумрод Урона	301	300	130	11111	-1	-1	-1	1	1	1	1	0	0	0	0	-1	-1	-1	0	3	-1	1	15	-0,300000012	-0,300000012	16	-0,300000012	-0,300000012	17	-0,300000012	-0,300000012	18	-0,300000012	-0,300000012	24	-0,300000012	-0,300000012	0	0	0	0	1	tirqsa07	0	0	0	
irqsa08	1	A301BC	131	Изумруд Здоровья	301	300	131	11111	-1	-1	-1	1	1	1	1	0	0	0	0	-1	-1	-1	0	3	-1	1	18	0,200000003	0,200000003	24	0,200000003	0,200000003	-1	-1	-1	-1	-1	-1	-1	-1	-1	0	0	0	0	1	tirqsa08	0	0	1	
irqsa09	1	A301BB	130	Изумруд 100% опыта	301	300	130	11111	-1	-1	-1	1	1	1	1	0	0	0	0	-1	-1	-1	0	3	-1	1	2	1	1	-1	-1	-1	-1	-1	-1	-1	-1	-1	-1	-1	-1	0	0	0	0	1	tirqsa09	0	0	1	
irqsa10	1	A301BC	131	Изумруд 100% шанса выпадения предметов	301	300	131	11111	-1	-1	-1	1	1	1	1	0	0	0	0	-1	-1	-1	0	3	-1	1	74	1	1	-1	-1	-1	-1	-1	-1	-1	-1	-1	-1	-1	-1	0	0	0	0	1	tirqsa10	0	0	1	
ircpc01	1	A3018F	136	Премиум Генератор Агрессии	301	300	136	11111	-1	-1	-1	0	1	1	1	0	0	0	0	0	-1	-1	0	2	3687	1	28	5	5	-1	-1	-1	-1	-1	-1	-1	-1	-1	-1	-1	-1	1	0	0	0	1	tircpc01	0	0	0	
ircpc02	1	A30190	137	Премиум Генератор Спокойствия	301	300	137	11111	-1	-1	-1	0	1	1	1	0	0	0	0	0	-1	-1	0	2	3688	1	28	-5	-5	-1	-1	-1	-1	-1	-1	-1	-1	-1	-1	-1	-1	1	0	0	0	1	tircpc02	0	0	0	
ircpc03	1	A3015F	86	Премиум Карта	301	300	86	11111	-1	-1	-1	0	5	5	5	0	0	0	0	1	-1	-1	0	-1	-1	2	5	0,699999988	0,699999988	6	0,699999988	0,699999988	-1	-1	-1	-1	-1	-1	-1	-1	-1	0	0	0	0	1	tircpc03	1	0	0	
irchm34	1	A30133	138	Семечко_[2_часа	301	300	138	11111	-1	-1	-1	0	5	5	5	0	0	0	0	1	-1	-1	0	-1	-1	1	82	1	1	-1	-1	-1	-1	-1	-1	-1	-1	-1	-1	-1	-1	0	0	0	0	1	tirchm34	1	0	1	
irchm35	1	A30133	138	Семечко_[4_часа	301	300	138	11111	-1	-1	-1	0	5	5	5	0	0	0	0	1	-1	-1	0	-1	-1	1	82	1	1	-1	-1	-1	-1	-1	-1	-1	-1	-1	-1	-1	-1	0	0	0	0	1	tirchm35	1	0	1	
irchm36	1	A30133	138	Семечко_[6_часов	301	300	138	11111	-1	-1	-1	0	5	5	5	0	0	0	0	1	-1	-1	0	-1	-1	1	82	1	1	-1	-1	-1	-1	-1	-1	-1	-1	-1	-1	-1	-1	0	0	0	0	1	tirchm36	1	0	1	
irchm37	1	A30133	138	Семечко_[12_часов	301	300	138	11111	-1	-1	-1	0	5	5	5	0	0	0	0	1	-1	-1	0	-1	-1	1	82	1	1	-1	-1	-1	-1	-1	-1	-1	-1	-1	-1	-1	-1	0	0	0	0	1	tirchm37	1	0	1	
irchm38	1	A301A3	94	Медальон Прозрения Почета	301	300	94	11111	-1	-1	-1	0	1	1	1	0	0	0	0	0	-1	-1	0	2	3672	1	76	1	1	-1	-1	-1	-1	-1	-1	-1	-1	-1	-1	-1	-1	0	0	0	1	1	tirchm38	0	0	1	
irchm39	1	A301A4	95	Медальон Скорости Почета	301	300	95	11111	-1	-1	-1	0	1	1	1	0	0	0	0	0	-1	-1	0	2	3673	1	41	1	1	-1	-1	-1	-1	-1	-1	-1	-1	-1	-1	-1	-1	0	0	0	1	1	tirchm39	0	0	1	
irchm40	1	A301A6	98	Медальон Лидера Почета	301	300	98	11111	-1	-1	-1	0	1	1	1	0	0	0	0	0	-1	-1	0	2	3676	1	53	1	5	-1	-1	-1	-1	-1	-1	-1	-1	-1	-1	-1	-1	0	0	0	1	1	tirchm40	0	0	1	
irchm41	1	A301A7	102	Медальон Регенерации Почета	301	300	102	11111	-1	-1	-1	0	1	1	1	0	0	0	0	0	-1	-1	0	2	3680	1	12	0,007	0,021	-1	-1	-1	-1	-1	-1	-1	-1	-1	-1	-1	-1	0	0	0	1	1	tirchm41	0	0	1	
irchm42	1	A301A8	104	Генератор атаки Почета	301	300	104	11111	-1	-1	-1	0	1	1	1	0	0	0	0	0	-1	-1	0	0	3682	1	18	0,029999999	0,150000006	-1	-1	-1	-1	-1	-1	-1	-1	-1	-1	-1	-1	0	0	0	1	1	tirchm42	0	0	1	
irchm43	1	A301A9	105	Генератор Защиты Почета	301	300	105	11111	-1	-1	-1	0	1	1	1	0	0	0	0	0	-1	-1	0	1	3683	1	24	0,029999999	0,150000006	-1	-1	-1	-1	-1	-1	-1	-1	-1	-1	-1	-1	0	0	0	1	1	tirchm43	0	0	1	
irchm44	1	A3018F	109	Генератор Агрессии Почета	301	300	109	11111	-1	-1	-1	0	1	1	1	0	0	0	0	0	-1	-1	0	2	3687	1	28	1	1	-1	-1	-1	-1	-1	-1	-1	-1	-1	-1	-1	-1	0	0	0	1	1	tirchm44	0	0	1	
irchm45	1	A30190	110	Генератор Спокойствия Почета	301	300	110	11111	-1	-1	-1	0	1	1	1	0	0	0	0	0	-1	-1	0	2	3688	1	28	-1	-1	-1	-1	-1	-1	-1	-1	-1	-1	-1	-1	-1	-1	0	0	0	1	1	tirchm45	0	0	1	
irmap04	1	A30156	139	Часть Гривы	301	300	139	11111	-1	-1	-1	0	150000	150000	150000	0	0	0	0	100	-1	-1	-1	-1	-1	0	-1	-1	-1	-1	-1	-1	-1	-1	-1	-1	-1	-1	-1	-1	-1	1	0	0	1	1	tirmap04	0	0	1	
irmap05	1	A30156	140	Часть Жара	301	300	140	11111	-1	-1	-1	0	150000	150000	150000	0	0	0	0	100	-1	-1	-1	-1	-1	0	-1	-1	-1	-1	-1	-1	-1	-1	-1	-1	-1	-1	-1	-1	-1	1	0	0	1	1	tirmap05	0	0	1	
irmap06	1	A30156	141	Часть Песка	301	300	141	11111	-1	-1	-1	0	100000	100000	100000	0	0	0	0	100	-1	-1	-1	-1	-1	0	-1	-1	-1	-1	-1	-1	-1	-1	-1	-1	-1	-1	-1	-1	-1	1	0	0	1	1	tirmap06	0	0	1	
irmap07	1	A30156	142	Часть Хаоса	301	300	142	11111	-1	-1	-1	0	150000	150000	150000	0	0	0	0	100	-1	-1	-1	-1	-1	0	-1	-1	-1	-1	-1	-1	-1	-1	-1	-1	-1	-1	-1	-1	-1	1	0	0	1	1	tirmap07	0	0	1	
irmap08	1	A30156	143	Часть Дыма	301	300	143	11111	-1	-1	-1	0	150000	150000	150000	0	0	0	0	100	-1	-1	-1	-1	-1	0	-1	-1	-1	-1	-1	-1	-1	-1	-1	-1	-1	-1	-1	-1	-1	1	0	0	1	1	tirmap08	0	0	1	
irmap09	1	A30156	144	Часть Тайны	301	300	144	11111	-1	-1	-1	0	150000	150000	150000	0	0	0	0	100	-1	-1	-1	-1	-1	0	-1	-1	-1	-1	-1	-1	-1	-1	-1	-1	-1	-1	-1	-1	-1	1	0	0	1	1	tirmap09	0	0	1	
irmap10	1	A30156	145	Часть Мести	301	300	145	11111	-1	-1	-1	0	100000	100000	100000	0	0	0	0	100	-1	-1	-1	-1	-1	0	-1	-1	-1	-1	-1	-1	-1	-1	-1	-1	-1	-1	-1	-1	-1	1	0	0	1	1	tirmap10	0	0	1	
irmap11	1	A30156	146	Часть Куклы	301	300	146	11111	-1	-1	-1	0	100000	100000	100000	0	0	0	0	100	-1	-1	-1	-1	-1	0	-1	-1	-1	-1	-1	-1	-1	-1	-1	-1	-1	-1	-1	-1	-1	1	0	0	1	1	tirmap11	0	0	1	
irmap12	1	A30156	147	Часть Ночного Кошмара	301	300	147	11111	-1	-1	-1	0	100000	100000	100000	0	0	0	0	100	-1	-1	-1	-1	-1	0	-1	-1	-1	-1	-1	-1	-1	-1	-1	-1	-1	-1	-1	-1	-1	1	0	0	1	1	tirmap12	0	0	1	
irmap13	1	A30156	148	Часть Иллюзии	301	300	148	11111	-1	-1	-1	0	150000	150000	150000	0	0	0	0	100	-1	-1	-1	-1	-1	0	-1	-1	-1	-1	-1	-1	-1	-1	-1	-1	-1	-1	-1	-1	-1	1	0	0	1	1	tirmap13	0	0	1	
irmap14	1	A301D8	132	Кристальный Артифакт	301	300	132	11111	-1	-1	-1	0	150000	150000	150000	0	0	0	0	100	-1	-1	-1	-1	-1	0	-1	-1	-1	-1	-1	-1	-1	-1	-1	-1	-1	-1	-1	-1	-1	1	0	0	1	1	tirmap14	0	0	1	
irres02	1	A301D9	75	Часть Красного Камня	301	300	75	11111	-1	-1	-1	0	3	3	3	0	0	0	0	3	-1	-1	-1	-1	-1	0	-1	-1	-1	-1	-1	-1	-1	-1	-1	-1	-1	-1	-1	-1	-1	1	1	1	1	1	tirres02	0	0	0	
irchm46	1	A30180	94	Медальон Прозрения	301	300	94	11111	-1	-1	-1	3	3000	3000	3000	3000	0	0	0	3	-1	-1	0	2	3672	1	76	1	1	-1	-1	-1	-1	-1	-1	-1	-1	-1	-1	-1	-1	0	0	0	1	1	tirchm46	0	0	1	
irchm47	1	A30181	95	Очарование Спринта	301	300	95	11111	-1	-1	-1	3	3000	3000	3000	3000	0	0	0	3	-1	-1	0	2	3673	1	41	1	1	-1	-1	-1	-1	-1	-1	-1	-1	-1	-1	-1	-1	0	0	0	1	1	tirchm47	0	0	1	
irchm48	1	A30184	98	Медальон Лидера	301	300	98	11111	-1	-1	-1	3	3000	3000	3000	3000	0	0	0	3	-1	-1	0	2	3676	1	53	1	5	-1	-1	-1	-1	-1	-1	-1	-1	-1	-1	-1	-1	0	0	0	1	1	tirchm48	0	0	1	
irchm49	1	A30187	101	Священный Медальон	301	300	101	11111	-1	-1	-1	3	3000	3000	3000	3000	0	0	0	3	-1	-1	0	2	3679	1	77	0,300000012	0,300000012	-1	-1	-1	-1	-1	-1	-1	-1	-1	-1	-1	-1	0	0	0	1	1	tirchm49	0	0	1	
irchm50	1	A30188	102	Медальон Регенерации	301	300	102	11111	-1	-1	-1	3	3000	3000	3000	3000	0	0	0	3	-1	-1	0	2	3680	1	12	0,01	0,050000001	-1	-1	-1	-1	-1	-1	-1	-1	-1	-1	-1	-1	0	0	0	1	1	tirchm50	0	0	1	
irchm51	1	A3018A	104	Генератор Атаки	301	300	104	11111	-1	-1	-1	3	3000	3000	3000	3000	0	0	0	3	-1	-1	0	0	3682	1	18	0,039999999	0,200000003	-1	-1	-1	-1	-1	-1	-1	-1	-1	-1	-1	-1	0	0	0	1	1	tirchm51	0	0	1	
irchm52	1	A3018B	105	Генератор Защиты	301	300	105	11111	-1	-1	-1	3	3000	3000	3000	3000	0	0	0	3	-1	-1	0	1	3683	1	24	0,039999999	0,200000003	-1	-1	-1	-1	-1	-1	-1	-1	-1	-1	-1	-1	0	0	0	1	1	tirchm52	0	0	1	
irchm53	1	A3018D	107	Генератор Совершенства	301	300	107	11111	-1	-1	-1	3	3000	3000	3000	3000	0	0	0	3	-1	-1	0	2	3685	2	48	7	21	78	10	30	-1	-1	-1	-1	-1	-1	-1	-1	-1	0	0	0	1	1	tirchm53	0	0	1	
irchm54	1	73018E	108	Генератор MAU	301	300	108	11000	-1	-1	-1	3	3000	3000	3000	3000	0	0	0	3	-1	-1	0	2	3686	2	29	0,100000001	0,5	-1	-1	-1	-1	-1	-1	-1	-1	-1	-1	-1	-1	0	0	0	1	1	tirchm54	0	0	1	
irchm55	1	A3018F	109	Генератор Агрессии	301	300	109	11111	-1	-1	-1	3	3000	3000	3000	3000	0	0	0	3	-1	-1	0	2	3687	1	28	5	5	-1	-1	-1	-1	-1	-1	-1	-1	-1	-1	-1	-1	0	0	0	1	1	tirchm55	0	0	1	
irchm56	1	A30190	110	Генератор Спокойствия	301	300	110	11111	-1	-1	-1	3	3000	3000	3000	3000	0	0	0	3	-1	-1	0	2	3688	1	28	-5	-5	-1	-1	-1	-1	-1	-1	-1	-1	-1	-1	-1	-1	0	0	0	1	1	tirchm56	0	0	1	
irchm57	1	830189	103	Медальон Согласия	301	300	103	00110	-1	-1	-1	3	3000	3000	3000	3000	0	0	0	3	-1	-1	0	2	3681	1	33	0,100000001	0,5	-1	-1	-1	-1	-1	-1	-1	-1	-1	-1	-1	-1	0	0	0	1	1	tirchm57	0	0	1	
ircry03	1	A301FF	89	Коробочка Талик	301	300	89	11111	-1	-1	-1	0	1	1	1	0	0	0	0	0	-1	-1	0	-1	-1	1	-1	-1	-1	-1	-1	-1	-1	-1	-1	-1	-1	-1	-1	-1	-1	1	1	1	0	1	tircry03	0	0	0	
ircme55	1	A3018F	108	Благословление MAU	301	300	108	11111	-1	-1	-1	3	3000	3000	3000	0	0	0	0	3	-1	-1	0	2	3686	2	29	4	4	-1	-1	-1	-1	-1	-1	-1	-1	-1	-1	-1	-1	0	0	0	0	1	tircme55	0	0	1	
irpre02	1	A3015F	167	Премиум-карточка 1	301	300	167	11111	-1	-1	-1	0	5	5	5	0	0	0	0	1	-1	-1	0	-1	-1	4	5	1,5	1,5	6	1,5	1,5	18	0,050000001	0,050000001	24	0,050000001	0,050000001	-1	-1	-1	0	0	0	0	1	tirpre02	1	0	0	
irpre03	1	A3015F	167	Премиум-карточка 2	301	300	167	11111	-1	-1	-1	0	5	5	5	0	0	0	0	1	-1	-1	0	-1	-1	4	5	2	2	6	2	2	18	0,050000001	0,050000001	24	0,050000001	0,050000001	-1	-1	-1	0	0	0	0	1	tirpre03	1	0	0	
irpre04	1	A3015F	167	Премиум-карточка 3	301	300	167	11111	-1	-1	-1	0	5	5	5	0	0	0	0	1	-1	-1	0	-1	-1	4	5	2,5	2,5	6	2,5	2,5	18	0,050000001	0,050000001	24	0,050000001	0,050000001	-1	-1	-1	0	0	0	0	1	tirpre04	1	0	0	
irpre05	1	A3015F	167	Премиум-карточка 4	301	300	167	11111	-1	-1	-1	0	5	5	5	0	0	0	0	1	-1	-1	0	-1	-1	4	5	3	3	6	3	3	18	0,050000001	0,050000001	24	0,050000001	0,050000001	-1	-1	-1	0	0	0	0	1	tirpre05	1	0	0	
irpre06	1	A3015F	167	Премиум-карточка 5	301	300	167	11111	-1	-1	-1	0	5	5	5	0	0	0	0	1	-1	-1	0	-1	-1	4	5	3,5	3,5	6	3,5	3,5	18	0,050000001	0,050000001	24	0,050000001	0,050000001	-1	-1	-1	0	0	0	0	1	tirpre06	1	0	0	
irpre07	1	A3015F	167	Премиум-карточка 6	301	300	167	11111	-1	-1	-1	0	5	5	5	0	0	0	0	1	-1	-1	0	-1	-1	4	5	4	4	6	4	4	18	0,050000001	0,050000001	24	0,050000001	0,050000001	-1	-1	-1	0	0	0	0	1	tirpre07	1	0	0	
irpre08	1	A3015F	167	Премиум-карточка 7	301	300	167	11111	-1	-1	-1	0	5	5	5	0	0	0	0	1	-1	-1	0	-1	-1	4	5	4,5	4,5	6	4,5	4,5	18	0,050000001	0,050000001	24	0,050000001	0,050000001	-1	-1	-1	0	0	0	0	1	tirpre08	1	0	0	
irpre09	1	A3015F	167	Премиум-карточка 8	301	300	167	11111	-1	-1	-1	0	5	5	5	0	0	0	0	1	-1	-1	0	-1	-1	4	5	5	5	6	5	5	18	0,050000001	0,050000001	24	0,050000001	0,050000001	-1	-1	-1	0	0	0	0	1	tirpre09	1	0	0	
irpre10	1	A3015F	167	Премиум-карточка 9	301	300	167	11111	-1	-1	-1	0	5	5	5	0	0	0	0	1	-1	-1	0	-1	-1	4	5	5,5	5,5	6	5,5	5,5	18	0,050000001	0,050000001	24	0,050000001	0,050000001	-1	-1	-1	0	0	0	0	1	tirpre10	1	0	0	
irpre11	1	A3015F	167	Премиум-карточка 10	301	300	167	11111	-1	-1	-1	0	5	5	5	0	0	0	0	1	-1	-1	0	-1	-1	4	5	6	6	6	6	6	18	0,050000001	0,050000001	24	0,050000001	0,050000001	-1	-1	-1	0	0	0	0	1	tirpre11	1	0	0	
irpre12	1	A3015F	167	Премиум-карточка 11	301	300	167	11111	-1	-1	-1	0	5	5	5	0	0	0	0	1	-1	-1	0	-1	-1	4	5	6,5	6,5	6	6,5	6,5	18	0,050000001	0,050000001	24	0,050000001	0,050000001	-1	-1	-1	0	0	0	0	1	tirpre12	1	0	0	
irpre13	1	A3015F	167	Премиум-карточка 12	301	300	167	11111	-1	-1	-1	0	5	5	5	0	0	0	0	1	-1	-1	0	-1	-1	4	5	7	7	6	7	7	18	0,050000001	0,050000001	24	0,050000001	0,050000001	-1	-1	-1	0	0	0	0	1	tirpre13	1	0	0	
irpre14	1	A3015F	167	Премиум-карточка 13	301	300	167	11111	-1	-1	-1	0	5	5	5	0	0	0	0	1	-1	-1	0	-1	-1	4	5	7,5	7,5	6	7,5	7,5	18	0,050000001	0,050000001	24	0,050000001	0,050000001	-1	-1	-1	0	0	0	0	1	tirpre14	1	0	0	
irpre15	1	A3015F	167	Премиум-карточка 14	301	300	167	11111	-1	-1	-1	0	5	5	5	0	0	0	0	1	-1	-1	0	-1	-1	4	5	8	8	6	8	8	18	0,050000001	0,050000001	24	0,050000001	0,050000001	-1	-1	-1	0	0	0	0	1	tirpre15	1	0	0	
irpre16	1	A3015F	167	Премиум-карточка 15	301	300	167	11111	-1	-1	-1	0	5	5	5	0	0	0	0	1	-1	-1	0	-1	-1	4	5	8,5	8,5	6	8,5	8,5	18	0,050000001	0,050000001	24	0,050000001	0,050000001	-1	-1	-1	0	0	0	0	1	tirpre16	1	0	0	
irpre17	1	A3015F	167	Премиум-карточка 16	301	300	167	11111	-1	-1	-1	0	5	5	5	0	0	0	0	1	-1	-1	0	-1	-1	4	5	9	9	6	9	9	18	0,050000001	0,050000001	24	0,050000001	0,050000001	-1	-1	-1	0	0	0	0	1	tirpre17	1	0	0	
irpre18	1	A3015F	167	Премиум-карточка 17	301	300	167	11111	-1	-1	-1	0	5	5	5	0	0	0	0	1	-1	-1	0	-1	-1	4	5	9,5	9,5	6	9,5	9,5	18	0,050000001	0,050000001	24	0,050000001	0,050000001	-1	-1	-1	0	0	0	0	1	tirpre18	1	0	0	
irpre19	1	A3015F	167	Премиум-карточка 18	301	300	167	11111	-1	-1	-1	0	5	5	5	0	0	0	0	1	-1	-1	0	-1	-1	4	5	10	10	6	10	10	18	0,050000001	0,050000001	24	0,050000001	0,050000001	-1	-1	-1	0	0	0	0	1	tirpre19	1	0	0	
irrtn01	1	A3018F	108	Благословленное Снаряжение MAU Восставшего	301	300	108	11000	-1	-1	-1	0	1	1	1	0	0	0	0	1	-1	-1	0	2	3686	2	29	4	4	-1	-1	-1	-1	-1	-1	-1	-1	-1	-1	-1	-1	0	0	0	0	1	tirrtn01	0	0	1	
iruge01	1	A30144	162	Сверкающий Рубин Удачи	301	300	162	11111	-1	-1	-1	0	1	1	1	0	0	0	0	1000	-1	-1	-1	-1	-1	0	-1	-1	-1	-1	-1	-1	-1	-1	-1	-1	-1	-1	-1	-1	-1	0	0	0	1	1	tiruge01	1	0	0	
iruge02	1	A30145	163	Сверкающий Алмаз Удачи	301	300	163	11111	-1	-1	-1	0	1	1	1	0	0	0	0	1000	-1	-1	-1	-1	-1	0	-1	-1	-1	-1	-1	-1	-1	-1	-1	-1	-1	-1	-1	-1	-1	0	0	0	1	1	tiruge02	1	0	0	
iruge03	1	A30146	164	Сверкающий Топаз Удачи	301	300	164	11111	-1	-1	-1	0	1	1	1	0	0	0	0	1000	-1	-1	-1	-1	-1	0	-1	-1	-1	-1	-1	-1	-1	-1	-1	-1	-1	-1	-1	-1	-1	0	0	0	1	1	tiruge03	1	0	0	
iruge04	1	A30147	165	Сверкающий Обсидиан Удачи	301	300	165	11111	-1	-1	-1	0	1	1	1	0	0	0	0	1000	-1	-1	-1	-1	-1	0	-1	-1	-1	-1	-1	-1	-1	-1	-1	-1	-1	-1	-1	-1	-1	0	0	0	1	1	tiruge04	1	0	0	
ircha01	1	A30180	150	Медальон_Прозрения_30_дней	301	300	94	11111	-1	-1	-1	0	1	1	1	1	0	0	0	0	-1	-1	0	2	3672	1	76	1	1	-1	-1	-1	-1	-1	-1	-1	-1	-1	-1	-1	-1	1	0	0	1	1	tircha01	1	0	1	
ircha02	1	A30181	151	Медальон_Скорости_30_дней	301	300	95	11111	-1	-1	-1	0	1	1	1	1	0	0	0	0	-1	-1	0	2	3673	1	41	1	1	-1	-1	-1	-1	-1	-1	-1	-1	-1	-1	-1	-1	1	0	0	1	1	tircha02	1	0	1	
ircha03	1	A30184	152	Медальон_Лидера_30_дней	301	300	98	11111	-1	-1	-1	0	1	1	1	1	0	0	0	0	-1	-1	0	2	3676	1	53	1	5	-1	-1	-1	-1	-1	-1	-1	-1	-1	-1	-1	-1	1	0	0	1	1	tircha03	1	0	1	
ircha04	1	A30187	153	Священный_Медальон_30_дней	301	300	101	11111	-1	-1	-1	0	1	1	1	1	0	0	0	0	-1	-1	0	2	3679	1	77	0,300000012	0,300000012	-1	-1	-1	-1	-1	-1	-1	-1	-1	-1	-1	-1	1	0	0	1	1	tircha04	1	0	1	
ircha05	1	A30188	154	Медальон_Регенерации_30_дней	301	300	102	11111	-1	-1	-1	0	1	1	1	1	0	0	0	0	-1	-1	0	2	3680	1	12	0,01	0,050000001	-1	-1	-1	-1	-1	-1	-1	-1	-1	-1	-1	-1	1	0	0	1	1	tircha05	1	0	1	
ircha06	1	830189	155	Медальон_Согласия_30_дней	301	300	103	00110	-1	-1	-1	0	1	1	1	1	0	0	0	0	-1	-1	0	2	3681	1	33	0,100000001	0,5	-1	-1	-1	-1	-1	-1	-1	-1	-1	-1	-1	-1	1	0	0	1	1	tircha06	1	0	1	
ircha07	1	A3018A	156	Генератор_Атаки_30_дней	301	300	104	11111	-1	-1	-1	0	1	1	1	1	0	0	0	0	-1	-1	0	0	3682	1	18	0,039999999	0,200000003	-1	-1	-1	-1	-1	-1	-1	-1	-1	-1	-1	-1	1	0	0	1	1	tircha07	1	0	1	
ircha08	1	A3018B	157	Генератор_Защиты_30_дней	301	300	105	11111	-1	-1	-1	0	1	1	1	1	0	0	0	0	-1	-1	0	1	3683	1	24	0,039999999	0,200000003	-1	-1	-1	-1	-1	-1	-1	-1	-1	-1	-1	-1	1	0	0	1	1	tircha08	1	0	1	
ircha09	1	A3018D	158	Генератор_Совершенства_30_дней	301	300	107	11111	-1	-1	-1	0	1	1	1	1	0	0	0	0	-1	-1	0	2	3685	2	48	7	21	78	10	30	-1	-1	-1	-1	-1	-1	-1	-1	-1	1	0	0	1	1	tircha09	1	0	1	
ircha10	1	73018E	159	Генератор_MAU_30_дней	301	300	108	11000	-1	-1	-1	0	1	1	1	1	0	0	0	0	-1	-1	0	2	3686	1	29	0,100000001	0,5	-1	-1	-1	-1	-1	-1	-1	-1	-1	-1	-1	-1	1	0	0	1	1	tircha10	1	0	1	
ircha11	1	A3018F	160	Генератор_Агрессии_30_дней	301	300	109	11111	-1	-1	-1	0	1	1	1	1	0	0	0	0	-1	-1	0	2	3687	1	28	5	5	-1	-1	-1	-1	-1	-1	-1	-1	-1	-1	-1	-1	1	0	0	1	1	tircha11	1	0	1	
ircha12	1	A30190	161	Генератор_Спокойствия_30_дней	301	300	110	11111	-1	-1	-1	0	1	1	1	1	0	0	0	0	-1	-1	0	2	3688	1	28	-5	-5	-1	-1	-1	-1	-1	-1	-1	-1	-1	-1	-1	-1	1	0	0	1	1	tircha12	1	0	1	
ircha13	1	A30180	150	Медальон Прозрения 14 дней	301	300	94	11111	-1	-1	-1	0	1	1	1	1	0	0	0	0	-1	-1	0	2	3672	1	76	1	1	-1	-1	-1	-1	-1	-1	-1	-1	-1	-1	-1	-1	1	0	0	1	1	tircha13	1	0	1	
ircha14	1	A30181	151	Медальон Скорости 14 дней	301	300	95	11111	-1	-1	-1	0	1	1	1	1	0	0	0	0	-1	-1	0	2	3673	1	41	1	1	-1	-1	-1	-1	-1	-1	-1	-1	-1	-1	-1	-1	1	0	0	1	1	tircha14	1	0	1	
ircha15	1	A30184	152	Медальон Лидера 14 дней	301	300	98	11111	-1	-1	-1	0	1	1	1	1	0	0	0	0	-1	-1	0	2	3676	1	53	1	5	-1	-1	-1	-1	-1	-1	-1	-1	-1	-1	-1	-1	1	0	0	1	1	tircha15	1	0	1	
ircha16	1	A30187	153	Священный Медальон 14 дней	301	300	101	11111	-1	-1	-1	0	1	1	1	1	0	0	0	0	-1	-1	0	2	3679	1	77	0,300000012	0,300000012	-1	-1	-1	-1	-1	-1	-1	-1	-1	-1	-1	-1	1	0	0	1	1	tircha16	1	0	1	
ircha17	1	A30188	154	Медальон Регенерации 14 дней	301	300	102	11111	-1	-1	-1	0	1	1	1	1	0	0	0	0	-1	-1	0	2	3680	1	12	0,01	0,050000001	-1	-1	-1	-1	-1	-1	-1	-1	-1	-1	-1	-1	1	0	0	1	1	tircha17	1	0	1	
ircha18	1	830189	155	Медальон Согласия 14 дней	301	300	103	00110	-1	-1	-1	0	1	1	1	1	0	0	0	0	-1	-1	0	2	3681	1	33	0,100000001	0,5	-1	-1	-1	-1	-1	-1	-1	-1	-1	-1	-1	-1	1	0	0	1	1	tircha18	1	0	1	
ircha19	1	A3018A	156	Генератор атаки 14 дней	301	300	104	11111	-1	-1	-1	0	1	1	1	1	0	0	0	0	-1	-1	0	0	3682	1	18	0,039999999	0,200000003	-1	-1	-1	-1	-1	-1	-1	-1	-1	-1	-1	-1	1	0	0	1	1	tircha19	1	0	1	
ircha20	1	A3018B	157	Генератор защиты 14 дней	301	300	105	11111	-1	-1	-1	0	1	1	1	1	0	0	0	0	-1	-1	0	1	3683	1	24	0,039999999	0,200000003	-1	-1	-1	-1	-1	-1	-1	-1	-1	-1	-1	-1	1	0	0	1	1	tircha20	1	0	1	
ircha21	1	A3018D	158	Генератор совершенства 14 дней 	301	300	107	11111	-1	-1	-1	0	1	1	1	1	0	0	0	0	-1	-1	0	2	3685	2	48	7	21	78	10	30	-1	-1	-1	-1	-1	-1	-1	-1	-1	1	0	0	1	1	tircha21	1	0	1	
ircha22	1	73018E	159	Генератор MAU 14 дней	301	300	108	11000	-1	-1	-1	0	1	1	1	1	0	0	0	0	-1	-1	0	2	3686	1	29	0,100000001	0,5	-1	-1	-1	-1	-1	-1	-1	-1	-1	-1	-1	-1	1	0	0	1	1	tircha22	1	0	1	
ircha23	1	A3018F	160	Генератор Агрессии 14 дней	301	300	109	11111	-1	-1	-1	0	1	1	1	1	0	0	0	0	-1	-1	0	2	3687	1	28	5	5	-1	-1	-1	-1	-1	-1	-1	-1	-1	-1	-1	-1	1	0	0	1	1	tircha23	1	0	1	
ircha24	1	A30190	161	Генератор Спокойствия 14 дней	301	300	110	11111	-1	-1	-1	0	1	1	1	1	0	0	0	0	-1	-1	0	2	3688	1	28	-5	-5	-1	-1	-1	-1	-1	-1	-1	-1	-1	-1	-1	-1	1	0	0	1	1	tircha24	1	0	1	
ircha25	1	A30181	151	Медальон Скорости [Высокого Качества  14 дней	301	300	95	11111	-1	-1	-1	0	1	1	1	1	0	0	0	0	-1	-1	0	2	3673	1	41	3	3	-1	-1	-1	-1	-1	-1	-1	-1	-1	-1	-1	-1	1	0	0	1	1	tircha25	1	0	1	
ircha26	1	A30184	152	Медальон Лидера [Высокого Качества  14 дней	301	300	98	11111	-1	-1	-1	0	1	1	1	1	0	0	0	0	-1	-1	0	2	3676	1	53	5	5	-1	-1	-1	-1	-1	-1	-1	-1	-1	-1	-1	-1	1	0	0	1	1	tircha26	1	0	1	
ircha27	1	A30187	153	Священный Медальон [Высокого Качества  14 дней 	301	300	101	11111	-1	-1	-1	0	1	1	1	1	0	0	0	0	-1	-1	0	2	3679	1	77	0,5	0,5	-1	-1	-1	-1	-1	-1	-1	-1	-1	-1	-1	-1	1	0	0	1	1	tircha27	1	0	1	
ircha28	1	A30188	154	Медальон Регенерации [Высокого Качества  14 дней 	301	300	102	11111	-1	-1	-1	0	1	1	1	1	0	0	0	0	-1	-1	0	2	3680	1	12	0,050000001	0,050000001	-1	-1	-1	-1	-1	-1	-1	-1	-1	-1	-1	-1	1	0	0	1	1	tircha28	1	0	1	
ircha29	1	830189	155	Медальон Согласия [Высокого Качества  14 дней 	301	300	103	00110	-1	-1	-1	0	1	1	1	1	0	0	0	0	-1	-1	0	2	3681	1	33	0,5	0,5	-1	-1	-1	-1	-1	-1	-1	-1	-1	-1	-1	-1	1	0	0	1	1	tircha29	1	0	1	
ircha30	1	A3018A	156	Генератор атаки [Высокого Качества  14 дней	301	300	104	11111	-1	-1	-1	0	1	1	1	1	0	0	0	0	-1	-1	0	0	3682	1	18	0,200000003	0,200000003	-1	-1	-1	-1	-1	-1	-1	-1	-1	-1	-1	-1	1	0	0	1	1	tircha30	1	0	1	
ircha31	1	A3018B	157	Генератор защиты [Высокого Качества  14 дней	301	300	105	11111	-1	-1	-1	0	1	1	1	1	0	0	0	0	-1	-1	0	1	3683	1	24	0,200000003	0,200000003	-1	-1	-1	-1	-1	-1	-1	-1	-1	-1	-1	-1	1	0	0	1	1	tircha31	1	0	1	
ircha32	1	A3018D	158	Генератор совершенства [Высокого Качества  14 дней	301	300	107	11111	-1	-1	-1	0	1	1	1	1	0	0	0	0	-1	-1	0	2	3685	2	48	21	21	78	30	30	-1	-1	-1	-1	-1	-1	-1	-1	-1	1	0	0	1	1	tircha32	1	0	1	
ircha33	1	73018E	159	Генератор MAU [Высокого Качества  14 дней	301	300	108	11000	-1	-1	-1	0	1	1	1	1	0	0	0	0	-1	-1	0	2	3686	1	29	0,5	0,5	-1	-1	-1	-1	-1	-1	-1	-1	-1	-1	-1	-1	1	0	0	1	1	tircha33	1	0	1	
ircha34	1	A3018F	160	Генератор Агрессии [Высокого Качества  14 дней	301	300	109	11111	-1	-1	-1	0	1	1	1	1	0	0	0	0	-1	-1	0	2	3687	1	28	15	15	-1	-1	-1	-1	-1	-1	-1	-1	-1	-1	-1	-1	1	0	0	1	1	tircha34	1	0	1	
ircha35	1	A30190	161	Генератор Спокойствия [Высокого Качества  14 дней	301	300	110	11111	-1	-1	-1	0	1	1	1	1	0	0	0	0	-1	-1	0	2	3688	1	28	-15	-15	-1	-1	-1	-1	-1	-1	-1	-1	-1	-1	-1	-1	1	0	0	1	1	tircha35	1	0	1	
ircha36	1	A30181	151	Медальон Скорости [Среднего Качества  14 дней	301	300	95	11111	-1	-1	-1	0	1	1	1	1	0	0	0	0	-1	-1	0	2	3673	1	41	2	2	-1	-1	-1	-1	-1	-1	-1	-1	-1	-1	-1	-1	1	0	0	1	1	tircha36	1	0	1	
ircha37	1	A30184	152	Медальон Лидера [Среднего Качества  14 дней 	301	300	98	11111	-1	-1	-1	0	1	1	1	1	0	0	0	0	-1	-1	0	2	3676	1	53	3	5	-1	-1	-1	-1	-1	-1	-1	-1	-1	-1	-1	-1	1	0	0	1	1	tircha37	1	0	1	
ircha38	1	A30187	153	Священный Медальон [Среднего Качества  14 дней	301	300	101	11111	-1	-1	-1	0	1	1	1	1	0	0	0	0	-1	-1	0	2	3679	1	77	0,400000006	0,400000006	-1	-1	-1	-1	-1	-1	-1	-1	-1	-1	-1	-1	1	0	0	1	1	tircha38	1	0	1	
ircha39	1	A30188	154	Медальон Регенерации [Среднего Качества  14 дней 	301	300	102	11111	-1	-1	-1	0	1	1	1	1	0	0	0	0	-1	-1	0	2	3680	1	12	0,029999999	0,050000001	-1	-1	-1	-1	-1	-1	-1	-1	-1	-1	-1	-1	1	0	0	1	1	tircha39	1	0	1	
ircha40	1	830189	155	Медальон Согласия [Среднего Качества  14 дней	301	300	103	00110	-1	-1	-1	0	1	1	1	1	0	0	0	0	-1	-1	0	2	3681	1	33	0,300000012	0,5	-1	-1	-1	-1	-1	-1	-1	-1	-1	-1	-1	-1	1	0	0	1	1	tircha40	1	0	1	
ircha41	1	A3018A	156	Генератор атаки [Среднего Качества  14 дней	301	300	104	11111	-1	-1	-1	0	1	1	1	1	0	0	0	0	-1	-1	0	0	3682	1	18	0,100000001	0,200000003	-1	-1	-1	-1	-1	-1	-1	-1	-1	-1	-1	-1	1	0	0	1	1	tircha41	1	0	1	
ircha42	1	A3018B	157	Генератор защиты [Среднего Качества  14 дней	301	300	105	11111	-1	-1	-1	0	1	1	1	1	0	0	0	0	-1	-1	0	1	3683	1	24	0,100000001	0,200000003	-1	-1	-1	-1	-1	-1	-1	-1	-1	-1	-1	-1	1	0	0	1	1	tircha42	1	0	1	
ircha43	1	A3018D	158	Генератор совершенства [Среднего Качества  14 дней	301	300	107	11111	-1	-1	-1	0	1	1	1	1	0	0	0	0	-1	-1	0	2	3685	2	48	14	21	78	20	30	-1	-1	-1	-1	-1	-1	-1	-1	-1	1	0	0	1	1	tircha43	1	0	1	
ircha44	1	73018E	159	Генератор MAU [Среднего Качества  14 дней	301	300	108	11000	-1	-1	-1	0	1	1	1	1	0	0	0	0	-1	-1	0	2	3686	1	29	0,300000012	0,5	-1	-1	-1	-1	-1	-1	-1	-1	-1	-1	-1	-1	1	0	0	1	1	tircha44	1	0	1	
ircha45	1	A3018F	160	Генератор Агрессии [Среднего Качества  14 дней 	301	300	109	11111	-1	-1	-1	0	1	1	1	1	0	0	0	0	-1	-1	0	2	3687	1	28	10	10	-1	-1	-1	-1	-1	-1	-1	-1	-1	-1	-1	-1	1	0	0	1	1	tircha45	1	0	1	
ircha46	1	A30190	161	Генератор Спокойствия [Среднего Качества  14 дней	301	300	110	11111	-1	-1	-1	0	1	1	1	1	0	0	0	0	-1	-1	0	2	3688	1	28	-10	-10	-1	-1	-1	-1	-1	-1	-1	-1	-1	-1	-1	-1	1	0	0	1	1	tircha46	1	0	1	
ircja01	1	A30163	73	Изумруд Боевого Опыта [Среднего Качества  	301	300	73	11111	-1	-1	-1	0	1	1	1	0	0	0	0	1000	-1	-1	0	3	3667	1	2	0,5	1	-1	-1	-1	-1	-1	-1	-1	-1	-1	-1	-1	-1	1	0	0	1	1	tircja01	1	0	1	
ircja02	1	A30164	74	Изумруд Поддержки [Среднего Качества  	301	300	74	11111	-1	-1	-1	0	1	1	1	0	0	0	0	1000	-1	-1	0	3	3668	1	4	2	5	-1	-1	-1	-1	-1	-1	-1	-1	-1	-1	-1	-1	1	0	0	1	1	tircja02	1	0	1	
ircja03	1	A30163	73	Изумруд Боевого Опыта [Среднего Качества  	301	300	73	11111	-1	-1	-1	0	1	1	1	0	0	0	0	1000	-1	-1	0	3	3667	1	2	0,5	1	-1	-1	-1	-1	-1	-1	-1	-1	-1	-1	-1	-1	1	0	0	1	1	tircja03	1	0	1	
ircja04	1	A30164	74	Изумруд Поддержки [Среднего Качества  	301	300	74	11111	-1	-1	-1	0	1	1	1	0	0	0	0	1000	-1	-1	0	3	3668	1	4	2	5	-1	-1	-1	-1	-1	-1	-1	-1	-1	-1	-1	-1	1	0	0	1	1	tircja04	1	0	1	
ircja05	1	A30163	73	Изумруд Боевого Опыта [Высокого Качества  	301	300	73	11111	-1	-1	-1	0	1	1	1	0	0	0	0	1000	-1	-1	0	3	3667	1	2	1	1	-1	-1	-1	-1	-1	-1	-1	-1	-1	-1	-1	-1	1	0	0	1	1	tircja05	1	0	1	
ircja06	1	A30164	74	Изумруд Поддержки [Высокого Качества  	301	300	74	11111	-1	-1	-1	0	1	1	1	0	0	0	0	1000	-1	-1	0	3	3668	1	4	3	5	-1	-1	-1	-1	-1	-1	-1	-1	-1	-1	-1	-1	1	0	0	1	1	tircja06	1	0	1	
ircja07	1	A30163	73	Изумруд Боевого Опыта [Высокого Качества  	301	300	73	11111	-1	-1	-1	0	1	1	1	0	0	0	0	1000	-1	-1	0	3	3667	1	2	1	1	-1	-1	-1	-1	-1	-1	-1	-1	-1	-1	-1	-1	1	0	0	1	1	tircja07	1	0	1	
ircja08	1	A30164	74	Изумруд Поддержки [Высокого Качества  	301	300	74	11111	-1	-1	-1	0	1	1	1	0	0	0	0	1000	-1	-1	0	3	3668	1	4	3	5	-1	-1	-1	-1	-1	-1	-1	-1	-1	-1	-1	-1	1	0	0	1	1	tircja08	1	0	1	
irpre20	1	A301FF	86	Премиум Карта Новичка	301	300	86	11111	-1	-1	-1	0	5	5	5	0	0	0	0	1	-1	-1	0	-1	-1	2	5	1	1	6	1	1	-1	-1	-1	-1	-1	-1	-1	-1	-1	0	0	0	0	1	tirpre20	0	0	1	
irpch01	1	A30190	95	Заклинание скорости	301	300	95	11111	-1	-1	-1	0	1	1	1	1	0	0	0	0	-1	-1	0	2	3673	1	41	1	1	-1	-1	-1	-1	-1	-1	-1	-1	-1	-1	-1	-1	1	0	0	0	1	tirpch01	1	0	0	
irpch02	1	A30190	98	Заклинание лидера	301	300	98	11111	-1	-1	-1	0	1	1	1	1	0	0	0	0	-1	-1	0	2	3676	1	53	1	5	-1	-1	-1	-1	-1	-1	-1	-1	-1	-1	-1	-1	1	0	0	0	1	tirpch02	1	0	0	
irpch03	1	A30190	101	Священное заклинание	301	300	101	11111	-1	-1	-1	0	1	1	1	1	0	0	0	0	-1	-1	0	2	3679	1	77	0,300000012	0,300000012	-1	-1	-1	-1	-1	-1	-1	-1	-1	-1	-1	-1	1	0	0	0	1	tirpch03	1	0	0	
irpch04	1	A30190	102	Заклинание воскрешения	301	300	102	11111	-1	-1	-1	0	1	1	1	1	0	0	0	0	-1	-1	0	2	3680	1	12	0,01	0,050000001	-1	-1	-1	-1	-1	-1	-1	-1	-1	-1	-1	-1	1	0	0	0	1	tirpch04	1	0	0	
ircys01	1	A30190	21	Кристальная Таллика Невежества	301	300	21	11111	-1	-1	-1	0	1	1	1	0	0	0	0	0	-1	-1	0	-1	-1	0	-1	-1	-1	-1	-1	-1	-1	-1	-1	-1	-1	-1	-1	-1	-1	1	0	0	1	1	tircys01	1	0	0	
ircys02	1	A30190	26	Кристальная Таллика Покровительства	301	300	26	11111	-1	-1	-1	0	1	1	1	0	0	0	0	0	-1	-1	0	-1	-1	0	-1	-1	-1	-1	-1	-1	-1	-1	-1	-1	-1	-1	-1	-1	-1	1	0	0	1	1	tircys02	1	0	0	
ircys03	1	A30190	21	Кристальная Таллика Невежества [Тип B]	301	300	21	11111	-1	-1	-1	0	1	1	1	0	0	0	0	0	-1	-1	0	-1	-1	0	-1	-1	-1	-1	-1	-1	-1	-1	-1	-1	-1	-1	-1	-1	-1	1	0	0	1	1	tircys03	1	0	0	
ircys04	1	A30190	26	Кристальная Таллика Покровительства [Тип B]	301	300	26	11111	-1	-1	-1	0	1	1	1	0	0	0	0	0	-1	-1	0	-1	-1	0	-1	-1	-1	-1	-1	-1	-1	-1	-1	-1	-1	-1	-1	-1	-1	1	0	0	1	1	tircys04	1	0	0	
ircys05	1	A30190	21	Кристальная Таллика Невежества [Тип C]	301	300	21	11111	-1	-1	-1	0	1	1	1	0	0	0	0	0	-1	-1	0	-1	-1	0	-1	-1	-1	-1	-1	-1	-1	-1	-1	-1	-1	-1	-1	-1	-1	1	0	0	1	1	tircys05	1	0	0	
ircys06	1	A30190	26	Кристальная Таллика Покровительства [Тип C]	301	300	26	11111	-1	-1	-1	0	1	1	1	0	0	0	0	0	-1	-1	0	-1	-1	0	-1	-1	-1	-1	-1	-1	-1	-1	-1	-1	-1	-1	-1	-1	-1	1	0	0	1	1	tircys06	1	0	0	
ircja09	1	A30131	50	Изумруд_Общения_[2_часа	301	300	50	11111	-1	-1	-1	1	1	1	1	0	0	0	0	500	-1	-1	0	3	3700	1	3	1	1	-1	-1	-1	-1	-1	-1	-1	-1	-1	-1	-1	-1	1	0	0	1	1	tircja09	1	0	1	
ircja10	1	A30131	50	Изумруд_Общения_[6_часов	301	300	50	11111	-1	-1	-1	1	1	1	1	0	0	0	0	500	-1	-1	0	3	3700	1	3	1	1	-1	-1	-1	-1	-1	-1	-1	-1	-1	-1	-1	-1	1	0	0	1	1	tircja10	1	0	1	
ircja11	1	A30131	50	Изумруд_Общения_[24_часа	301	300	50	11111	-1	-1	-1	1	1	1	1	0	0	0	0	500	-1	-1	0	3	3700	1	3	1	1	-1	-1	-1	-1	-1	-1	-1	-1	-1	-1	-1	-1	1	0	0	1	1	tircja11	1	0	1	
